Observations nb: 100000

layer 0, chan 0: 90687 5221 1707 799 461 277 192 148 102 94 62 45 28 32 17 21 17 10 9 8 7 6 
layer 0, chan 1: 90801 5195 1627 820 468 264 186 132 112 81 51 50 41 27 25 16 16 14 11 11 2 7 
layer 0, chan 2: 90997 5059 1619 770 435 275 194 121 115 80 71 50 35 42 20 20 19 8 8 9 9 3 
layer 0, chan 3: 90879 5160 1657 768 437 313 187 126 109 68 48 49 35 24 21 15 16 16 7 8 5 6 
layer 0, chan 4: 90946 5099 1618 791 442 264 201 132 89 79 56 41 54 24 29 18 19 9 13 12 10 15 
layer 0, chan 5: 91033 5174 1577 755 424 267 182 144 88 81 49 30 38 22 27 19 11 13 13 9 8 7 
layer 0, chan 6: 91022 5065 1622 796 443 258 176 133 100 70 46 68 41 27 21 16 14 16 10 8 8 10 
layer 0, chan 7: 91014 5102 1594 802 434 285 194 107 79 79 62 47 30 30 23 11 16 15 15 8 3 9 
layer 0, chan 8: 90826 5223 1624 764 479 283 162 150 111 67 60 56 37 37 13 11 18 11 6 12 10 5 
layer 0, chan 9: 91012 5177 1636 727 392 268 197 118 95 69 60 36 40 22 25 27 17 12 10 12 3 7 
layer 0, chan 10: 90997 5034 1681 733 439 288 200 130 101 93 59 47 24 21 22 24 20 17 14 7 7 7 
layer 0, chan 11: 90861 5151 1710 769 440 303 178 123 98 90 51 34 30 34 26 15 14 13 10 7 5 0 
layer 0, chan 12: 90826 5213 1624 760 461 280 184 152 107 73 49 39 37 29 23 21 16 16 19 14 12 7 
layer 0, chan 13: 90807 5210 1647 762 456 280 193 130 84 109 51 46 49 38 19 24 13 15 9 9 11 8 
layer 0, chan 14: 91115 5056 1609 736 427 286 162 126 101 74 67 47 36 27 20 13 17 15 7 4 7 9 
layer 0, chan 15: 91000 5065 1590 777 481 274 194 124 108 86 71 40 25 28 23 16 11 13 6 8 7 7 
layer 0, chan 16: 90797 5182 1684 804 432 251 209 144 110 84 63 47 37 29 12 18 15 10 8 5 6 6 
layer 0, chan 17: 90845 5214 1691 730 458 276 198 143 79 69 45 50 28 24 24 23 18 17 10 11 4 2 
layer 0, chan 18: 91056 5075 1519 786 465 292 189 139 114 70 58 47 44 20 22 18 21 12 11 4 5 3 
layer 0, chan 19: 90813 5216 1690 732 442 295 171 135 85 86 49 49 31 41 23 22 16 18 13 7 6 7 
layer 0, chan 20: 91044 5107 1563 769 471 277 168 130 109 66 55 33 39 23 21 17 28 14 14 8 8 8 
layer 0, chan 21: 90818 5178 1647 765 453 286 221 138 96 79 64 61 31 23 19 24 9 10 10 12 6 6 
layer 0, chan 22: 90897 5140 1633 804 426 277 199 135 101 86 55 46 35 32 22 19 13 10 11 6 11 2 
layer 0, chan 23: 90716 5249 1622 788 469 301 188 157 93 84 63 41 41 28 34 29 13 15 11 11 6 3 
layer 0, chan 24: 90869 5163 1621 796 434 302 196 118 108 75 55 50 34 29 22 17 24 14 11 9 10 3 
layer 0, chan 25: 90981 5053 1647 762 444 271 200 125 110 85 62 44 35 31 31 19 15 10 10 9 6 9 
layer 0, chan 26: 90898 5127 1662 759 484 285 185 126 80 85 55 50 31 37 26 21 12 10 9 12 3 9 
layer 0, chan 27: 90898 5141 1649 815 422 287 169 128 96 86 60 48 35 25 20 22 16 8 12 5 5 9 
layer 0, chan 28: 90929 5095 1612 806 472 277 225 127 96 72 48 44 30 26 22 17 14 15 11 8 5 7 
layer 0, chan 29: 90815 5258 1674 771 405 280 187 140 96 75 59 38 39 31 26 15 11 14 10 10 6 4 
layer 0, chan 30: 90787 5208 1641 801 454 301 173 147 98 69 54 34 39 37 26 20 16 12 12 12 13 6 
layer 0, chan 31: 91031 5033 1653 798 428 258 181 135 91 82 49 45 34 29 23 20 25 22 5 10 6 7 
layer 0, chan 32: 90864 5226 1623 764 442 292 206 145 85 70 47 37 30 27 21 18 18 15 15 6 8 4 
layer 0, chan 33: 90821 5192 1702 761 462 303 190 132 71 78 56 47 33 20 13 17 16 9 10 7 7 4 
layer 0, chan 34: 90985 5051 1606 819 435 304 211 125 93 81 47 35 39 38 18 19 9 13 11 12 4 6 
layer 0, chan 35: 90885 5126 1614 798 457 307 198 132 106 75 56 54 41 24 24 16 16 10 6 6 9 3 
layer 0, chan 36: 90949 5128 1617 758 465 254 182 139 117 76 73 58 29 27 19 22 10 5 8 9 7 7 
layer 0, chan 37: 90948 5136 1633 738 433 295 194 137 105 75 60 42 30 29 23 17 15 12 12 10 7 8 
layer 0, chan 38: 90837 5121 1666 803 468 283 203 140 83 74 65 48 37 30 25 23 14 7 8 12 10 5 
layer 0, chan 39: 90932 5152 1668 789 404 267 194 136 113 58 56 32 30 31 25 21 20 11 8 8 7 6 
layer 0, chan 40: 90959 5140 1566 798 434 298 197 122 103 72 54 51 31 32 31 16 17 8 10 4 9 7 
layer 0, chan 41: 90953 5173 1618 748 410 275 210 124 100 79 58 44 27 30 33 30 15 15 8 8 7 5 
layer 0, chan 42: 90998 5055 1576 810 474 292 173 140 80 68 68 48 36 29 17 27 17 9 17 7 10 3 
layer 0, chan 43: 91070 5057 1585 822 407 251 192 119 103 61 62 54 43 38 28 9 20 15 13 9 8 5 
layer 0, chan 44: 90844 5242 1641 755 425 288 183 124 101 91 54 47 32 32 21 22 10 11 14 3 3 5 
layer 0, chan 45: 90934 5134 1638 756 462 265 178 130 109 76 54 39 34 31 16 21 23 7 12 13 5 12 
layer 0, chan 46: 90824 5140 1701 791 459 290 160 150 108 82 59 48 30 38 28 20 12 10 5 9 4 6 
layer 0, chan 47: 90849 5105 1670 793 443 296 192 149 109 72 58 46 42 19 33 20 19 18 13 8 9 7 
layer 0, chan 48: 90865 5214 1622 748 471 287 202 123 103 70 51 57 33 21 16 26 6 16 7 9 8 11 
layer 0, chan 49: 90918 5112 1611 833 448 265 186 136 100 92 65 36 40 21 17 14 19 14 11 7 9 5 
layer 0, chan 50: 90729 5209 1662 836 471 282 200 109 96 83 58 47 39 30 21 19 17 18 12 12 6 3 
layer 0, chan 51: 90769 5353 1625 747 453 292 175 132 70 75 77 57 31 25 16 13 14 12 12 10 5 6 
layer 0, chan 52: 90900 5098 1628 788 475 292 198 130 97 84 48 46 40 33 19 14 18 15 17 11 8 7 
layer 0, chan 53: 91024 5069 1629 784 455 265 187 109 106 84 52 38 40 21 17 23 13 7 4 14 7 9 
layer 0, chan 54: 90806 5141 1625 829 468 322 205 126 100 67 59 44 31 29 22 20 15 15 7 7 13 9 
layer 0, chan 55: 91018 5054 1628 780 438 295 176 148 95 59 64 45 30 36 20 16 22 15 7 6 7 7 
layer 0, chan 56: 90961 5085 1585 771 473 301 196 134 106 77 64 50 37 24 23 16 19 10 8 10 6 9 
layer 0, chan 57: 90777 5223 1677 782 447 238 195 136 113 68 69 52 41 28 23 29 21 12 10 8 11 3 
layer 0, chan 58: 91239 4926 1682 685 431 262 177 130 98 87 44 53 41 29 10 18 15 13 10 7 7 2 
layer 0, chan 59: 90890 5112 1653 858 437 269 171 140 96 85 48 55 35 21 25 16 13 14 12 5 1 9 
layer 0, chan 60: 90862 5183 1611 798 431 286 213 120 107 85 47 41 37 32 28 18 16 7 15 6 8 5 
layer 0, chan 61: 90920 5156 1660 736 437 304 179 142 98 78 57 40 37 31 18 16 11 15 11 10 8 5 
layer 0, chan 62: 90866 5149 1613 796 468 283 187 155 97 80 55 37 39 34 24 21 15 11 9 4 6 6 
layer 0, chan 63: 91062 5105 1577 755 441 273 193 113 97 64 65 41 41 26 28 20 12 15 12 11 9 8 
layer 1, chan 0: 82398 8790 3114 1594 942 614 476 358 269 221 160 146 116 102 68 55 61 53 43 44 27 30 
layer 1, chan 1: 82451 8845 3065 1594 962 654 441 349 241 187 145 136 119 86 73 63 71 57 46 51 25 26 
layer 1, chan 2: 82807 8568 3011 1582 911 616 460 340 251 195 169 137 131 114 64 62 67 57 49 49 25 35 
layer 1, chan 3: 82554 8810 3070 1550 949 665 435 323 265 203 148 132 120 94 70 59 62 42 44 41 34 21 
layer 1, chan 4: 82675 8707 3072 1536 956 582 433 345 268 201 177 140 115 90 84 81 47 43 43 35 25 34 
layer 1, chan 5: 82845 8675 3019 1516 914 612 451 323 239 200 164 147 102 92 76 65 54 48 50 35 37 51 
layer 1, chan 6: 82685 8643 3047 1602 934 620 450 340 256 199 157 138 118 99 78 79 57 52 37 37 34 39 
layer 1, chan 7: 82783 8714 3011 1588 908 616 417 317 266 190 155 123 105 92 90 58 62 54 46 41 40 29 
layer 1, chan 8: 82625 8754 2997 1558 964 673 419 339 228 194 176 146 127 93 86 55 60 48 44 42 40 33 
layer 1, chan 9: 82768 8766 3099 1534 869 584 443 317 227 219 161 140 105 88 80 67 62 45 37 36 37 27 
layer 1, chan 10: 82834 8465 3046 1619 920 664 450 340 241 216 182 154 92 84 62 68 58 50 45 43 32 40 
layer 1, chan 11: 82748 8630 3090 1625 873 656 451 312 242 196 141 132 116 101 76 56 65 50 49 39 29 32 
layer 1, chan 12: 82509 8847 3054 1587 926 619 436 350 258 223 137 113 95 102 73 66 54 64 36 37 44 33 
layer 1, chan 13: 82583 8768 3004 1568 989 623 446 327 239 207 154 133 95 112 79 80 54 51 43 35 32 33 
layer 1, chan 14: 82796 8610 3073 1465 977 642 415 346 256 192 177 149 86 120 94 68 62 52 33 33 35 25 
layer 1, chan 15: 82674 8610 3040 1572 993 629 456 331 241 214 176 125 114 98 76 58 54 60 51 42 33 35 
layer 1, chan 16: 82491 8819 3077 1538 975 618 429 329 287 193 178 134 118 82 87 66 44 60 45 45 28 39 
layer 1, chan 17: 82606 8772 3053 1582 953 620 438 333 244 215 164 123 115 71 70 57 61 44 52 37 34 24 
layer 1, chan 18: 82632 8655 2959 1601 1035 657 467 329 271 213 169 138 109 84 81 62 65 40 52 39 40 23 
layer 1, chan 19: 82408 8971 3125 1540 922 636 432 309 236 194 166 144 99 96 82 71 44 60 49 36 24 25 
layer 1, chan 20: 82779 8616 2944 1609 958 661 452 323 254 193 161 118 113 102 82 70 62 59 48 42 44 28 
layer 1, chan 21: 82716 8673 2996 1552 963 636 465 308 263 225 167 128 110 69 73 58 74 53 44 50 35 39 
layer 1, chan 22: 82556 8676 3034 1608 974 658 436 338 278 221 157 156 115 87 63 66 53 63 44 46 38 25 
layer 1, chan 23: 82620 8661 3069 1554 959 688 428 351 239 206 165 127 93 94 70 71 65 51 50 33 38 29 
layer 1, chan 24: 82622 8725 3005 1635 935 651 451 314 268 186 168 127 109 90 80 63 48 43 36 34 42 25 
layer 1, chan 25: 82597 8697 3090 1610 915 606 456 302 272 189 171 136 115 100 84 53 55 48 49 47 48 24 
layer 1, chan 26: 82947 8547 3046 1499 934 615 429 318 244 204 149 153 120 112 61 63 59 56 45 44 38 36 
layer 1, chan 27: 82588 8741 3081 1685 908 675 394 295 247 220 140 137 90 89 81 67 58 49 55 28 39 31 
layer 1, chan 28: 82658 8673 3023 1573 970 638 478 285 279 217 167 134 88 72 71 61 67 56 58 42 36 21 
layer 1, chan 29: 82632 8743 3060 1566 910 633 415 344 271 208 152 147 105 100 72 71 54 58 42 41 34 37 
layer 1, chan 30: 82544 8687 3030 1596 983 656 454 353 255 196 185 106 128 99 83 69 60 48 58 34 34 28 
layer 1, chan 31: 82883 8632 2985 1583 952 594 442 318 253 187 153 127 97 90 74 73 62 61 52 32 33 29 
layer 1, chan 32: 99668 267 38 10 8 4 2 1 0 0 1 0 1 0 0 0 0 0 0 0 0 0 
layer 1, chan 33: 99670 261 42 13 7 2 0 1 1 0 0 0 0 0 0 0 1 0 0 0 1 1 
layer 1, chan 34: 99672 258 43 8 9 3 1 0 2 1 0 1 0 0 1 0 1 0 0 0 0 0 
layer 1, chan 35: 99702 231 46 12 5 1 0 1 0 1 1 0 0 0 0 0 0 0 0 0 0 0 
layer 1, chan 36: 99649 283 48 9 4 1 2 1 0 0 0 0 1 1 0 0 0 0 0 0 0 0 
layer 1, chan 37: 99664 272 38 11 6 3 2 0 0 0 3 0 0 0 0 1 0 0 0 0 0 0 
layer 1, chan 38: 99668 251 48 15 6 7 1 1 1 0 1 0 0 0 0 0 1 0 0 0 0 0 
layer 1, chan 39: 99677 244 46 15 4 5 1 1 2 0 2 0 2 0 0 1 0 0 0 0 0 0 
layer 1, chan 40: 99666 266 40 10 6 4 1 2 0 1 1 1 1 0 0 0 0 0 0 0 0 0 
layer 1, chan 41: 99687 247 41 9 4 8 0 1 2 0 0 0 0 0 0 0 0 0 0 1 0 0 
layer 1, chan 42: 99668 261 37 12 10 4 4 1 1 0 1 1 0 0 0 0 0 0 0 0 0 0 
layer 1, chan 43: 99655 280 28 20 5 4 1 5 1 0 0 0 0 0 0 1 0 0 0 0 0 0 
layer 1, chan 44: 99639 289 37 13 9 4 1 0 1 3 0 0 0 1 1 1 0 0 0 0 0 0 
layer 1, chan 45: 99627 292 39 17 8 2 3 3 1 2 1 2 0 0 1 1 0 0 0 0 0 0 
layer 1, chan 46: 99641 292 36 13 7 2 5 2 1 0 0 1 0 0 0 0 0 0 0 0 0 0 
layer 1, chan 47: 99638 291 43 12 7 4 1 2 1 0 1 0 0 0 0 0 0 0 0 0 0 0 
layer 1, chan 48: 99670 262 43 10 8 2 2 0 1 0 0 1 0 0 0 0 0 0 1 0 0 0 
layer 1, chan 49: 99694 243 35 10 6 3 4 1 0 0 1 1 0 0 1 0 0 1 0 0 0 0 
layer 1, chan 50: 99692 241 37 11 10 3 2 1 1 1 0 0 0 0 0 0 0 0 0 0 0 1 
layer 1, chan 51: 99660 263 45 15 5 4 1 3 1 0 0 0 0 1 0 0 0 0 1 0 0 0 
layer 1, chan 52: 99673 246 50 17 7 2 2 0 2 0 0 1 0 0 0 0 0 0 0 0 0 0 
layer 1, chan 53: 99671 260 42 9 5 3 3 1 0 1 1 0 0 0 0 0 2 0 0 0 0 0 
layer 1, chan 54: 99653 279 43 12 5 4 2 0 0 0 1 0 0 0 0 0 0 0 1 0 0 0 
layer 1, chan 55: 99654 272 33 17 12 6 4 1 0 0 1 0 0 0 0 0 0 0 0 0 0 0 
layer 1, chan 56: 99645 275 49 10 4 4 3 2 1 1 1 0 3 0 0 1 0 0 0 0 0 0 
layer 1, chan 57: 99683 246 40 11 10 2 2 0 2 1 0 0 0 1 0 1 0 0 0 1 0 0 
layer 1, chan 58: 99718 215 41 11 6 6 1 1 0 0 0 0 0 0 1 0 0 0 0 0 0 0 
layer 1, chan 59: 99662 272 35 16 7 2 1 3 0 2 0 0 0 0 0 0 0 0 0 0 0 0 
layer 1, chan 60: 99661 275 30 15 6 2 5 1 0 2 1 0 0 0 0 0 1 0 0 1 0 0 
layer 1, chan 61: 99667 271 36 14 4 4 1 2 0 0 0 0 0 0 0 1 0 0 0 0 0 0 
layer 1, chan 62: 99660 282 33 11 5 1 3 1 0 1 0 1 0 0 2 0 0 0 0 0 0 0 
layer 1, chan 63: 99678 249 41 12 7 5 3 2 1 1 0 0 1 0 0 0 0 0 0 0 0 0 
layer 2, chan 0: 67954 13009 5239 2928 1866 1339 1048 834 616 525 465 394 346 304 252 233 223 181 168 140 126 134 
layer 2, chan 1: 68114 12976 5152 3011 1889 1311 981 791 657 543 424 362 320 287 243 214 197 192 178 144 139 133 
layer 2, chan 2: 68436 12649 5091 2963 1853 1404 977 836 653 562 451 398 328 306 258 222 203 167 206 155 123 111 
layer 2, chan 3: 68067 12988 5314 2892 1912 1398 993 782 604 524 433 393 326 283 250 199 213 182 159 139 149 125 
layer 2, chan 4: 68506 12624 5123 2954 1903 1344 976 821 644 517 472 392 313 299 250 246 178 184 147 152 141 157 
layer 2, chan 5: 68568 12754 5028 2940 1839 1309 1087 804 616 558 437 374 327 300 264 186 206 171 185 131 133 151 
layer 2, chan 6: 68351 12710 4996 2990 1888 1383 1019 793 648 509 464 404 321 312 249 249 181 200 161 141 139 129 
layer 2, chan 7: 68430 12740 5131 2893 1866 1409 1041 806 615 490 470 365 315 286 275 221 191 162 165 145 137 134 
layer 2, chan 8: 68266 12887 5002 2969 1876 1369 1048 804 656 573 421 397 339 284 285 221 210 160 171 141 129 129 
layer 2, chan 9: 68419 12820 5243 2956 1779 1331 985 796 623 522 423 411 336 279 265 230 200 173 154 136 144 126 
layer 2, chan 10: 68812 12389 5193 2941 1877 1344 956 791 633 586 437 388 325 289 236 207 222 155 149 154 133 122 
layer 2, chan 11: 68397 12750 5148 3005 1846 1375 1031 773 644 548 407 398 314 277 237 272 203 178 194 156 128 124 
layer 2, chan 12: 68261 12741 5129 3004 1911 1451 984 767 648 560 438 363 320 289 254 228 188 191 157 164 124 121 
layer 2, chan 13: 68264 12813 5163 2969 1888 1386 984 787 633 524 482 352 325 289 285 202 199 185 173 163 126 104 
layer 2, chan 14: 68449 12602 5113 2895 1950 1326 1018 801 659 550 481 355 321 323 289 239 195 200 173 159 128 101 
layer 2, chan 15: 68614 12530 5063 2954 1952 1408 996 794 623 519 444 342 303 313 254 213 210 197 167 164 137 140 
layer 2, chan 16: 98420 1071 218 115 58 32 20 18 12 4 8 5 1 4 1 4 1 3 0 0 1 1 
layer 2, chan 17: 98419 1078 238 107 57 21 22 20 5 11 6 3 2 0 2 1 1 0 2 0 0 0 
layer 2, chan 18: 98447 1088 192 112 44 33 22 18 9 8 4 6 2 1 0 2 0 3 1 2 1 0 
layer 2, chan 19: 98468 1028 220 89 58 41 28 14 13 9 8 0 1 5 3 1 3 0 2 1 1 1 
layer 2, chan 20: 98441 1053 245 97 48 24 27 12 12 10 7 3 6 1 4 3 2 0 0 0 0 0 
layer 2, chan 21: 98469 1066 224 78 61 41 18 5 5 7 7 1 2 3 1 1 1 1 2 0 0 1 
layer 2, chan 22: 98350 1136 270 85 53 36 16 11 7 5 6 6 3 4 2 2 1 0 0 0 0 2 
layer 2, chan 23: 98478 1069 227 78 53 29 14 12 4 6 4 4 0 3 2 4 0 0 2 0 1 1 
layer 2, chan 24: 98472 1077 226 77 55 20 16 18 5 6 6 3 3 2 1 3 0 0 1 0 0 2 
layer 2, chan 25: 98450 1047 251 101 39 39 15 11 6 10 6 5 1 2 3 2 2 0 0 2 1 0 
layer 2, chan 26: 98499 1057 218 88 44 34 11 16 2 7 5 4 3 4 1 0 1 1 0 0 1 0 
layer 2, chan 27: 98446 1096 216 80 53 35 17 16 14 4 5 3 5 1 2 1 3 0 0 1 1 0 
layer 2, chan 28: 98420 1091 220 97 layer 0, chan 211:49 34 21 10 8 13 3 5 5 1 3 4 1 0 0 0 0 3 
layer 2, chan 29: 98436 1070 256 72 52 24 28 13 10 6 3 5 2 6 2 3 0 0 1 1 1 0 
layer 2, chan 30: 98486 1044 230 102 41 29 14 10 10 5 6 4 2 3 1 3 4 1 0 0 2 1 
layer 2, chan 31: 98449 1047 244 83 65 31 12 12 11 11 7 5 4 2 6 1 0 0 2 3 1 0 
layer 2, chan 32: 99339 524 84 21 15 6 5 1 1 0 1 1 1 0 0 0 0 0 1 0 0 0 
layer 2, chan 33: 99365 501 79 21 14 4 4 2 1 0 1 2 0 0 1 0 1 1 0 0 0 1 
layer 2, chan 34: 99367 493 81 20 19 6 3 1 3 2 0 1 0 0 1 0 1 0 0 0 1 1 
layer 2, chan 35: 99363 489 93 27 11 5 1 5 0 2 1 0 0 1 0 0 0 0 0 0 1 0 
layer 2, chan 36: 99323 524 99 28 12 3 4 1 2 0 0 1 1 1 0 0 0 0 0 0 0 0 
layer 2, chan 37: 99336 529 82 19 11 6 5 2 0 1 3 0 0 0 0 1 2 0 0 0 1 0 
layer 2, chan 38: 99322 525 93 27 12 11 4 0 1 0 2 0 1 0 0 0 1 0 1 0 0 0 
layer 2, chan 39: 99332 513 77 33 17 12 4 2 2 0 3 1 2 0 0 1 0 0 1 0 0 0 
layer 2, chan 40: 99311 539 91 20 10 8 4 4 1 1 2 1 5 0 0 1 0 0 0 0 0 0 
layer 2, chan 41: 99371 486 86 20 13 12 2 1 4 1 0 0 0 1 0 1 0 0 0 2 0 0 
layer 2, chan 42: 99387 474 77 22 18 10 5 2 1 1 1 1 0 0 1 0 0 0 0 0 0 0 
layer 2, chan 43: 99317 547 67 36 12 7 2 8 1 2 0 0 0 0 0 1 0 0 0 0 0 0 
layer 2, chan 44: 99302 555 70 30 16 7 6 1 1 4 2 0 0 1 1 1 1 0 0 1 0 0 
layer 2, chan 45: 99296 557 74 35 12 6 3 7 1 2 1 2 0 0 1 2 0 0 0 0 0 0 
layer 2, chan 46: 99302 571 70 24 13 3 8 2 1 1 0 3 0 0 2 0 0 0 0 0 0 0 
layer 2, chan 47: 99317 537 83 23 16 10 4 3 1 1 1 0 1 1 0 0 0 1 0 0 1 0 
layer 2, chan 48: 100000 0 0 0 0 0 0 0 0 0 0 0 0 0 0 0 0 0 0 0 0 0 
layer 2, chan 49: 100000 0 0 0 0 0 0 0 0 0 0 0 0 0 0 0 0 0 0 0 0 0 
layer 2, chan 50: 100000 0 0 0 0 0 0 0 0 0 0 0 0 0 0 0 0 0 0 0 0 0 
layer 2, chan 51: 100000 0 0 0 0 0 0 0 0 0 0 0 0 0 0 0 0 0 0 0 0 0 
layer 2, chan 52: 100000 0 0 0 0 0 0 0 0 0 0 0 0 0 0 0 0 0 0 0 0 0 
layer 2, chan 53: 100000 0 0 0 0 0 0 0 0 0 0 0 0 0 0 0 0 0 0 0 0 0 
layer 2, chan 54: 100000 0 0 0 0 0 0 0 0 0 0 0 0 0 0 0 0 0 0 0 0 0 
layer 2, chan 55: 100000 0 0 0 0 0 0 0 0 0 0 0 0 0 0 0 0 0 0 0 0 0 
layer 2, chan 56: 100000 0 0 0 0 0 0 0 0 0 0 0 0 0 0 0 0 0 0 0 0 0 
layer 2, chan 57: 100000 0 0 0 0 0 0 0 0 0 0 0 0 0 0 0 0 0 0 0 0 0 
layer 2, chan 58: 100000 0 0 0 0 0 0 0 0 0 0 0 0 0 0 0 0 0 0 0 0 0 
layer 2, chan 59: 100000 0 0 0 0 0 0 0 0 0 0 0 0 0 0 0 0 0 0 0 0 0 
layer 2, chan 60: 100000 0 0 0 0 0 0 0 0 0 0 0 0 0 0 0 0 0 0 0 0 0 
layer 2, chan 61: 100000 0 0 0 0 0 0 0 0 0 0 0 0 0 0 0 0 0 0 0 0 0 
layer 2, chan 62: 100000 0 0 0 0 0 0 0 0 0 0 0 0 0 0 0 0 0 0 0 0 0 
layer 2, chan 63: 100000 0 0 0 0 0 0 0 0 0 0 0 0 0 0 0 0 0 0 0 0 0 
layer 3, chan 0: 0 0 0 0 0 0 0 0 0 0 0 0 0 0 0 0 0 0 0 0 0 0 
layer 3, chan 1: 0 0 0 0 0 0 0 0 0 0 0 0 0 0 0 0 0 0 0 0 0 0 
layer 3, chan 2: 0 0 0 0 0 0 0 0 0 0 0 0 0 0 0 0 0 0 0 0 0 0 
layer 3, chan 3: 0 0 0 0 0 0 0 0 0 0 0 0 0 0 0 0 0 0 0 0 0 0 
layer 3, chan 4: 0 0 0 0 0 0 0 0 0 0 0 0 0 0 0 0 0 0 0 0 0 0 
layer 3, chan 5: 0 0 0 0 0 0 0 0 0 0 0 0 0 0 0 0 0 0 0 0 0 0 
layer 3, chan 6: 0 0 0 0 0 0 0 0 0 0 0 0 0 0 0 0 0 0 0 0 0 0 
layer 3, chan 7: 0 0 0 0 0 0 0 0 0 0 0 0 0 0 0 0 0 0 0 0 0 0 
layer 3, chan 8: 93101 3804 1151 576 330 233 137 103 98 66 53 42 29 25 28 24 14 16 18 18 4 9 
layer 3, chan 9: 93163 3771 1174 522 329 212 156 114 87 54 67 48 33 27 19 20 19 19 17 19 8 9 
layer 3, chan 10: 93185 3794 1103 592 313 205 146 123 73 66 62 48 31 26 22 31 15 17 17 16 8 8 
layer 3, chan 11: 93230 3744 1154 535 300 217 148 123 77 70 59 48 37 36 22 15 25 15 12 15 9 11 
layer 3, chan 12: 93138 3764 1162 570 326 213 156 105 73 71 51 48 41 28 24 24 22 22 12 9 7 13 
layer 3, chan 13: 93116 3854 1168 551 304 192 148 106 78 70 48 42 30 30 27 19 31 17 12 13 12 10 
layer 3, chan 14: 93047 3797 1126 579 357 197 158 112 93 74 56 57 32 33 26 28 22 14 25 9 12 10 
layer 3, chan 15: 93218 3727 1123 549 303 217 142 109 95 78 51 51 40 30 23 22 32 12 14 18 13 6 
layer 3, chan 16: 96923 2073 447 201 116 53 43 39 22 12 14 12 4 5 5 7 2 3 1 1 3 3 
layer 3, chan 17: 96892 2048 494 221 102 67 36 40 16 20 14 8 3 4 5 1 2 1 1 3 1 0 
layer 3, chan 18: 96964 2071 425 209 98 71 36 34 14 16 12 8 8 4 3 3 2 1 5 3 1 0 
layer 3, chan 19: 96934 2064 439 182 115 71 47 35 27 17 13 6 7 8 7 3 4 2 2 3 1 1 
layer 3, chan 20: 96890 2079 455 204 97 61 51 26 24 25 16 11 11 5 7 6 7 0 1 0 1 2 
layer 3, chan 21: 96930 2070 478 154 119 65 47 26 23 13 9 8 6 13 3 8 3 3 2 1 1 1 
layer 3, chan 22: 96877 2079 498 203 100 76 31 23 20 15 12 12 7 9 5 3 7 0 0 1 4 2 
layer 3, chan 23: 96949 2042 484 175 123 62 24 28 17 17 16 9 4 6 7 7 0 2 4 3 4 1 
layer 3, chan 24: 99994 5 1 0 0 0 0 0 0 0 0 0 0 0 0 0 0 0 0 0 0 0 
layer 3, chan 25: 99992 7 1 0 0 0 0 0 0 0 0 0 0 0 0 0 0 0 0 0 0 0 
layer 3, chan 26: 99994 5 1 0 0 0 0 0 0 0 0 0 0 0 0 0 0 0 0 0 0 0 
layer 3, chan 27: 99992 8 0 0 0 0 0 0 0 0 0 0 0 0 0 0 0 0 0 0 0 0 
layer 3, chan 28: 99993 6 1 0 0 0 0 0 0 0 0 0 0 0 0 0 0 0 0 0 0 0 
layer 3, chan 29: 99992 8 0 0 0 0 0 0 0 0 0 0 0 0 0 0 0 0 0 0 0 0 
layer 3, chan 30: 99987 11 0 2 0 0 0 0 0 0 0 0 0 0 0 0 0 0 0 0 0 0 
layer 3, chan 31: 99993 6 0 0 0 0 0 1 0 0 0 0 0 0 0 0 0 0 0 0 0 0 
layer 3, chan 32: 98654 1047 176 46 28 12 9 9 2 2 3 1 5 1 1 1 0 0 1 0 0 0 
layer 3, chan 33: 98740 968 169 47 29 17 6 2 5 3 1 2 1 0 1 1 1 1 0 2 0 0 
layer 3, chan 34: 98756 950 166 44 40 18 8 3 4 3 1 2 0 0 2 0 1 0 0 0 1 1 
layer 3, chan 35: 98682 1019 169 64 24 12 4 13 2 4 2 0 0 1 0 1 0 0 0 0 1 0 
layer 3, chan 36: 98628 1065 171 64 27 12 11 2 4 4 2 0 1 2 1 2 1 0 0 1 0 0 
layer 3, chan 37: 98637 1069 161 56 23 12 8 10 1 4 4 2 1 0 0 4 2 1 1 0 1 0 
layer 3, chan 38: 98632 1076 164 55 28 13 11 5 2 2 1 4 3 0 2 0 1 0 1 0 0 0 
layer 3, chan 39: 98653 1034 164 57 37 22 8 6 2 2 4 1 3 2 0 1 0 1 0 1 1 0 
layer 3, chan 40: 99998 2 0 0 0 0 0 0 0 0 0 0 0 0 0 0 0 0 0 0 0 0 
layer 3, chan 41: 100000 0 0 0 0 0 0 0 0 0 0 0 0 0 0 0 0 0 0 0 0 0 
layer 3, chan 42: 100000 0 0 0 0 0 0 0 0 0 0 0 0 0 0 0 0 0 0 0 0 0 
layer 3, chan 43: 99999 1 0 0 0 0 0 0 0 0 0 0 0 0 0 0 0 0 0 0 0 0 
layer 3, chan 44: 100000 0 0 0 0 0 0 0 0 0 0 0 0 0 0 0 0 0 0 0 0 0 
layer 3, chan 45: 100000 0 0 0 0 0 0 0 0 0 0 0 0 0 0 0 0 0 0 0 0 0 
layer 3, chan 46: 99999 1 0 0 0 0 0 0 0 0 0 0 0 0 0 0 0 0 0 0 0 0 
layer 3, chan 47: 99999 1 0 0 0 0 0 0 0 0 0 0 0 0 0 0 0 0 0 0 0 0 
layer 3, chan 48: 100000 0 0 0 0 0 0 0 0 0 0 0 0 0 0 0 0 0 0 0 0 0 
layer 3, chan 49: 100000 0 0 0 0 0 0 0 0 0 0 0 0 0 0 0 0 0 0 0 0 0 
layer 3, chan 50: 100000 0 0 0 0 0 0 0 0 0 0 0 0 0 0 0 0 0 0 0 0 0 
layer 3, chan 51: 100000 0 0 0 0 0 0 0 0 0 0 0 0 0 0 0 0 0 0 0 0 0 
layer 3, chan 52: 100000 0 0 0 0 0 0 0 0 0 0 0 0 0 0 0 0 0 0 0 0 0 
layer 3, chan 53: 100000 0 0 0 0 0 0 0 0 0 0 0 0 0 0 0 0 0 0 0 0 0 
layer 3, chan 54: 100000 0 0 0 0 0 0 0 0 0 0 0 0 0 0 0 0 0 0 0 0 0 
layer 3, chan 55: 100000 0 0 0 0 0 0 0 0 0 0 0 0 0 0 0 0 0 0 0 0 0 
layer 3, chan 56: 100000 0 0 0 0 0 0 0 0 0 0 0 0 0 0 0 0 0 0 0 0 0 
layer 3, chan 57: 100000 0 0 0 0 0 0 0 0 0 0 0 0 0 0 0 0 0 0 0 0 0 
layer 3, chan 58: 100000 0 0 0 0 0 0 0 0 0 0 0 0 0 0 0 0 0 0 0 0 0 
layer 3, chan 59: 100000 0 0 0 0 0 0 0 0 0 0 0 0 0 0 0 0 0 0 0 0 0 
layer 3, chan 60: 100000 0 0 0 0 0 0 0 0 0 0 0 0 0 0 0 0 0 0 0 0 0 
layer 3, chan 61: 100000 0 0 0 0 0 0 0 0 0 0 0 0 0 0 0 0 0 0 0 0 0 
layer 3, chan 62: 100000 0 0 0 0 0 0 0 0 0 0 0 0 0 0 0 0 0 0 0 0 0 
layer 3, chan 63: 100000 0 0 0 0 0 0 0 0 0 0 0 0 0 0 0 0 0 0 0 0 0 
layer 4, chan 0: 0 0 0 0 0 0 0 0 0 0 0 0 0 0 0 0 0 0 0 0 0 0 
layer 4, chan 1: 0 0 0 0 0 0 0 0 0 0 0 0 0 0 0 0 0 0 0 0 0 0 
layer 4, chan 2: 0 0 0 0 0 0 0 0 0 0 0 0 0 0 0 0 0 0 0 0 0 0 
layer 4, chan 3: 0 0 0 0 0 0 0 0 0 0 0 0 0 0 0 0 0 0 0 0 0 0 
layer 4, chan 4: 0 0 0 0 0 0 0 0 0 0 0 0 0 0 0 0 0 0 0 0 0 0 
layer 4, chan 5: 0 0 0 0 0 0 0 0 0 0 0 0 0 0 0 0 0 0 0 0 0 0 
layer 4, chan 6: 0 0 0 0 0 0 0 0 0 0 0 0 0 0 0 0 0 0 0 0 0 0 
layer 4, chan 7: 0 0 0 0 0 0 0 0 0 0 0 0 0 0 0 0 0 0 0 0 0 0 
layer 4, chan 8: 86715 6663 2182 1168 688 485 331 266 192 162 129 105 101 81 68 65 46 47 40 36 29 29 
layer 4, chan 9: 86753 6722 2251 1120 654 437 312 230 202 155 136 94 80 83 66 49 54 43 41 44 38 21 
layer 4, chan 10: 86676 6689 2174 1161 709 456 348 259 199 175 134 122 79 84 63 63 50 44 41 43 34 30 
layer 4, chan 11: 86930 6599 2187 1081 624 459 322 254 197 176 120 123 107 76 67 51 69 44 43 34 39 27 
layer 4, chan 12: 99767 163 31 14 8 2 5 4 0 1 0 0 1 1 0 0 0 1 0 0 0 0 
layer 4, chan 13: 99774 174 20 18 5 2 2 0 0 2 0 0 0 1 0 0 0 0 0 0 1 0 
layer 4, chan 14: 99768 171 28 9 7 4 4 1 2 1 2 1 0 0 1 0 0 0 0 0 0 0 
layer 4, chan 15: 99766 169 31 15 3 7 1 3 1 1 1 0 0 0 0 0 0 0 0 0 1 0 
layer 4, chan 16: 93916 3872 923 426 237 125 106 69 59 45 34 26 20 22 14 12 11 9 8 6 4 7 
layer 4, chan 17: 93924 3864 979 390 226 146 86 70 53 46 28 24 21 15 16 13 9 6 5 5 3 6 
layer 4, chan 18: 93939 3873 940 443 217 147 84 70 48 41 33 20 17 16 12 11 9 2 8 11 6 7 
layer 4, chan 19: 93983 3845 939 387 229 155 86 72 51 43 32 27 14 21 15 13 6 7 6 7 6 5 
layer 4, chan 20: 99959 35 5 1 0 0 0 0 0 0 0 0 0 0 0 0 0 0 0 0 0 0 
layer 4, chan 21: 99955 40 2 1 1 1 0 0 0 0 0 0 0 0 0 0 0 0 0 0 0 0 
layer 4, chan 22: 99966 26 4 1 1 0 0 1 0 0 0 1 0 0 0 0 0 0 0 0 0 0 
layer 4, chan 23: 99961 32 6 1 0 0 0 0 0 0 0 0 0 0 0 0 0 0 0 0 0 0 
layer 4, chan 24: 99987 11 2 0 0 0 0 0 0 0 0 0 0 0 0 0 0 0 0 0 0 0 
layer 4, chan 25: 99984 15 1 0 0 0 0 0 0 0 0 0 0 0 0 0 0 0 0 0 0 0 
layer 4, chan 26: 99981 16 1 2 0 0 0 0 0 0 0 0 0 0 0 0 0 0 0 0 0 0 
layer 4, chan 27: 99985 14 0 0 0 0 0 1 0 0 0 0 0 0 0 0 0 0 0 0 0 0 
layer 4, chan 28: 100000 0 0 0 0 0 0 0 0 0 0 0 0 0 0 0 0 0 0 0 0 0 
layer 4, chan 29: 100000 0 0 0 0 0 0 0 0 0 0 0 0 0 0 0 0 0 0 0 0 0 
layer 4, chan 30: 100000 0 0 0 0 0 0 0 0 0 0 0 0 0 0 0 0 0 0 0 0 0 
layer 4, chan 31: 100000 0 0 0 0 0 0 0 0 0 0 0 0 0 0 0 0 0 0 0 0 0 
layer 4, chan 32: 97294 2043 367 117 59 32 24 12 8 7 6 4 4 4 1 5 3 1 1 2 0 1 
layer 4, chan 33: 97398 1962 349 113 55 36 19 14 7 9 6 3 2 0 2 4 3 2 2 2 0 1 
layer 4, chan 34: 97409 1945 340 118 74 38 22 13 9 7 3 4 4 1 4 0 3 0 2 0 0 1 
layer 4, chan 35: 97349 1983 355 132 62 42 12 22 6 8 5 4 3 3 2 2 0 3 0 0 2 1 
layer 4, chan 36: 99994 5 1 0 0 0 0 0 0 0 0 0 0 0 0 0 0 0 0 0 0 0 
layer 4, chan 37: 99994 4 2 0 0 0 0 0 0 0 0 0 0 0 0 0 0 0 0 0 0 0 
layer 4, chan 38: 99994 6 0 0 0 0 0 0 0 0 0 0 0 0 0 0 0 0 0 0 0 0 
layer 4, chan 39: 99990 9 1 0 0 0 0 0 0 0 0 0 0 0 0 0 0 0 0 0 0 0 
layer 4, chan 40: 99998 2 0 0 0 0 0 0 0 0 0 0 0 0 0 0 0 0 0 0 0 0 
layer 4, chan 41: 100000 0 0 0 0 0 0 0 0 0 0 0 0 0 0 0 0 0 0 0 0 0 
layer 4, chan 42: 99999 1 0 0 0 0 0 0 0 0 0 0 0 0 0 0 0 0 0 0 0 0 
layer 4, chan 43: 99998 2 0 0 0 0 0 0 0 0 0 0 0 0 0 0 0 0 0 0 0 0 
layer 4, chan 44: 100000 0 0 0 0 0 0 0 0 0 0 0 0 0 0 0 0 0 0 0 0 0 
layer 4, chan 45: 100000 0 0 0 0 0 0 0 0 0 0 0 0 0 0 0 0 0 0 0 0 0 
layer 4, chan 46: 100000 0 0 0 0 0 0 0 0 0 0 0 0 0 0 0 0 0 0 0 0 0 
layer 4, chan 47: 100000 0 0 0 0 0 0 0 0 0 0 0 0 0 0 0 0 0 0 0 0 0 
layer 4, chan 48: 100000 0 0 0 0 0 0 0 0 0 0 0 0 0 0 0 0 0 0 0 0 0 
layer 4, chan 49: 100000 0 0 0 0 0 0 0 0 0 0 0 0 0 0 0 0 0 0 0 0 0 
layer 4, chan 50: 100000 0 0 0 0 0 0 0 0 0 0 0 0 0 0 0 0 0 0 0 0 0 
layer 4, chan 51: 100000 0 0 0 0 0 0 0 0 0 0 0 0 0 0 0 0 0 0 0 0 0 
layer 4, chan 52: 100000 0 0 0 0 0 0 0 0 0 0 0 0 0 0 0 0 0 0 0 0 0 
layer 4, chan 53: 100000 0 0 0 0 0 0 0 0 0 0 0 0 0 0 0 0 0 0 0 0 0 
layer 4, chan 54: 100000 0 0 0 0 0 0 0 0 0 0 0 0 0 0 0 0 0 0 0 0 0 
layer 4, chan 55: 100000 0 0 0 0 0 0 0 0 0 0 0 0 0 0 0 0 0 0 0 0 0 
layer 4, chan 56: 100000 0 0 0 0 0 0 0 0 0 0 0 0 0 0 0 0 0 0 0 0 0 
layer 4, chan 57: 100000 0 0 0 0 0 0 0 0 0 0 0 0 0 0 0 0 0 0 0 0 0 
layer 4, chan 58: 100000 0 0 0 0 0 0 0 0 0 0 0 0 0 0 0 0 0 0 0 0 0 
layer 4, chan 59: 100000 0 0 0 0 0 0 0 0 0 0 0 0 0 0 0 0 0 0 0 0 0 
layer 4, chan 60: 100000 0 0 0 0 0 0 0 0 0 0 0 0 0 0 0 0 0 0 0 0 0 
layer 4, chan 61: 100000 0 0 0 0 0 0 0 0 0 0 0 0 0 0 0 0 0 0 0 0 0 
layer 4, chan 62: 100000 0 0 0 0 0 0 0 0 0 0 0 0 0 0 0 0 0 0 0 0 0 
layer 4, chan 63: 100000 0 0 0 0 0 0 0 0 0 0 0 0 0 0 0 0 0 0 0 0 0 
layer 5, chan 0: 0 0 0 0 0 0 0 0 0 0 0 0 0 0 0 0 0 0 0 0 0 0 
layer 5, chan 1: 0 0 0 0 0 0 0 0 0 0 0 0 0 0 0 0 0 0 0 0 0 0 
layer 5, chan 2: 0 0 0 0 0 0 0 0 0 0 0 0 0 0 0 0 0 0 0 0 0 0 
layer 5, chan 3: 0 0 0 0 0 0 0 0 0 0 0 0 0 0 0 0 0 0 0 0 0 0 
layer 5, chan 4: 0 0 0 0 0 0 0 0 0 0 0 0 0 0 0 0 0 0 0 0 0 0 
layer 5, chan 5: 0 0 0 0 0 0 0 0 0 0 0 0 0 0 0 0 0 0 0 0 0 0 
layer 5, chan 6: 0 0 0 0 0 0 0 0 0 0 0 0 0 0 0 0 0 0 0 0 0 0 
layer 5, chan 7: 0 0 0 0 0 0 0 0 0 0 0 0 0 0 0 0 0 0 0 0 0 0 
layer 5, chan 8: 0 0 0 0 0 0 0 0 0 0 0 0 0 0 0 0 0 0 0 0 0 0 
layer 5, chan 9: 0 0 0 0 0 0 0 0 0 0 0 0 0 0 0 0 0 0 0 0 0 0 
layer 5, chan 10: 98899 747 163 63 38 11 19 11 7 7 4 5 6 2 5 2 1 2 1 1 0 2 
layer 5, chan 11: 98986 668 143 53 31 22 24 14 9 8 3 9 5 2 6 2 2 3 2 0 1 0 
layer 5, chan 12: 99535 333 59 23 15 7 9 5 2 2 2 1 1 1 1 0 0 1 0 0 0 0 
layer 5, chan 13: 99540 343 51 33 8 9 3 3 0 4 1 0 0 1 0 0 0 0 0 0 2 0 
layer 5, chan 14: 100000 0 0 0 0 0 0 0 0 0 0 0 0 0 0 0 0 0 0 0 0 0 
layer 5, chan 15: 100000 0 0 0 0 0 0 0 0 0 0 0 0 0 0 0 0 0 0 0 0 0 
layer 5, chan 16: 0 0 0 0 0 0 0 0 0 0 0 0 0 0 0 0 0 0 0 0 0 0 
layer 5, chan 17: 0 0 0 0 0 0 0 0 0 0 0 0 0 0 0 0 0 0 0 0 0 0 
layer 5, chan 18: 99863 110 17 3 3 1 3 0 0 0 0 0 0 0 0 0 0 0 0 0 0 0 
layer 5, chan 19: 99866 110 11 8 3 1 0 1 0 0 0 0 0 0 0 0 0 0 0 0 0 0 
layer 5, chan 20: 99925 61 9 2 1 0 0 1 0 0 0 1 0 0 0 0 0 0 0 0 0 0 
layer 5, chan 21: 99916 72 8 2 1 1 0 0 0 0 0 0 0 0 0 0 0 0 0 0 0 0 
layer 5, chan 22: 100000 0 0 0 0 0 0 0 0 0 0 0 0 0 0 0 0 0 0 0 0 0 
layer 5, chan 23: 100000 0 0 0 0 0 0 0 0 0 0 0 0 0 0 0 0 0 0 0 0 0 
layer 5, chan 24: 99968 27 3 2 0 0 0 0 0 0 0 0 0 0 0 0 0 0 0 0 0 0 
layer 5, chan 25: 99969 29 1 0 0 0 0 1 0 0 0 0 0 0 0 0 0 0 0 0 0 0 
layer 5, chan 26: 100000 0 0 0 0 0 0 0 0 0 0 0 0 0 0 0 0 0 0 0 0 0 
layer 5, chan 27: 100000 0 0 0 0 0 0 0 0 0 0 0 0 0 0 0 0 0 0 0 0 0 
layer 5, chan 28: 100000 0 0 0 0 0 0 0 0 0 0 0 0 0 0 0 0 0 0 0 0 0 
layer 5, chan 29: 100000 0 0 0 0 0 0 0 0 0 0 0 0 0 0 0 0 0 0 0 0 0 
layer 5, chan 30: 100000 0 0 0 0 0 0 0 0 0 0 0 0 0 0 0 0 0 0 0 0 0 
layer 5, chan 31: 100000 0 0 0 0 0 0 0 0 0 0 0 0 0 0 0 0 0 0 0 0 0 
layer 5, chan 32: 0 0 0 0 0 0 0 0 0 0 0 0 0 0 0 0 0 0 0 0 0 0 
layer 5, chan 33: 0 0 0 0 0 0 0 0 0 0 0 0 0 0 0 0 0 0 0 0 0 0 
layer 5, chan 34: 99984 15 1 0 0 0 0 0 0 0 0 0 0 0 0 0 0 0 0 0 0 0 
layer 5, chan 35: 99981 16 1 2 0 0 0 0 0 0 0 0 0 0 0 0 0 0 0 0 0 0 
layer 5, chan 36: 99988 11 1 0 0 0 0 0 0 0 0 0 0 0 0 0 0 0 0 0 0 0 
layer 5, chan 37: 99984 13 3 0 0 0 0 0 0 0 0 0 0 0 0 0 0 0 0 0 0 0 
layer 5, chan 38: 100000 0 0 0 0 0 0 0 0 0 0 0 0 0 0 0 0 0 0 0 0 0 
layer 5, chan 39: 100000 0 0 0 0 0 0 0 0 0 0 0 0 0 0 0 0 0 0 0 0 0 
layer 5, chan 40: 99997 3 0 0 0 0 0 0 0 0 0 0 0 0 0 0 0 0 0 0 0 0 
layer 5, chan 41: 99998 2 0 0 0 0 0 0 0 0 0 0 0 0 0 0 0 0 0 0 0 0 
layer 5, chan 42: 100000 0 0 0 0 0 0 0 0 0 0 0 0 0 0 0 0 0 0 0 0 0 
layer 5, chan 43: 100000 0 0 0 0 0 0 0 0 0 0 0 0 0 0 0 0 0 0 0 0 0 
layer 5, chan 44: 100000 0 0 0 0 0 0 0 0 0 0 0 0 0 0 0 0 0 0 0 0 0 
layer 5, chan 45: 100000 0 0 0 0 0 0 0 0 0 0 0 0 0 0 0 0 0 0 0 0 0 
layer 5, chan 46: 100000 0 0 0 0 0 0 0 0 0 0 0 0 0 0 0 0 0 0 0 0 0 
layer 5, chan 47: 100000 0 0 0 0 0 0 0 0 0 0 0 0 0 0 0 0 0 0 0 0 0 
layer 5, chan 48: 100000 0 0 0 0 0 0 0 0 0 0 0 0 0 0 0 0 0 0 0 0 0 
layer 5, chan 49: 100000 0 0 0 0 0 0 0 0 0 0 0 0 0 0 0 0 0 0 0 0 0 
layer 5, chan 50: 100000 0 0 0 0 0 0 0 0 0 0 0 0 0 0 0 0 0 0 0 0 0 
layer 5, chan 51: 100000 0 0 0 0 0 0 0 0 0 0 0 0 0 0 0 0 0 0 0 0 0 
layer 5, chan 52: 100000 0 0 0 0 0 0 0 0 0 0 0 0 0 0 0 0 0 0 0 0 0 
layer 5, chan 53: 100000 0 0 0 0 0 0 0 0 0 0 0 0 0 0 0 0 0 0 0 0 0 
layer 5, chan 54: 100000 0 0 0 0 0 0 0 0 0 0 0 0 0 0 0 0 0 0 0 0 0 
layer 5, chan 55: 100000 0 0 0 0 0 0 0 0 0 0 0 0 0 0 0 0 0 0 0 0 0 
layer 5, chan 56: 100000 0 0 0 0 0 0 0 0 0 0 0 0 0 0 0 0 0 0 0 0 0 
layer 5, chan 57: 100000 0 0 0 0 0 0 0 0 0 0 0 0 0 0 0 0 0 0 0 0 0 
layer 5, chan 58: 100000 0 0 0 0 0 0 0 0 0 0 0 0 0 0 0 0 0 0 0 0 0 
layer 5, chan 59: 100000 0 0 0 0 0 0 0 0 0 0 0 0 0 0 0 0 0 0 0 0 0 
layer 5, chan 60: 100000 0 0 0 0 0 0 0 0 0 0 0 0 0 0 0 0 0 0 0 0 0 
layer 5, chan 61: 100000 0 0 0 0 0 0 0 0 0 0 0 0 0 0 0 0 0 0 0 0 0 
layer 5, chan 62: 100000 0 0 0 0 0 0 0 0 0 0 0 0 0 0 0 0 0 0 0 0 0 
layer 5, chan 63: 100000 0 0 0 0 0 0 0 0 0 0 0 0 0 0 0 0 0 0 0 0 0 
layer 6, chan 0: 0 0 0 0 0 0 0 0 0 0 0 0 0 0 0 0 0 0 0 0 0 0 
layer 6, chan 1: 0 0 0 0 0 0 0 0 0 0 0 0 0 0 0 0 0 0 0 0 0 0 
layer 6, chan 2: 0 0 0 0 0 0 0 0 0 0 0 0 0 0 0 0 0 0 0 0 0 0 
layer 6, chan 3: 0 0 0 0 0 0 0 0 0 0 0 0 0 0 0 0 0 0 0 0 0 0 
layer 6, chan 4: 0 0 0 0 0 0 0 0 0 0 0 0 0 0 0 0 0 0 0 0 0 0 
layer 6, chan 5: 0 0 0 0 0 0 0 0 0 0 0 0 0 0 0 0 0 0 0 0 0 0 
layer 6, chan 6: 0 0 0 0 0 0 0 0 0 0 0 0 0 0 0 0 0 0 0 0 0 0 
layer 6, chan 7: 0 0 0 0 0 0 0 0 0 0 0 0 0 0 0 0 0 0 0 0 0 0 
layer 6, chan 8: 0 0 0 0 0 0 0 0 0 0 0 0 0 0 0 0 0 0 0 0 0 0 
layer 6, chan 9: 0 0 0 0 0 0 0 0 0 0 0 0 0 0 0 0 0 0 0 0 0 0 
layer 6, chan 10: 0 0 0 0 0 0 0 0 0 0 0 0 0 0 0 0 0 0 0 0 0 0 
layer 6, chan 11: 100000 0 0 0 0 0 0 0 0 0 0 0 0 0 0 0 0 0 0 0 0 0 
layer 6, chan 12: 0 0 0 0 0 0 0 0 0 0 0 0 0 0 0 0 0 0 0 0 0 0 
layer 6, chan 13: 100000 0 0 0 0 0 0 0 0 0 0 0 0 0 0 0 0 0 0 0 0 0 
layer 6, chan 14: 100000 0 0 0 0 0 0 0 0 0 0 0 0 0 0 0 0 0 0 0 0 0 
layer 6, chan 15: 100000 0 0 0 0 0 0 0 0 0 0 0 0 0 0 0 0 0 0 0 0 0 
layer 6, chan 16: 0 0 0 0 0 0 0 0 0 0 0 0 0 0 0 0 0 0 0 0 0 0 
layer 6, chan 17: 0 0 0 0 0 0 0 0 0 0 0 0 0 0 0 0 0 0 0 0 0 0 
layer 6, chan 18: 0 0 0 0 0 0 0 0 0 0 0 0 0 0 0 0 0 0 0 0 0 0 
layer 6, chan 19: 100000 0 0 0 0 0 0 0 0 0 0 0 0 0 0 0 0 0 0 0 0 0 
layer 6, chan 20: 0 0 0 0 0 0 0 0 0 0 0 0 0 0 0 0 0 0 0 0 0 0 
layer 6, chan 21: 100000 0 0 0 0 0 0 0 0 0 0 0 0 0 0 0 0 0 0 0 0 0 
layer 6, chan 22: 100000 0 0 0 0 0 0 0 0 0 0 0 0 0 0 0 0 0 0 0 0 0 
layer 6, chan 23: 100000 0 0 0 0 0 0 0 0 0 0 0 0 0 0 0 0 0 0 0 0 0 
layer 6, chan 24: 0 0 0 0 0 0 0 0 0 0 0 0 0 0 0 0 0 0 0 0 0 0 
layer 6, chan 25: 100000 0 0 0 0 0 0 0 0 0 0 0 0 0 0 0 0 0 0 0 0 0 
layer 6, chan 26: 100000 0 0 0 0 0 0 0 0 0 0 0 0 0 0 0 0 0 0 0 0 0 
layer 6, chan 27: 100000 0 0 0 0 0 0 0 0 0 0 0 0 0 0 0 0 0 0 0 0 0 
layer 6, chan 28: 100000 0 0 0 0 0 0 0 0 0 0 0 0 0 0 0 0 0 0 0 0 0 
layer 6, chan 29: 100000 0 0 0 0 0 0 0 0 0 0 0 0 0 0 0 0 0 0 0 0 0 
layer 6, chan 30: 100000 0 0 0 0 0 0 0 0 0 0 0 0 0 0 0 0 0 0 0 0 0 
layer 6, chan 31: 100000 0 0 0 0 0 0 0 0 0 0 0 0 0 0 0 0 0 0 0 0 0 
layer 6, chan 32: 0 0 0 0 0 0 0 0 0 0 0 0 0 0 0 0 0 0 0 0 0 0 
layer 6, chan 33: 0 0 0 0 0 0 0 0 0 0 0 0 0 0 0 0 0 0 0 0 0 0 
layer 6, chan 34: 0 0 0 0 0 0 0 0 0 0 0 0 0 0 0 0 0 0 0 0 0 0 
layer 6, chan 35: 100000 0 0 0 0 0 0 0 0 0 0 0 0 0 0 0 0 0 0 0 0 0 
layer 6, chan 36: 0 0 0 0 0 0 0 0 0 0 0 0 0 0 0 0 0 0 0 0 0 0 
layer 6, chan 37: 100000 0 0 0 0 0 0 0 0 0 0 0 0 0 0 0 0 0 0 0 0 0 
layer 6, chan 38: 100000 0 0 0 0 0 0 0 0 0 0 0 0 0 0 0 0 0 0 0 0 0 
layer 6, chan 39: 100000 0 0 0 0 0 0 0 0 0 0 0 0 0 0 0 0 0 0 0 0 0 
layer 6, chan 40: 0 0 0 0 0 0 0 0 0 0 0 0 0 0 0 0 0 0 0 0 0 0 
layer 6, chan 41: 100000 0 0 0 0 0 0 0 0 0 0 0 0 0 0 0 0 0 0 0 0 0 
layer 6, chan 42: 100000 0 0 0 0 0 0 0 0 0 0 0 0 0 0 0 0 0 0 0 0 0 
layer 6, chan 43: 100000 0 0 0 0 0 0 0 0 0 0 0 0 0 0 0 0 0 0 0 0 0 
layer 6, chan 44: 100000 0 0 0 0 0 0 0 0 0 0 0 0 0 0 0 0 0 0 0 0 0 
layer 6, chan 45: 100000 0 0 0 0 0 0 0 0 0 0 0 0 0 0 0 0 0 0 0 0 0 
layer 6, chan 46: 100000 0 0 0 0 0 0 0 0 0 0 0 0 0 0 0 0 0 0 0 0 0 
layer 6, chan 47: 100000 0 0 0 0 0 0 0 0 0 0 0 0 0 0 0 0 0 0 0 0 0 
layer 6, chan 48: 100000 0 0 0 0 0 0 0 0 0 0 0 0 0 0 0 0 0 0 0 0 0 
layer 6, chan 49: 100000 0 0 0 0 0 0 0 0 0 0 0 0 0 0 0 0 0 0 0 0 0 
layer 6, chan 50: 100000 0 0 0 0 0 0 0 0 0 0 0 0 0 0 0 0 0 0 0 0 0 
layer 6, chan 51: 100000 0 0 0 0 0 0 0 0 0 0 0 0 0 0 0 0 0 0 0 0 0 
layer 6, chan 52: 100000 0 0 0 0 0 0 0 0 0 0 0 0 0 0 0 0 0 0 0 0 0 
layer 6, chan 53: 100000 0 0 0 0 0 0 0 0 0 0 0 0 0 0 0 0 0 0 0 0 0 
layer 6, chan 54: 100000 0 0 0 0 0 0 0 0 0 0 0 0 0 0 0 0 0 0 0 0 0 
layer 6, chan 55: 100000 0 0 0 0 0 0 0 0 0 0 0 0 0 0 0 0 0 0 0 0 0 
layer 6, chan 56: 100000 0 0 0 0 0 0 0 0 0 0 0 0 0 0 0 0 0 0 0 0 0 
layer 6, chan 57: 100000 0 0 0 0 0 0 0 0 0 0 0 0 0 0 0 0 0 0 0 0 0 
layer 6, chan 58: 100000 0 0 0 0 0 0 0 0 0 0 0 0 0 0 0 0 0 0 0 0 0 
layer 6, chan 59: 100000 0 0 0 0 0 0 0 0 0 0 0 0 0 0 0 0 0 0 0 0 0 
layer 6, chan 60: 100000 0 0 0 0 0 0 0 0 0 0 0 0 0 0 0 0 0 0 0 0 0 
layer 6, chan 61: 100000 0 0 0 0 0 0 0 0 0 0 0 0 0 0 0 0 0 0 0 0 0 
layer 6, chan 62: 100000 0 0 0 0 0 0 0 0 0 0 0 0 0 0 0 0 0 0 0 0 0 
layer 6, chan 63: 100000 0 0 0 0 0 0 0 0 0 0 0 0 0 0 0 0 0 0 0 0 0 

SNR: -6.5 dB, FER = 7/100007 = 6.99951e-05
