-20.500 0.97900000    979     1000
-20.000 0.90800000    908     1000
-19.500 0.77700000    777     1000
-19.000 0.54200000    542     1000
-18.500 0.30900000    309     1000
-18.000 0.12500000    125     1000
-17.500 0.02925000    117     4000
-17.000 0.00605882    103    17000
-16.500 0.00140278    101    72000
-16.250 0.00061644     45    73000

-15.650 0.00000340     17  5000000
-15.700 0.00000430     43 10000000
-15.800 0.00000972     40  4115000
-16.000 0.00004666    100  2143000
-16.125 0.00008554    100  1169000
-16.250 0.00062500    100   160000
-16.250 0.00022472    100   445000
-16.500 0.00090909    100   110000
-16.000 0.00003706    100  2698000
