-15.000 1.00000000   1000     1000
-14.500 1.00000000   1000     1000
-14.000 0.87300000    873     1000
-13.500 0.53700000    537     1000
-13.000 0.19500000    195     1000
-12.500 0.04233333    127     3000
-12.000 0.00617647    105    17000
-11.500 0.00084034    100   119000
-11.000 0.00009200     92  1000000

-12.000 0.00654839    203    31000
-12.000 0.00680000    204    30000
-10.800 0.00004926     40   812000
-10.700 0.00003205     40  1248000
-10.600 0.00002142     40  1867000
-10.550 0.00002132     40  1876000
-10.450 0.00000906     40  4414000
