-20.500 0.98300000    983     1000
-20.000 0.93600000    936     1000
-19.500 0.81400000    814     1000
-19.000 0.60000000    600     1000
-18.500 0.36500000    365     1000
-18.000 0.16000000    160     1000
-17.500 0.03900000    117     3000
-17.000 0.00784615    102    13000
-16.500 0.00166667    100    60000
-16.250 0.00066176     45    68000
-15.800 0.00001774     40  2255000
-16.125 0.00015291    100   654000
-16.000 0.00006821    100  1466000
-16.250 0.00066447    101   152000
-16.250 0.00031776    102   321000
-16.500 0.00119048    100    84000
