-15.000 1.00000000   1000     1000
-14.750 0.99700000    997     1000
-14.500 0.99900000    999     1000
-14.250 0.98300000    983     1000
-14.000 0.85300000    853     1000
-13.750 0.68600000    686     1000
-13.500 0.47500000    475     1000
-13.250 0.29100000    291     1000
-13.000 0.15700000    157     1000
-12.750 0.07450000    149     2000
-12.500 0.02575000    103     4000
-12.250 0.00954459    105    11001
-12.000 0.00312500    100    32000
-11.750 0.00106316    101    95000
-11.500 0.00022779    100   439000
-11.000 0.00002100     21  1000000
-10.800 0.00001100     40  3638000
