-14.000 1.00000000   1000     1000     8   Sigma = 5.25
-13.500 0.96400000    964     1000     8
-13.000 0.59300000    593     1000     8
-12.500 0.13900000    139     1000     8
-12.000 0.02125000     85     4000     8
-11.500 0.00877778     79     9000     8
-11.000 0.00380000     76    20000     8



-14.000 0.95900000    959     1000    10
-13.500 0.26900000    269     1000    10
-13.000 0.01650000     66     4000    10
-12.500 0.00131579     50    38000    10
-12.000 0.000079
-11.500 0.00000440     22  5000000    10



-14.000 0.91900000    919     1000    12
-13.500 0.10189810    102     1001    12
-13.000 0.00472727     52    11000    12
-12.500 0.00014663     50   341000    12
-12.000 0.00000880     44  5000000    12
-11.750 0.00000250     25 10000000    12





-14.500 1.00000000   1000     1000     8   SNR = 5.1
-14.000 0.99900000    999     1000     8
-13.500 0.86700000    867     1000     8
-13.000 0.29100000    291     1000     8
-12.500 0.02625000    105     4000     8
-12.000 0.00303704     82    27000     8
-11.500 0.00076923     80   104000     8
-14.500 1.00000000   1000     1000    10
-14.000 0.96900000    969     1000    10
-13.500 0.30600000    306     1000    10
-13.000 0.02475000     99     4000    10
-12.500 0.00148214     83    56000    10
-12.000 0.00004673     80  1712000    10
-11.500 0.00000750     75 10000000    10
-14.500 1.00000000   1000     1000    12
-14.000 0.92900000    929     1000    12
-13.500 0.12400000    124     1000    12
-13.000 0.00553333     83    15000    12
-12.500 0.00014184     80   564000    12
-12.000 0.00000320     32 10000000    12
-11.500 0.00000090      9 10000000    12
-14.500 1.00000000   1000     1000    14
-14.000 0.90500000    905     1000    14
-13.500 0.08100000     81     1000    14
-13.000 0.00300000     81    27000    14
-12.500 0.00004525     80  1768000    14
-12.000 0.00000060      6 10000000    14
-11.500 0.00000030      3 10000000    14
-14.500 1.00000000   1000     1000    16
-14.000 0.88600000    886     1000    16
-13.500 0.06900000    138     2000    16
-13.000 0.00275862     80    29000    16
-12.500 0.00002498     80  3203000    16
-12.000 0.00000020      2 10000000    16
-11.500 0.00000030      3 10000000    16
