-13.000 1.00000000   1002     1002     8
-12.500 1.00000000   1000     1000     8
-12.000 1.00000000   1000     1000     8
-11.500 0.98300000    983     1000     8
-11.000 0.88900000    889     1000     8
-10.500 0.67432567    675     1001     8
-10.000 0.35100000    351     1000     8
 -9.500 0.10689311    107     1001     8
 -9.000 0.04650000     93     2000     8
 -8.500 0.00950000     76     8000     8
 -8.000 0.00182051     71    39000     8
 -7.500 0.00042331     69   163000     8
-13.000 1.00000000   1000     1000    10
-12.500 0.99900100   1000     1001    10
-12.000 0.99400000    994     1000    10
-11.500 0.94805195    949     1001    10
-11.000 0.80239521    804     1002    10
-10.500 0.55200000    552     1000    10
-10.000 0.21200000    212     1000    10
 -9.500 0.05950000    119     2000    10
 -9.000 0.01439712     72     5001    10
 -8.500 0.00197143     69    35000    10
 -8.000 0.00030043     70   233000    10
 -7.500 0.00001240     62  5000000    10
-13.000 1.00000000   1000     1000    12
-12.500 1.00000000   1000     1000    12
-12.000 0.99000000   1980     2000    12
-11.500 0.92700000    927     1000    12
-11.000 0.76500000    765     1000    12
-10.500 0.51300000    513     1000    12
-10.000 0.21000000    210     1000    12
 -9.500 0.05200000    104     2000    12
 -9.000 0.01166667     70     6000    12
 -8.500 0.00168293     69    41000    12
 -8.000 0.00018548     69   372000    12
 -7.500 0.00000800     40  5000000    12
-13.000 1.00000000   1001     1001    14
-12.500 1.00000000   1000     1000    14
-12.000 0.99000000    990     1000    14
-11.500 0.92807193    929     1001    14
-11.000 0.75400000    754     1000    14
-10.500 0.51700000    517     1000    14
-10.000 0.19880120    199     1001    14
 -9.500 0.05447276    109     2001    14
 -9.000 0.01183333     71     6000    14
 -8.500 0.00156818     69    44000    14
 -8.000 0.00021166     69   326000    14
 -7.500 0.00000800     40  5000000    14
-13.000 1.00000000   1000     1000    11
-12.500 1.00000000   1000     1000    11
-12.000 0.99400599    995     1001    11
-11.500 0.93300000    933     1000    11
-11.000 0.77500000    775     1000    11
-10.500 0.50900000    509     1000    11
-10.000 0.19800000    198     1000    11
 -9.500 0.05250000    105     2000    11
 -9.000 0.01150000     69     6000    11
 -8.500 0.00189189     70    37000    11
 -8.000 0.00019828     69   348000    11
 -7.500 0.00000860     43  5000000    11
 
-13.000 1.00000000   1002     1002    11
-12.500 1.00000000   1000     1000    11
-12.000 0.99600000    996     1000    11
-11.500 0.93020937    933     1003    11
-11.000 0.77400000    774     1000    11
-10.500 0.51100000    511     1000    11
-10.000 0.20500000    205     1000    11
 -9.500 0.05350000    107     2000    11
 -9.000 0.01233128     74     6001    11
 -8.500 0.00175610     72    41000    11
 -8.000 0.00019114     69   361000    11
 -7.500 0.00000860     43  5000000    11




-13.000 1.00000000   1000     1000    14
-12.500 0.99900000    999     1000    14
-12.000 0.98900000    989     1000    14
-11.500 0.92500000    925     1000    14
-11.000 0.75600000    756     1000    14
-10.500 0.52300000    523     1000    14
-10.000 0.20159681    202     1002    14
 -9.500 0.05147426    103     2001    14
 -9.000 0.01257143     88     7000    14
 -8.500 0.00165306     81    49000    14
 -8.000 0.00017058     80   469000    14
 -7.500 0.00000720     36  5000000    14
