CN low reliability inputs sizes:
64 
0 64 
0 0 0 64 
0 0 0 0 0 0 0 64 
0 0 0 0 0 0 0 0 0 0 0 0 0 0 0 64 
0 0 0 0 0 0 0 0 0 0 0 0 0 0 0 0 0 0 0 0 0 0 0 0 0 0 0 0 0 0 64 64 
0 0 0 0 0 0 0 0 0 0 0 0 0 0 0 0 0 0 0 0 0 0 0 0 0 0 0 0 0 0 0 0 0 0 0 0 0 0 0 0 0 0 0 0 0 0 0 0 0 0 0 0 0 0 0 0 0 0 0 0 0 64 64 34 
0 0 0 0 0 0 0 0 0 0 0 0 0 0 0 0 0 0 0 0 0 0 0 0 0 0 0 0 0 0 0 0 0 0 0 0 0 0 0 0 0 0 0 0 0 0 0 0 0 0 0 0 0 0 0 0 0 0 0 0 0 0 0 0 0 0 0 0 0 0 0 0 0 0 0 0 0 0 0 0 0 0 0 0 0 0 0 0 0 0 0 0 0 0 0 0 0 0 0 0 0 0 0 0 0 0 0 0 0 0 0 0 0 0 0 0 0 0 0 0 0 0 0 64 64 64 34 1 
0 0 0 0 0 0 0 0 0 0 0 0 0 0 0 0 0 0 0 0 0 0 0 0 0 0 0 0 0 0 0 0 0 0 0 0 0 0 0 0 0 0 0 0 0 0 0 0 0 0 0 0 0 0 0 0 0 0 0 0 0 0 0 0 0 0 0 0 0 0 0 0 0 0 0 0 0 0 0 0 0 0 0 0 0 0 0 0 0 0 0 0 0 0 0 0 0 0 0 0 0 0 0 0 0 0 0 0 0 0 0 0 0 0 0 0 0 0 0 0 0 0 0 0 0 0 0 0 0 0 0 0 0 0 0 0 0 0 0 0 0 0 0 0 0 0 0 0 0 0 0 0 0 0 0 0 0 0 0 0 0 0 0 0 0 0 0 0 0 0 0 0 0 0 0 0 0 0 0 0 0 0 0 0 0 0 0 0 0 0 0 0 0 0 0 0 0 0 0 0 0 0 0 0 0 0 0 0 0 0 0 0 0 0 0 0 0 0 0 0 0 0 0 0 0 0 0 0 0 0 0 0 0 0 0 0 0 0 0 0 0 0 0 0 0 0 0 31 0 64 64 9 34 1 1 1 
0 0 0 0 0 0 0 0 0 0 0 0 0 0 0 0 0 0 0 0 0 0 0 0 0 0 0 0 0 0 0 0 0 0 0 0 0 0 0 0 0 0 0 0 0 0 0 0 0 0 0 0 0 0 0 0 0 0 0 0 0 0 0 0 0 0 0 0 0 0 0 0 0 0 0 0 0 0 0 0 0 0 0 0 0 0 0 0 0 0 0 0 0 0 0 0 0 0 0 0 0 0 0 0 0 0 0 0 0 0 0 0 0 0 0 0 0 0 0 0 0 0 0 0 0 0 0 0 0 0 0 0 0 0 0 0 0 0 0 0 0 0 0 0 0 0 0 0 0 0 0 0 0 0 0 0 0 0 0 0 0 0 0 0 0 0 0 0 0 0 0 0 0 0 0 0 0 0 0 0 0 0 0 0 0 0 0 0 0 0 0 0 0 0 0 0 0 0 0 0 0 0 0 0 0 0 0 0 0 0 0 0 0 0 0 0 0 0 0 0 0 0 0 0 0 0 0 0 0 0 0 0 0 0 0 0 0 0 0 0 0 0 0 0 0 0 0 0 0 0 0 0 0 0 0 0 0 0 0 0 0 0 0 0 0 0 0 0 0 0 0 0 0 0 0 0 0 0 0 0 0 0 0 0 0 0 0 0 0 0 0 0 0 0 0 0 0 0 0 0 0 0 0 0 0 0 0 0 0 0 0 0 0 0 0 0 0 0 0 0 0 0 0 0 0 0 0 0 0 0 0 0 0 0 0 0 0 0 0 0 0 0 0 0 0 0 0 0 0 0 0 0 0 0 0 0 0 0 0 0 0 0 0 0 0 0 0 0 0 0 0 0 0 0 0 0 0 0 0 0 0 0 0 0 0 0 0 0 0 0 0 0 0 0 0 0 0 0 0 0 0 0 0 0 0 0 0 0 0 0 0 0 0 0 0 0 0 0 0 0 0 0 0 0 0 0 0 0 0 0 0 0 0 0 0 0 0 0 0 0 0 0 0 0 0 0 0 0 0 0 0 0 0 0 0 0 0 0 0 0 0 0 0 0 0 0 0 0 0 0 0 0 0 0 0 0 0 0 0 0 0 0 0 0 0 0 0 0 0 0 0 0 0 0 0 1 0 0 0 32 0 13 9 1 0 1 1 1 1 1 1 1 
0 0 0 0 0 0 0 0 0 0 0 0 0 0 0 0 0 0 0 0 0 0 0 0 0 0 0 0 0 0 0 0 0 0 0 0 0 0 0 0 0 0 0 0 0 0 0 0 0 0 0 0 0 0 0 0 0 0 0 0 0 0 0 0 0 0 0 0 0 0 0 0 0 0 0 0 0 0 0 0 0 0 0 0 0 0 0 0 0 0 0 0 0 0 0 0 0 0 0 0 0 0 0 0 0 0 0 0 0 0 0 0 0 0 0 0 0 0 0 0 0 0 0 0 0 0 0 0 0 0 0 0 0 0 0 0 0 0 0 0 0 0 0 0 0 0 0 0 0 0 0 0 0 0 0 0 0 0 0 0 0 0 0 0 0 0 0 0 0 0 0 0 0 0 0 0 0 0 0 0 0 0 0 0 0 0 0 0 0 0 0 0 0 0 0 0 0 0 0 0 0 0 0 0 0 0 0 0 0 0 0 0 0 0 0 0 0 0 0 0 0 0 0 0 0 0 0 0 0 0 0 0 0 0 0 0 0 0 0 0 0 0 0 0 0 0 0 0 0 0 0 0 0 0 0 0 0 0 0 0 0 0 0 0 0 0 0 0 0 0 0 0 0 0 0 0 0 0 0 0 0 0 0 0 0 0 0 0 0 0 0 0 0 0 0 0 0 0 0 0 0 0 0 0 0 0 0 0 0 0 0 0 0 0 0 0 0 0 0 0 0 0 0 0 0 0 0 0 0 0 0 0 0 0 0 0 0 0 0 0 0 0 0 0 0 0 0 0 0 0 0 0 0 0 0 0 0 0 0 0 0 0 0 0 0 0 0 0 0 0 0 0 0 0 0 0 0 0 0 0 0 0 0 0 0 0 0 0 0 0 0 0 0 0 0 0 0 0 0 0 0 0 0 0 0 0 0 0 0 0 0 0 0 0 0 0 0 0 0 0 0 0 0 0 0 0 0 0 0 0 0 0 0 0 0 0 0 0 0 0 0 0 0 0 0 0 0 0 0 0 0 0 0 0 0 0 0 0 0 0 0 0 0 0 0 0 0 0 0 0 0 0 0 0 0 0 0 0 0 0 0 0 0 0 0 0 0 0 0 0 0 0 0 0 0 0 0 0 0 0 0 0 0 0 0 0 0 0 0 0 0 0 0 0 0 0 0 0 0 0 0 0 0 0 0 0 0 0 0 0 0 0 0 0 0 0 0 0 0 0 0 0 0 0 0 0 0 0 0 0 0 0 0 0 0 0 0 0 0 0 0 0 0 0 0 0 0 0 0 0 0 0 0 0 0 0 0 0 0 0 0 0 0 0 0 0 0 0 0 0 0 0 0 0 0 0 0 0 0 0 0 0 0 0 0 0 0 0 0 0 0 0 0 0 0 0 0 0 0 0 0 0 0 0 0 0 0 0 0 0 0 0 0 0 0 0 0 0 0 0 0 0 0 0 0 0 0 0 0 0 0 0 0 0 0 0 0 0 0 0 0 0 0 0 0 0 0 0 0 0 0 0 0 0 0 0 0 0 0 0 0 0 0 0 0 0 0 0 0 0 0 0 0 0 0 0 0 0 0 0 0 0 0 0 0 0 0 0 0 0 0 0 0 0 0 0 0 0 0 0 0 0 0 0 0 0 0 0 0 0 0 0 0 0 0 0 0 0 0 0 0 0 0 0 0 0 0 0 0 0 0 0 0 0 0 0 0 0 0 0 0 0 0 0 0 0 0 0 0 0 0 0 0 0 0 0 0 0 0 0 0 0 0 0 0 0 0 0 0 0 0 0 0 0 0 0 0 0 0 0 0 0 0 0 0 0 0 0 0 0 0 0 0 0 0 0 0 0 0 0 0 0 0 0 0 0 0 0 0 0 0 0 0 0 0 0 0 0 0 0 0 0 0 0 0 0 0 0 0 0 0 0 0 0 0 0 0 0 0 0 0 0 0 0 0 0 0 0 0 0 0 0 0 0 0 0 0 0 0 0 0 0 0 0 0 0 0 0 0 0 0 0 0 0 0 0 0 0 0 0 0 0 0 0 0 0 0 0 0 0 0 0 0 0 0 0 0 0 0 0 0 0 0 0 0 0 0 0 0 0 0 0 0 0 0 0 0 0 0 0 0 0 0 0 0 0 0 0 0 0 0 0 0 0 0 0 0 0 0 0 0 0 0 0 0 0 0 0 0 0 0 0 0 0 0 0 0 0 0 0 0 0 0 0 0 0 0 0 0 0 1 1 0 0 0 0 0 0 0 1 0 0 0 1 0 1 1 1 0 0 1 1 1 1 1 1 1 1 1 1 1 1 1 1 
Clusters kernels inputs sizes:
64 
0 64 
0 0 0 64 
0 0 0 0 0 0 0 64 
0 0 0 0 0 0 0 0 0 0 0 0 0 0 0 64 
0 0 0 0 0 0 0 0 0 0 0 0 0 0 0 0 0 0 0 0 0 0 0 0 0 0 0 0 0 0 64 64 
0 0 0 0 0 0 0 0 0 0 0 0 0 0 0 0 0 0 0 0 0 0 0 0 0 0 0 0 0 0 0 0 0 0 0 0 0 0 0 0 0 0 0 0 0 0 0 0 0 0 0 0 0 0 0 0 0 0 0 0 0 64 64 34 
0 0 0 0 0 0 0 0 0 0 0 0 0 0 0 0 0 0 0 0 0 0 0 0 0 0 0 0 0 0 0 0 0 0 0 0 0 0 0 0 0 0 0 0 0 0 0 0 0 0 0 0 0 0 0 0 0 0 0 0 0 0 0 0 0 0 0 0 0 0 0 0 0 0 0 0 0 0 0 0 0 0 0 0 0 0 0 0 0 0 0 0 0 0 0 0 0 0 0 0 0 0 0 0 0 0 0 0 0 0 0 0 0 0 0 0 0 0 0 0 0 0 0 64 64 64 34 1 
0 0 0 0 0 0 0 0 0 0 0 0 0 0 0 0 0 0 0 0 0 0 0 0 0 0 0 0 0 0 0 0 0 0 0 0 0 0 0 0 0 0 0 0 0 0 0 0 0 0 0 0 0 0 0 0 0 0 0 0 0 0 0 0 0 0 0 0 0 0 0 0 0 0 0 0 0 0 0 0 0 0 0 0 0 0 0 0 0 0 0 0 0 0 0 0 0 0 0 0 0 0 0 0 0 0 0 0 0 0 0 0 0 0 0 0 0 0 0 0 0 0 0 0 0 0 0 0 0 0 0 0 0 0 0 0 0 0 0 0 0 0 0 0 0 0 0 0 0 0 0 0 0 0 0 0 0 0 0 0 0 0 0 0 0 0 0 0 0 0 0 0 0 0 0 0 0 0 0 0 0 0 0 0 0 0 0 0 0 0 0 0 0 0 0 0 0 0 0 0 0 0 0 0 0 0 0 0 0 0 0 0 0 0 0 0 0 0 0 0 0 0 0 0 0 0 0 0 0 0 0 0 0 0 0 0 0 0 0 0 0 0 0 0 0 0 0 31 0 64 64 9 34 1 1 1 
0 0 0 0 0 0 0 0 0 0 0 0 0 0 0 0 0 0 0 0 0 0 0 0 0 0 0 0 0 0 0 0 0 0 0 0 0 0 0 0 0 0 0 0 0 0 0 0 0 0 0 0 0 0 0 0 0 0 0 0 0 0 0 0 0 0 0 0 0 0 0 0 0 0 0 0 0 0 0 0 0 0 0 0 0 0 0 0 0 0 0 0 0 0 0 0 0 0 0 0 0 0 0 0 0 0 0 0 0 0 0 0 0 0 0 0 0 0 0 0 0 0 0 0 0 0 0 0 0 0 0 0 0 0 0 0 0 0 0 0 0 0 0 0 0 0 0 0 0 0 0 0 0 0 0 0 0 0 0 0 0 0 0 0 0 0 0 0 0 0 0 0 0 0 0 0 0 0 0 0 0 0 0 0 0 0 0 0 0 0 0 0 0 0 0 0 0 0 0 0 0 0 0 0 0 0 0 0 0 0 0 0 0 0 0 0 0 0 0 0 0 0 0 0 0 0 0 0 0 0 0 0 0 0 0 0 0 0 0 0 0 0 0 0 0 0 0 0 0 0 0 0 0 0 0 0 0 0 0 0 0 0 0 0 0 0 0 0 0 0 0 0 0 0 0 0 0 0 0 0 0 0 0 0 0 0 0 0 0 0 0 0 0 0 0 0 0 0 0 0 0 0 0 0 0 0 0 0 0 0 0 0 0 0 0 0 0 0 0 0 0 0 0 0 0 0 0 0 0 0 0 0 0 0 0 0 0 0 0 0 0 0 0 0 0 0 0 0 0 0 0 0 0 0 0 0 0 0 0 0 0 0 0 0 0 0 0 0 0 0 0 0 0 0 0 0 0 0 0 0 0 0 0 0 0 0 0 0 0 0 0 0 0 0 0 0 0 0 0 0 0 0 0 0 0 0 0 0 0 0 0 0 0 0 0 0 0 0 0 0 0 0 0 0 0 0 0 0 0 0 0 0 0 0 0 0 0 0 0 0 0 0 0 0 0 0 0 0 0 0 0 0 0 0 0 0 0 0 0 0 0 0 0 0 0 0 0 0 0 0 0 0 0 0 0 0 0 0 0 0 0 0 0 0 0 0 0 0 0 0 0 0 0 0 0 1 0 0 0 32 0 13 9 1 0 1 1 1 1 1 1 1 
0 0 0 0 0 0 0 0 0 0 0 0 0 0 0 0 0 0 0 0 0 0 0 0 0 0 0 0 0 0 0 0 0 0 0 0 0 0 0 0 0 0 0 0 0 0 0 0 0 0 0 0 0 0 0 0 0 0 0 0 0 0 0 0 0 0 0 0 0 0 0 0 0 0 0 0 0 0 0 0 0 0 0 0 0 0 0 0 0 0 0 0 0 0 0 0 0 0 0 0 0 0 0 0 0 0 0 0 0 0 0 0 0 0 0 0 0 0 0 0 0 0 0 0 0 0 0 0 0 0 0 0 0 0 0 0 0 0 0 0 0 0 0 0 0 0 0 0 0 0 0 0 0 0 0 0 0 0 0 0 0 0 0 0 0 0 0 0 0 0 0 0 0 0 0 0 0 0 0 0 0 0 0 0 0 0 0 0 0 0 0 0 0 0 0 0 0 0 0 0 0 0 0 0 0 0 0 0 0 0 0 0 0 0 0 0 0 0 0 0 0 0 0 0 0 0 0 0 0 0 0 0 0 0 0 0 0 0 0 0 0 0 0 0 0 0 0 0 0 0 0 0 0 0 0 0 0 0 0 0 0 0 0 0 0 0 0 0 0 0 0 0 0 0 0 0 0 0 0 0 0 0 0 0 0 0 0 0 0 0 0 0 0 0 0 0 0 0 0 0 0 0 0 0 0 0 0 0 0 0 0 0 0 0 0 0 0 0 0 0 0 0 0 0 0 0 0 0 0 0 0 0 0 0 0 0 0 0 0 0 0 0 0 0 0 0 0 0 0 0 0 0 0 0 0 0 0 0 0 0 0 0 0 0 0 0 0 0 0 0 0 0 0 0 0 0 0 0 0 0 0 0 0 0 0 0 0 0 0 0 0 0 0 0 0 0 0 0 0 0 0 0 0 0 0 0 0 0 0 0 0 0 0 0 0 0 0 0 0 0 0 0 0 0 0 0 0 0 0 0 0 0 0 0 0 0 0 0 0 0 0 0 0 0 0 0 0 0 0 0 0 0 0 0 0 0 0 0 0 0 0 0 0 0 0 0 0 0 0 0 0 0 0 0 0 0 0 0 0 0 0 0 0 0 0 0 0 0 0 0 0 0 0 0 0 0 0 0 0 0 0 0 0 0 0 0 0 0 0 0 0 0 0 0 0 0 0 0 0 0 0 0 0 0 0 0 0 0 0 0 0 0 0 0 0 0 0 0 0 0 0 0 0 0 0 0 0 0 0 0 0 0 0 0 0 0 0 0 0 0 0 0 0 0 0 0 0 0 0 0 0 0 0 0 0 0 0 0 0 0 0 0 0 0 0 0 0 0 0 0 0 0 0 0 0 0 0 0 0 0 0 0 0 0 0 0 0 0 0 0 0 0 0 0 0 0 0 0 0 0 0 0 0 0 0 0 0 0 0 0 0 0 0 0 0 0 0 0 0 0 0 0 0 0 0 0 0 0 0 0 0 0 0 0 0 0 0 0 0 0 0 0 0 0 0 0 0 0 0 0 0 0 0 0 0 0 0 0 0 0 0 0 0 0 0 0 0 0 0 0 0 0 0 0 0 0 0 0 0 0 0 0 0 0 0 0 0 0 0 0 0 0 0 0 0 0 0 0 0 0 0 0 0 0 0 0 0 0 0 0 0 0 0 0 0 0 0 0 0 0 0 0 0 0 0 0 0 0 0 0 0 0 0 0 0 0 0 0 0 0 0 0 0 0 0 0 0 0 0 0 0 0 0 0 0 0 0 0 0 0 0 0 0 0 0 0 0 0 0 0 0 0 0 0 0 0 0 0 0 0 0 0 0 0 0 0 0 0 0 0 0 0 0 0 0 0 0 0 0 0 0 0 0 0 0 0 0 0 0 0 0 0 0 0 0 0 0 0 0 0 0 0 0 0 0 0 0 0 0 0 0 0 0 0 0 0 0 0 0 0 0 0 0 0 0 0 0 0 0 0 0 0 0 0 0 0 0 0 0 0 0 0 0 0 0 0 0 0 0 0 0 0 0 0 0 0 0 0 0 0 0 0 0 0 0 0 0 0 0 0 0 0 0 0 0 0 0 0 0 0 0 0 0 0 0 0 0 0 0 0 0 0 0 0 0 0 0 0 0 0 0 0 0 0 0 0 0 0 0 0 0 0 0 0 0 0 0 0 0 0 0 0 0 0 0 0 0 0 0 0 0 0 0 0 0 0 0 0 0 0 0 0 0 0 0 0 0 0 0 0 1 1 0 0 0 0 0 0 0 1 0 0 0 1 0 1 1 1 0 0 1 1 1 1 1 1 1 1 1 1 1 1 1 1 

Indices of CNs' bubbles in clusters: (layer cluster, i j   i j ...)
0 0,  0  0       0  1       0  2       0  3       0  4       0  5       0  6       0  7       0  8       0  9       0  10       0  11       0  12       0  13       0  14       0  15       0  16       0  17       0  18       0  19       0  20       0  21       0  22       0  23       0  24       0  25       0  26       0  27       0  28       0  29       0  30       0  31       0  32       0  33       0  34       0  35       0  36       0  37       0  38       0  39       0  40       0  41       0  42       0  43       0  44       0  45       0  46       0  47       0  48       0  49       0  50       0  51       0  52       0  53       0  54       0  55       0  56       0  57       0  58       0  59       0  60       0  61       0  62       0  63

1 0,  
1 1,  0  0       0  1       0  2       0  3       0  4       0  5       0  6       0  7       0  8       0  9       0  10       0  11       0  12       0  13       0  14       0  15       0  16       0  17       0  18       0  19       0  20       0  21       0  22       0  23       0  24       0  25       0  26       0  27       0  28       0  29       0  30       0  31       0  32       0  33       0  34       0  35       0  36       0  37       0  38       0  39       0  40       0  41       0  42       0  43       0  44       0  45       0  46       0  47       0  48       0  49       0  50       0  51       0  52       0  53       0  54       0  55       0  56       0  57       0  58       0  59       0  60       0  61       0  62       0  63

2 0,  
2 1,  
2 2,  
2 3,  0  0       0  1       0  2       0  3       0  4       0  5       0  6       0  7       0  8       0  9       0  10       0  11       0  12       0  13       0  14       0  15       0  16       0  17       0  18       0  19       0  20       0  21       0  22       0  23       0  24       0  25       0  26       0  27       0  28       0  29       0  30       0  31       0  32       0  33       0  34       0  35       0  36       0  37       0  38       0  39       0  40       0  41       0  42       0  43       0  44       0  45       0  46       0  47       0  48       0  49       0  50       0  51       0  52       0  53       0  54       0  55       0  56       0  57       0  58       0  59       0  60       0  61       0  62       0  63

3 0,  
3 1,  
3 2,  
3 3,  
3 4,  
3 5,  
3 6,  
3 7,  0  0       0  1       0  2       0  3       0  4       0  5       0  6       0  7       0  8       0  9       0  10       0  11       0  12       0  13       0  14       0  15       0  16       0  17       0  18       0  19       0  20       0  21       0  22       0  23       0  24       0  25       0  26       0  27       0  28       0  29       0  30       0  31       0  32       0  33       0  34       0  35       0  36       0  37       0  38       0  39       0  40       0  41       0  42       0  43       0  44       0  45       0  46       0  47       0  48       0  49       0  50       0  51       0  52       0  53       0  54       0  55       0  56       0  57       0  58       0  59       0  60       0  61       0  62       0  63

4 0,  
4 1,  
4 2,  
4 3,  
4 4,  
4 5,  
4 6,  
4 7,  
4 8,  
4 9,  
4 10,  
4 11,  
4 12,  
4 13,  
4 14,  
4 15,  0  0       0  1       0  2       0  3       0  4       0  5       0  6       0  7       0  8       0  9       0  10       0  11       0  12       0  13       0  14       0  15       0  16       0  17       0  18       0  19       0  20       0  21       0  22       0  23       0  24       0  25       0  26       0  27       0  28       0  29       0  30       0  31       0  32       0  33       0  34       0  35       0  36       0  37       0  38       0  39       0  40       0  41       0  42       0  43       0  44       0  45       0  46       0  47       0  48       0  49       0  50       0  51       0  52       0  53       0  54       0  55       0  56       0  57       0  58       0  59       0  60       0  61       0  62       0  63       1  0       1  1       1  2       1  3       1  4       1  5       1  6       1  7       1  8       1  9       1  10       1  11       1  12       1  13       1  14       1  15       1  16       1  17       1  18       1  19       2  0       2  1       2  2       2  3       2  4       2  5       2  6       2  7       2  8       2  9       2  10       2  11       3  0       3  1       3  2       3  3       3  4       3  5       3  6       3  7       3  8       3  9       4  0       4  1       4  2       4  3       4  4       4  5       4  6       4  7       4  8       5  0       5  1       5  2       5  3       5  4       5  5       5  6       6  0       6  1       6  2       6  3       6  4       6  5       7  0       7  1       7  2       7  3       7  4       7  5       8  0       8  1       8  2       8  3       8  4       9  0       9  1       9  2       9  3      10  0      10  1      10  2      10  3      11  0      11  1      11  2      12  0      12  1      12  2      13  0      13  1      14  0      14  1      15  0      15  1      16  0      16  1      17  0      18  0      19  0      20  0      21  0      22  0

5 0,  
5 1,  
5 2,  
5 3,  
5 4,  
5 5,  
5 6,  
5 7,  
5 8,  
5 9,  
5 10,  
5 11,  
5 12,  
5 13,  
5 14,  
5 15,  
5 16,  
5 17,  
5 18,  
5 19,  
5 20,  
5 21,  
5 22,  
5 23,  
5 24,  
5 25,  
5 26,  
5 27,  
5 28,  
5 29,  
5 30,  0  0       0  1       0  2       0  3       0  4       0  5       0  6       0  7       0  8       0  9       0  10       0  11       0  12       0  13       0  14       0  15       0  16       0  17       0  18       0  19       0  20       0  21       0  22       0  23       0  24       0  25       0  26       0  27       0  28       0  29       0  30       0  31       0  32       0  33       0  34       0  35       0  36       0  37       0  38       0  39       0  40       0  41       0  42       0  43       0  44       0  45       0  46       0  47       0  48       0  49       0  50       0  51       0  52       0  53       0  54       0  55       0  56       0  57       0  58       0  59       0  60       0  61       0  62       0  63
5 31,  0  0       0  1       0  2       0  3       0  4       0  5       0  6       0  7       0  8       0  9       0  10       0  11       0  12       0  13       0  14       0  15       0  16       0  17       0  18       0  19       0  20       0  21       0  22       0  23       0  24       0  25       0  26       0  27       0  28       0  29       0  30       0  31       0  32       0  33       0  34       0  35       0  36       0  37       0  38       0  39       0  40       0  41       0  42       0  43       0  44       0  45       0  46       0  47       0  48       0  49       0  50       0  51       0  52       0  53       0  54       0  55       0  56       0  57       0  58       0  59       0  60       0  61       0  62       0  63       1  0       1  1       1  2       1  3       1  4       1  5       1  6       1  7       1  8       1  9       1  10       1  11       1  12       1  13       1  14       1  15       1  16       1  17       1  18       1  19       1  20       2  0       2  1       2  2       2  3       2  4       2  5       2  6       2  7       2  8       2  9       2  10       2  11       3  0       3  1       3  2       3  3       3  4       3  5       3  6       3  7       3  8       3  9       4  0       4  1       4  2       4  3       4  4       4  5       4  6       4  7       4  8       5  0       5  1       5  2       5  3       5  4       5  5       6  0       6  1       6  2       6  3       6  4       7  0       7  1       7  2       7  3       7  4       8  0       8  1       8  2       8  3       8  4       9  0       9  1       9  2       9  3       9  4      10  0      10  1      10  2      10  3      11  0      11  1      11  2      12  0      12  1      13  0      13  1      14  0      14  1      15  0      15  1      16  0      16  1      17  0      17  1      18  0      18  1      19  0      20  0      21  0      22  0

6 0,  
6 1,  
6 2,  
6 3,  
6 4,  
6 5,  
6 6,  
6 7,  
6 8,  
6 9,  
6 10,  
6 11,  
6 12,  
6 13,  
6 14,  
6 15,  
6 16,  
6 17,  
6 18,  
6 19,  
6 20,  
6 21,  
6 22,  
6 23,  
6 24,  
6 25,  
6 26,  
6 27,  
6 28,  
6 29,  
6 30,  
6 31,  
6 32,  
6 33,  
6 34,  
6 35,  
6 36,  
6 37,  
6 38,  
6 39,  
6 40,  
6 41,  
6 42,  
6 43,  
6 44,  
6 45,  
6 46,  
6 47,  
6 48,  
6 49,  
6 50,  
6 51,  
6 52,  
6 53,  
6 54,  
6 55,  
6 56,  
6 57,  
6 58,  
6 59,  
6 60,  
6 61,  0  0       0  1       0  2       0  3       0  4       0  5       0  6       0  7       0  8       0  9       0  10       0  11       0  12       0  13       0  14       0  15       0  16       0  17       0  18       0  19       0  20       0  21       0  22       0  23       0  24       0  25       0  26       0  27       0  28       0  29       0  30       0  31       0  32       0  33       0  34       0  35       0  36       0  37       0  38       0  39       0  40       0  41       0  42       0  43       0  44       0  45       0  46       0  47       0  48       0  49       0  50       0  51       0  52       0  53       0  54       0  55       0  56       0  57       0  58       0  59       0  60       0  61       0  62       0  63
6 62,  0  0       0  1       0  2       0  3       0  4       0  5       0  6       0  7       0  8       0  9       0  10       0  11       0  12       0  13       0  14       0  15       0  16       0  17       0  18       0  19       0  20       0  21       0  22       0  23       0  24       0  25       0  26       0  27       0  28       0  29       0  30       0  31       0  32       0  33       0  34       0  35       0  36       0  37       0  38       0  39       0  40       0  41       0  42       0  43       0  44       0  45       0  46       0  47       0  48       0  49       0  50       0  51       0  52       0  53       0  54       0  55       0  56       0  57       0  58       0  59       0  60       0  61       0  62       0  63       1  0       1  1       1  2       1  3       1  4       1  5       1  6       1  7       1  8       1  9       1  10       1  11       1  12       1  13       1  14       1  15       1  16       1  17       1  18       1  19       1  20       1  21       1  22       2  0       2  1       2  2       2  3       2  4       2  5       2  6       2  7       2  8       2  9       2  10       2  11       2  12       3  0       3  1       3  2       3  3       3  4       3  5       3  6       3  7       4  0       4  1       4  2       4  3       4  4       4  5       4  6       5  0       5  1       5  2       5  3       5  4       6  0       6  1       6  2       6  3       6  4       7  0       7  1       7  2       7  3       8  0       8  1       8  2       9  0       9  1       9  2      10  0      10  1      10  2      11  0      11  1      11  2      12  0      12  1      12  2      13  0      13  1      14  0      15  0      16  0      17  0      18  0      19  0
6 63,  0  0       0  1       0  2       0  3       0  4       0  5       0  6       0  7       0  8       0  9       0  10       0  11       0  12       0  13       0  14       0  15       0  16       0  17       0  18       0  19       0  20       0  21       0  22       0  23       0  24       0  25       0  26       0  27       0  28       0  29       0  30       0  31       0  32       0  33       1  0       1  1       1  2       1  3       1  4       2  0       2  1       2  2       3  0       3  1       4  0       5  0       6  0       7  0

7 0,  
7 1,  
7 2,  
7 3,  
7 4,  
7 5,  
7 6,  
7 7,  
7 8,  
7 9,  
7 10,  
7 11,  
7 12,  
7 13,  
7 14,  
7 15,  
7 16,  
7 17,  
7 18,  
7 19,  
7 20,  
7 21,  
7 22,  
7 23,  
7 24,  
7 25,  
7 26,  
7 27,  
7 28,  
7 29,  
7 30,  
7 31,  
7 32,  
7 33,  
7 34,  
7 35,  
7 36,  
7 37,  
7 38,  
7 39,  
7 40,  
7 41,  
7 42,  
7 43,  
7 44,  
7 45,  
7 46,  
7 47,  
7 48,  
7 49,  
7 50,  
7 51,  
7 52,  
7 53,  
7 54,  
7 55,  
7 56,  
7 57,  
7 58,  
7 59,  
7 60,  
7 61,  
7 62,  
7 63,  
7 64,  
7 65,  
7 66,  
7 67,  
7 68,  
7 69,  
7 70,  
7 71,  
7 72,  
7 73,  
7 74,  
7 75,  
7 76,  
7 77,  
7 78,  
7 79,  
7 80,  
7 81,  
7 82,  
7 83,  
7 84,  
7 85,  
7 86,  
7 87,  
7 88,  
7 89,  
7 90,  
7 91,  
7 92,  
7 93,  
7 94,  
7 95,  
7 96,  
7 97,  
7 98,  
7 99,  
7 100,  
7 101,  
7 102,  
7 103,  
7 104,  
7 105,  
7 106,  
7 107,  
7 108,  
7 109,  
7 110,  
7 111,  
7 112,  
7 113,  
7 114,  
7 115,  
7 116,  
7 117,  
7 118,  
7 119,  
7 120,  
7 121,  
7 122,  
7 123,  0  0       0  1       0  2       0  3       0  4       0  5       0  6       0  7       0  8       0  9       0  10       0  11       0  12       0  13       0  14       0  15       0  16       0  17       0  18       0  19       0  20       0  21       0  22       0  23       0  24       0  25       0  26       0  27       0  28       0  29       0  30       0  31       0  32       0  33       0  34       0  35       0  36       0  37       0  38       0  39       0  40       0  41       0  42       0  43       0  44       0  45       0  46       0  47       0  48       0  49       0  50       0  51       0  52       0  53       0  54       0  55       0  56       0  57       0  58       0  59       0  60       0  61       0  62       0  63
7 124,  0  0       0  1       0  2       0  3       0  4       0  5       0  6       0  7       0  8       0  9       0  10       0  11       0  12       0  13       0  14       0  15       0  16       0  17       0  18       0  19       0  20       0  21       0  22       0  23       0  24       0  25       0  26       0  27       0  28       0  29       0  30       0  31       0  32       0  33       0  34       0  35       0  36       0  37       0  38       0  39       0  40       0  41       0  42       0  43       0  44       0  45       0  46       0  47       0  48       0  49       0  50       0  51       0  52       0  53       0  54       0  55       0  56       0  57       0  58       0  59       0  60       0  61       0  62       0  63
7 125,  0  0       0  1       0  2       0  3       0  4       0  5       0  6       0  7       0  8       0  9       0  10       0  11       0  12       0  13       0  14       0  15       0  16       0  17       0  18       0  19       0  20       0  21       0  22       0  23       0  24       0  25       0  26       0  27       0  28       0  29       0  30       0  31       0  32       0  33       0  34       0  35       0  36       0  37       0  38       0  39       0  40       0  41       0  42       0  43       0  44       0  45       0  46       0  47       0  48       0  49       0  50       0  51       0  52       0  53       0  54       0  55       0  56       0  57       0  58       0  59       0  60       0  61       0  62       0  63       1  0       1  1       1  2       1  3       1  4       1  5       1  6       1  7       1  8       1  9       1  10       1  11       1  12       1  13       1  14       1  15       1  16       1  17       1  18       1  19       1  20       2  0       2  1       2  2       2  3       2  4       2  5       2  6       2  7       2  8       2  9       3  0       3  1       3  2       3  3       4  0       4  1       4  2       4  3       5  0       5  1       5  2       5  3       6  0       6  3       7  0       8  0       9  0      10  0      11  0      12  0      13  0      14  0      15  0      16  0      17  0
7 126,  0  0       0  1       0  2       0  3       0  4       0  5       0  6       0  7       0  8       0  9       0  10       0  11       0  12       0  13       0  14       0  15       0  16       0  17       0  18       0  19       0  20       0  21       0  22       0  23       0  24       0  25       0  26       0  27       0  28       0  29       0  30       0  31       0  32       0  33       1  0       1  1       1  2       1  3       1  4       1  5       2  0       2  1       2  2       2  3       2  4       3  0       3  1       3  2       3  3       3  4       4  0       5  0       6  0       7  0       8  0       9  0      10  0      11  0
7 127,  0  0

8 0,  
8 1,  
8 2,  
8 3,  
8 4,  
8 5,  
8 6,  
8 7,  
8 8,  
8 9,  
8 10,  
8 11,  
8 12,  
8 13,  
8 14,  
8 15,  
8 16,  
8 17,  
8 18,  
8 19,  
8 20,  
8 21,  
8 22,  
8 23,  
8 24,  
8 25,  
8 26,  
8 27,  
8 28,  
8 29,  
8 30,  
8 31,  
8 32,  
8 33,  
8 34,  
8 35,  
8 36,  
8 37,  
8 38,  
8 39,  
8 40,  
8 41,  
8 42,  
8 43,  
8 44,  
8 45,  
8 46,  
8 47,  
8 48,  
8 49,  
8 50,  
8 51,  
8 52,  
8 53,  
8 54,  
8 55,  
8 56,  
8 57,  
8 58,  
8 59,  
8 60,  
8 61,  
8 62,  
8 63,  
8 64,  
8 65,  
8 66,  
8 67,  
8 68,  
8 69,  
8 70,  
8 71,  
8 72,  
8 73,  
8 74,  
8 75,  
8 76,  
8 77,  
8 78,  
8 79,  
8 80,  
8 81,  
8 82,  
8 83,  
8 84,  
8 85,  
8 86,  
8 87,  
8 88,  
8 89,  
8 90,  
8 91,  
8 92,  
8 93,  
8 94,  
8 95,  
8 96,  
8 97,  
8 98,  
8 99,  
8 100,  
8 101,  
8 102,  
8 103,  
8 104,  
8 105,  
8 106,  
8 107,  
8 108,  
8 109,  
8 110,  
8 111,  
8 112,  
8 113,  
8 114,  
8 115,  
8 116,  
8 117,  
8 118,  
8 119,  
8 120,  
8 121,  
8 122,  
8 123,  
8 124,  
8 125,  
8 126,  
8 127,  
8 128,  
8 129,  
8 130,  
8 131,  
8 132,  
8 133,  
8 134,  
8 135,  
8 136,  
8 137,  
8 138,  
8 139,  
8 140,  
8 141,  
8 142,  
8 143,  
8 144,  
8 145,  
8 146,  
8 147,  
8 148,  
8 149,  
8 150,  
8 151,  
8 152,  
8 153,  
8 154,  
8 155,  
8 156,  
8 157,  
8 158,  
8 159,  
8 160,  
8 161,  
8 162,  
8 163,  
8 164,  
8 165,  
8 166,  
8 167,  
8 168,  
8 169,  
8 170,  
8 171,  
8 172,  
8 173,  
8 174,  
8 175,  
8 176,  
8 177,  
8 178,  
8 179,  
8 180,  
8 181,  
8 182,  
8 183,  
8 184,  
8 185,  
8 186,  
8 187,  
8 188,  
8 189,  
8 190,  
8 191,  
8 192,  
8 193,  
8 194,  
8 195,  
8 196,  
8 197,  
8 198,  
8 199,  
8 200,  
8 201,  
8 202,  
8 203,  
8 204,  
8 205,  
8 206,  
8 207,  
8 208,  
8 209,  
8 210,  
8 211,  
8 212,  
8 213,  
8 214,  
8 215,  
8 216,  
8 217,  
8 218,  
8 219,  
8 220,  
8 221,  
8 222,  
8 223,  
8 224,  
8 225,  
8 226,  
8 227,  
8 228,  
8 229,  
8 230,  
8 231,  
8 232,  
8 233,  
8 234,  
8 235,  
8 236,  
8 237,  
8 238,  
8 239,  
8 240,  
8 241,  
8 242,  
8 243,  
8 244,  
8 245,  
8 246,  
8 247,  0  0       0  1       0  2       0  3       0  4       0  5       0  6       0  7       0  8       0  9       0  10       0  11       0  12       0  13       0  14       0  15       0  16       0  17       0  18       0  19       0  20       0  21       0  22       0  23       0  24       0  25       0  26       0  27       0  28       0  29       0  30
8 248,  
8 249,  0  0       0  1       0  2       0  3       0  4       0  5       0  6       0  7       0  8       0  9       0  10       0  11       0  12       0  13       0  14       0  15       0  16       0  17       0  18       0  19       0  20       0  21       0  22       0  23       0  24       0  25       0  26       0  27       0  28       0  29       0  30       0  31       0  32       0  33       0  34       0  35       0  36       0  37       0  38       0  39       0  40       0  41       0  42       0  43       0  44       0  45       0  46       0  47       0  48       0  49       0  50       0  51       0  52       0  53       0  54       0  55       0  56       0  57       0  58       0  59       0  60       0  61       0  62       0  63
8 250,  0  0       0  1       0  2       0  3       0  4       0  5       0  6       0  7       0  8       0  9       0  10       0  11       0  12       0  13       0  14       0  15       0  16       0  17       0  18       0  19       0  20       0  21       0  22       0  23       0  24       0  25       0  26       0  27       0  28       0  29       0  30       0  31       0  32       0  33       0  34       0  35       0  36       0  37       0  38       0  39       0  40       0  41       0  42       0  43       0  44       0  45       0  46       0  47       0  48       0  49       0  50       0  51       0  52       0  53       0  54       0  55       0  56       0  57       0  58       0  59       0  60       0  61       0  62       0  63
8 251,  0  0       0  1       0  2       0  3       0  4       0  5       0  6       0  7       0  8       1  0
8 252,  0  0       0  1       0  2       0  3       0  4       0  5       0  6       0  7       0  8       0  9       0  10       0  11       0  12       0  13       0  14       0  15       0  16       0  17       0  18       0  19       0  20       0  21       0  22       0  23       0  24       0  25       0  26       0  27       0  28       0  29       0  30       0  31       0  32       0  33
8 253,  0  0
8 254,  0  0
8 255,  0  0

9 0,  
9 1,  
9 2,  
9 3,  
9 4,  
9 5,  
9 6,  
9 7,  
9 8,  
9 9,  
9 10,  
9 11,  
9 12,  
9 13,  
9 14,  
9 15,  
9 16,  
9 17,  
9 18,  
9 19,  
9 20,  
9 21,  
9 22,  
9 23,  
9 24,  
9 25,  
9 26,  
9 27,  
9 28,  
9 29,  
9 30,  
9 31,  
9 32,  
9 33,  
9 34,  
9 35,  
9 36,  
9 37,  
9 38,  
9 39,  
9 40,  
9 41,  
9 42,  
9 43,  
9 44,  
9 45,  
9 46,  
9 47,  
9 48,  
9 49,  
9 50,  
9 51,  
9 52,  
9 53,  
9 54,  
9 55,  
9 56,  
9 57,  
9 58,  
9 59,  
9 60,  
9 61,  
9 62,  
9 63,  
9 64,  
9 65,  
9 66,  
9 67,  
9 68,  
9 69,  
9 70,  
9 71,  
9 72,  
9 73,  
9 74,  
9 75,  
9 76,  
9 77,  
9 78,  
9 79,  
9 80,  
9 81,  
9 82,  
9 83,  
9 84,  
9 85,  
9 86,  
9 87,  
9 88,  
9 89,  
9 90,  
9 91,  
9 92,  
9 93,  
9 94,  
9 95,  
9 96,  
9 97,  
9 98,  
9 99,  
9 100,  
9 101,  
9 102,  
9 103,  
9 104,  
9 105,  
9 106,  
9 107,  
9 108,  
9 109,  
9 110,  
9 111,  
9 112,  
9 113,  
9 114,  
9 115,  
9 116,  
9 117,  
9 118,  
9 119,  
9 120,  
9 121,  
9 122,  
9 123,  
9 124,  
9 125,  
9 126,  
9 127,  
9 128,  
9 129,  
9 130,  
9 131,  
9 132,  
9 133,  
9 134,  
9 135,  
9 136,  
9 137,  
9 138,  
9 139,  
9 140,  
9 141,  
9 142,  
9 143,  
9 144,  
9 145,  
9 146,  
9 147,  
9 148,  
9 149,  
9 150,  
9 151,  
9 152,  
9 153,  
9 154,  
9 155,  
9 156,  
9 157,  
9 158,  
9 159,  
9 160,  
9 161,  
9 162,  
9 163,  
9 164,  
9 165,  
9 166,  
9 167,  
9 168,  
9 169,  
9 170,  
9 171,  
9 172,  
9 173,  
9 174,  
9 175,  
9 176,  
9 177,  
9 178,  
9 179,  
9 180,  
9 181,  
9 182,  
9 183,  
9 184,  
9 185,  
9 186,  
9 187,  
9 188,  
9 189,  
9 190,  
9 191,  
9 192,  
9 193,  
9 194,  
9 195,  
9 196,  
9 197,  
9 198,  
9 199,  
9 200,  
9 201,  
9 202,  
9 203,  
9 204,  
9 205,  
9 206,  
9 207,  
9 208,  
9 209,  
9 210,  
9 211,  
9 212,  
9 213,  
9 214,  
9 215,  
9 216,  
9 217,  
9 218,  
9 219,  
9 220,  
9 221,  
9 222,  
9 223,  
9 224,  
9 225,  
9 226,  
9 227,  
9 228,  
9 229,  
9 230,  
9 231,  
9 232,  
9 233,  
9 234,  
9 235,  
9 236,  
9 237,  
9 238,  
9 239,  
9 240,  
9 241,  
9 242,  
9 243,  
9 244,  
9 245,  
9 246,  
9 247,  
9 248,  
9 249,  
9 250,  
9 251,  
9 252,  
9 253,  
9 254,  
9 255,  
9 256,  
9 257,  
9 258,  
9 259,  
9 260,  
9 261,  
9 262,  
9 263,  
9 264,  
9 265,  
9 266,  
9 267,  
9 268,  
9 269,  
9 270,  
9 271,  
9 272,  
9 273,  
9 274,  
9 275,  
9 276,  
9 277,  
9 278,  
9 279,  
9 280,  
9 281,  
9 282,  
9 283,  
9 284,  
9 285,  
9 286,  
9 287,  
9 288,  
9 289,  
9 290,  
9 291,  
9 292,  
9 293,  
9 294,  
9 295,  
9 296,  
9 297,  
9 298,  
9 299,  
9 300,  
9 301,  
9 302,  
9 303,  
9 304,  
9 305,  
9 306,  
9 307,  
9 308,  
9 309,  
9 310,  
9 311,  
9 312,  
9 313,  
9 314,  
9 315,  
9 316,  
9 317,  
9 318,  
9 319,  
9 320,  
9 321,  
9 322,  
9 323,  
9 324,  
9 325,  
9 326,  
9 327,  
9 328,  
9 329,  
9 330,  
9 331,  
9 332,  
9 333,  
9 334,  
9 335,  
9 336,  
9 337,  
9 338,  
9 339,  
9 340,  
9 341,  
9 342,  
9 343,  
9 344,  
9 345,  
9 346,  
9 347,  
9 348,  
9 349,  
9 350,  
9 351,  
9 352,  
9 353,  
9 354,  
9 355,  
9 356,  
9 357,  
9 358,  
9 359,  
9 360,  
9 361,  
9 362,  
9 363,  
9 364,  
9 365,  
9 366,  
9 367,  
9 368,  
9 369,  
9 370,  
9 371,  
9 372,  
9 373,  
9 374,  
9 375,  
9 376,  
9 377,  
9 378,  
9 379,  
9 380,  
9 381,  
9 382,  
9 383,  
9 384,  
9 385,  
9 386,  
9 387,  
9 388,  
9 389,  
9 390,  
9 391,  
9 392,  
9 393,  
9 394,  
9 395,  
9 396,  
9 397,  
9 398,  
9 399,  
9 400,  
9 401,  
9 402,  
9 403,  
9 404,  
9 405,  
9 406,  
9 407,  
9 408,  
9 409,  
9 410,  
9 411,  
9 412,  
9 413,  
9 414,  
9 415,  
9 416,  
9 417,  
9 418,  
9 419,  
9 420,  
9 421,  
9 422,  
9 423,  
9 424,  
9 425,  
9 426,  
9 427,  
9 428,  
9 429,  
9 430,  
9 431,  
9 432,  
9 433,  
9 434,  
9 435,  
9 436,  
9 437,  
9 438,  
9 439,  
9 440,  
9 441,  
9 442,  
9 443,  
9 444,  
9 445,  
9 446,  
9 447,  
9 448,  
9 449,  
9 450,  
9 451,  
9 452,  
9 453,  
9 454,  
9 455,  
9 456,  
9 457,  
9 458,  
9 459,  
9 460,  
9 461,  
9 462,  
9 463,  
9 464,  
9 465,  
9 466,  
9 467,  
9 468,  
9 469,  
9 470,  
9 471,  
9 472,  
9 473,  
9 474,  
9 475,  
9 476,  
9 477,  
9 478,  
9 479,  
9 480,  
9 481,  
9 482,  
9 483,  
9 484,  
9 485,  
9 486,  
9 487,  
9 488,  
9 489,  
9 490,  
9 491,  
9 492,  
9 493,  
9 494,  
9 495,  0  0
9 496,  
9 497,  
9 498,  
9 499,  0  0       0  1       0  2       0  3       0  4       0  5       0  6       0  7       0  8       0  9       0  10       0  11       0  12       0  13       0  14       0  15       0  16       0  17       0  18       0  19       0  20       0  21       0  22       0  23       0  24       0  25       0  26       0  27       0  28       0  29       0  30       0  31
9 500,  
9 501,  0  0       0  1       0  2       0  3       0  4       0  5       0  6       0  7       0  8       0  9       0  10       0  11       0  12
9 502,  0  0       0  1       0  2       0  3       0  4       0  5       0  6       0  7       0  8
9 503,  0  0
9 504,  
9 505,  0  0
9 506,  0  0
9 507,  0  0
9 508,  0  0
9 509,  0  0
9 510,  0  0
9 511,  0  0

10 0,  
10 1,  
10 2,  
10 3,  
10 4,  
10 5,  
10 6,  
10 7,  
10 8,  
10 9,  
10 10,  
10 11,  
10 12,  
10 13,  
10 14,  
10 15,  
10 16,  
10 17,  
10 18,  
10 19,  
10 20,  
10 21,  
10 22,  
10 23,  
10 24,  
10 25,  
10 26,  
10 27,  
10 28,  
10 29,  
10 30,  
10 31,  
10 32,  
10 33,  
10 34,  
10 35,  
10 36,  
10 37,  
10 38,  
10 39,  
10 40,  
10 41,  
10 42,  
10 43,  
10 44,  
10 45,  
10 46,  
10 47,  
10 48,  
10 49,  
10 50,  
10 51,  
10 52,  
10 53,  
10 54,  
10 55,  
10 56,  
10 57,  
10 58,  
10 59,  
10 60,  
10 61,  
10 62,  
10 63,  
10 64,  
10 65,  
10 66,  
10 67,  
10 68,  
10 69,  
10 70,  
10 71,  
10 72,  
10 73,  
10 74,  
10 75,  
10 76,  
10 77,  
10 78,  
10 79,  
10 80,  
10 81,  
10 82,  
10 83,  
10 84,  
10 85,  
10 86,  
10 87,  
10 88,  
10 89,  
10 90,  
10 91,  
10 92,  
10 93,  
10 94,  
10 95,  
10 96,  
10 97,  
10 98,  
10 99,  
10 100,  
10 101,  
10 102,  
10 103,  
10 104,  
10 105,  
10 106,  
10 107,  
10 108,  
10 109,  
10 110,  
10 111,  
10 112,  
10 113,  
10 114,  
10 115,  
10 116,  
10 117,  
10 118,  
10 119,  
10 120,  
10 121,  
10 122,  
10 123,  
10 124,  
10 125,  
10 126,  
10 127,  
10 128,  
10 129,  
10 130,  
10 131,  
10 132,  
10 133,  
10 134,  
10 135,  
10 136,  
10 137,  
10 138,  
10 139,  
10 140,  
10 141,  
10 142,  
10 143,  
10 144,  
10 145,  
10 146,  
10 147,  
10 148,  
10 149,  
10 150,  
10 151,  
10 152,  
10 153,  
10 154,  
10 155,  
10 156,  
10 157,  
10 158,  
10 159,  
10 160,  
10 161,  
10 162,  
10 163,  
10 164,  
10 165,  
10 166,  
10 167,  
10 168,  
10 169,  
10 170,  
10 171,  
10 172,  
10 173,  
10 174,  
10 175,  
10 176,  
10 177,  
10 178,  
10 179,  
10 180,  
10 181,  
10 182,  
10 183,  
10 184,  
10 185,  
10 186,  
10 187,  
10 188,  
10 189,  
10 190,  
10 191,  
10 192,  
10 193,  
10 194,  
10 195,  
10 196,  
10 197,  
10 198,  
10 199,  
10 200,  
10 201,  
10 202,  
10 203,  
10 204,  
10 205,  
10 206,  
10 207,  
10 208,  
10 209,  
10 210,  
10 211,  
10 212,  
10 213,  
10 214,  
10 215,  
10 216,  
10 217,  
10 218,  
10 219,  
10 220,  
10 221,  
10 222,  
10 223,  
10 224,  
10 225,  
10 226,  
10 227,  
10 228,  
10 229,  
10 230,  
10 231,  
10 232,  
10 233,  
10 234,  
10 235,  
10 236,  
10 237,  
10 238,  
10 239,  
10 240,  
10 241,  
10 242,  
10 243,  
10 244,  
10 245,  
10 246,  
10 247,  
10 248,  
10 249,  
10 250,  
10 251,  
10 252,  
10 253,  
10 254,  
10 255,  
10 256,  
10 257,  
10 258,  
10 259,  
10 260,  
10 261,  
10 262,  
10 263,  
10 264,  
10 265,  
10 266,  
10 267,  
10 268,  
10 269,  
10 270,  
10 271,  
10 272,  
10 273,  
10 274,  
10 275,  
10 276,  
10 277,  
10 278,  
10 279,  
10 280,  
10 281,  
10 282,  
10 283,  
10 284,  
10 285,  
10 286,  
10 287,  
10 288,  
10 289,  
10 290,  
10 291,  
10 292,  
10 293,  
10 294,  
10 295,  
10 296,  
10 297,  
10 298,  
10 299,  
10 300,  
10 301,  
10 302,  
10 303,  
10 304,  
10 305,  
10 306,  
10 307,  
10 308,  
10 309,  
10 310,  
10 311,  
10 312,  
10 313,  
10 314,  
10 315,  
10 316,  
10 317,  
10 318,  
10 319,  
10 320,  
10 321,  
10 322,  
10 323,  
10 324,  
10 325,  
10 326,  
10 327,  
10 328,  
10 329,  
10 330,  
10 331,  
10 332,  
10 333,  
10 334,  
10 335,  
10 336,  
10 337,  
10 338,  
10 339,  
10 340,  
10 341,  
10 342,  
10 343,  
10 344,  
10 345,  
10 346,  
10 347,  
10 348,  
10 349,  
10 350,  
10 351,  
10 352,  
10 353,  
10 354,  
10 355,  
10 356,  
10 357,  
10 358,  
10 359,  
10 360,  
10 361,  
10 362,  
10 363,  
10 364,  
10 365,  
10 366,  
10 367,  
10 368,  
10 369,  
10 370,  
10 371,  
10 372,  
10 373,  
10 374,  
10 375,  
10 376,  
10 377,  
10 378,  
10 379,  
10 380,  
10 381,  
10 382,  
10 383,  
10 384,  
10 385,  
10 386,  
10 387,  
10 388,  
10 389,  
10 390,  
10 391,  
10 392,  
10 393,  
10 394,  
10 395,  
10 396,  
10 397,  
10 398,  
10 399,  
10 400,  
10 401,  
10 402,  
10 403,  
10 404,  
10 405,  
10 406,  
10 407,  
10 408,  
10 409,  
10 410,  
10 411,  
10 412,  
10 413,  
10 414,  
10 415,  
10 416,  
10 417,  
10 418,  
10 419,  
10 420,  
10 421,  
10 422,  
10 423,  
10 424,  
10 425,  
10 426,  
10 427,  
10 428,  
10 429,  
10 430,  
10 431,  
10 432,  
10 433,  
10 434,  
10 435,  
10 436,  
10 437,  
10 438,  
10 439,  
10 440,  
10 441,  
10 442,  
10 443,  
10 444,  
10 445,  
10 446,  
10 447,  
10 448,  
10 449,  
10 450,  
10 451,  
10 452,  
10 453,  
10 454,  
10 455,  
10 456,  
10 457,  
10 458,  
10 459,  
10 460,  
10 461,  
10 462,  
10 463,  
10 464,  
10 465,  
10 466,  
10 467,  
10 468,  
10 469,  
10 470,  
10 471,  
10 472,  
10 473,  
10 474,  
10 475,  
10 476,  
10 477,  
10 478,  
10 479,  
10 480,  
10 481,  
10 482,  
10 483,  
10 484,  
10 485,  
10 486,  
10 487,  
10 488,  
10 489,  
10 490,  
10 491,  
10 492,  
10 493,  
10 494,  
10 495,  
10 496,  
10 497,  
10 498,  
10 499,  
10 500,  
10 501,  
10 502,  
10 503,  
10 504,  
10 505,  
10 506,  
10 507,  
10 508,  
10 509,  
10 510,  
10 511,  
10 512,  
10 513,  
10 514,  
10 515,  
10 516,  
10 517,  
10 518,  
10 519,  
10 520,  
10 521,  
10 522,  
10 523,  
10 524,  
10 525,  
10 526,  
10 527,  
10 528,  
10 529,  
10 530,  
10 531,  
10 532,  
10 533,  
10 534,  
10 535,  
10 536,  
10 537,  
10 538,  
10 539,  
10 540,  
10 541,  
10 542,  
10 543,  
10 544,  
10 545,  
10 546,  
10 547,  
10 548,  
10 549,  
10 550,  
10 551,  
10 552,  
10 553,  
10 554,  
10 555,  
10 556,  
10 557,  
10 558,  
10 559,  
10 560,  
10 561,  
10 562,  
10 563,  
10 564,  
10 565,  
10 566,  
10 567,  
10 568,  
10 569,  
10 570,  
10 571,  
10 572,  
10 573,  
10 574,  
10 575,  
10 576,  
10 577,  
10 578,  
10 579,  
10 580,  
10 581,  
10 582,  
10 583,  
10 584,  
10 585,  
10 586,  
10 587,  
10 588,  
10 589,  
10 590,  
10 591,  
10 592,  
10 593,  
10 594,  
10 595,  
10 596,  
10 597,  
10 598,  
10 599,  
10 600,  
10 601,  
10 602,  
10 603,  
10 604,  
10 605,  
10 606,  
10 607,  
10 608,  
10 609,  
10 610,  
10 611,  
10 612,  
10 613,  
10 614,  
10 615,  
10 616,  
10 617,  
10 618,  
10 619,  
10 620,  
10 621,  
10 622,  
10 623,  
10 624,  
10 625,  
10 626,  
10 627,  
10 628,  
10 629,  
10 630,  
10 631,  
10 632,  
10 633,  
10 634,  
10 635,  
10 636,  
10 637,  
10 638,  
10 639,  
10 640,  
10 641,  
10 642,  
10 643,  
10 644,  
10 645,  
10 646,  
10 647,  
10 648,  
10 649,  
10 650,  
10 651,  
10 652,  
10 653,  
10 654,  
10 655,  
10 656,  
10 657,  
10 658,  
10 659,  
10 660,  
10 661,  
10 662,  
10 663,  
10 664,  
10 665,  
10 666,  
10 667,  
10 668,  
10 669,  
10 670,  
10 671,  
10 672,  
10 673,  
10 674,  
10 675,  
10 676,  
10 677,  
10 678,  
10 679,  
10 680,  
10 681,  
10 682,  
10 683,  
10 684,  
10 685,  
10 686,  
10 687,  
10 688,  
10 689,  
10 690,  
10 691,  
10 692,  
10 693,  
10 694,  
10 695,  
10 696,  
10 697,  
10 698,  
10 699,  
10 700,  
10 701,  
10 702,  
10 703,  
10 704,  
10 705,  
10 706,  
10 707,  
10 708,  
10 709,  
10 710,  
10 711,  
10 712,  
10 713,  
10 714,  
10 715,  
10 716,  
10 717,  
10 718,  
10 719,  
10 720,  
10 721,  
10 722,  
10 723,  
10 724,  
10 725,  
10 726,  
10 727,  
10 728,  
10 729,  
10 730,  
10 731,  
10 732,  
10 733,  
10 734,  
10 735,  
10 736,  
10 737,  
10 738,  
10 739,  
10 740,  
10 741,  
10 742,  
10 743,  
10 744,  
10 745,  
10 746,  
10 747,  
10 748,  
10 749,  
10 750,  
10 751,  
10 752,  
10 753,  
10 754,  
10 755,  
10 756,  
10 757,  
10 758,  
10 759,  
10 760,  
10 761,  
10 762,  
10 763,  
10 764,  
10 765,  
10 766,  
10 767,  
10 768,  
10 769,  
10 770,  
10 771,  
10 772,  
10 773,  
10 774,  
10 775,  
10 776,  
10 777,  
10 778,  
10 779,  
10 780,  
10 781,  
10 782,  
10 783,  
10 784,  
10 785,  
10 786,  
10 787,  
10 788,  
10 789,  
10 790,  
10 791,  
10 792,  
10 793,  
10 794,  
10 795,  
10 796,  
10 797,  
10 798,  
10 799,  
10 800,  
10 801,  
10 802,  
10 803,  
10 804,  
10 805,  
10 806,  
10 807,  
10 808,  
10 809,  
10 810,  
10 811,  
10 812,  
10 813,  
10 814,  
10 815,  
10 816,  
10 817,  
10 818,  
10 819,  
10 820,  
10 821,  
10 822,  
10 823,  
10 824,  
10 825,  
10 826,  
10 827,  
10 828,  
10 829,  
10 830,  
10 831,  
10 832,  
10 833,  
10 834,  
10 835,  
10 836,  
10 837,  
10 838,  
10 839,  
10 840,  
10 841,  
10 842,  
10 843,  
10 844,  
10 845,  
10 846,  
10 847,  
10 848,  
10 849,  
10 850,  
10 851,  
10 852,  
10 853,  
10 854,  
10 855,  
10 856,  
10 857,  
10 858,  
10 859,  
10 860,  
10 861,  
10 862,  
10 863,  
10 864,  
10 865,  
10 866,  
10 867,  
10 868,  
10 869,  
10 870,  
10 871,  
10 872,  
10 873,  
10 874,  
10 875,  
10 876,  
10 877,  
10 878,  
10 879,  
10 880,  
10 881,  
10 882,  
10 883,  
10 884,  
10 885,  
10 886,  
10 887,  
10 888,  
10 889,  
10 890,  
10 891,  
10 892,  
10 893,  
10 894,  
10 895,  
10 896,  
10 897,  
10 898,  
10 899,  
10 900,  
10 901,  
10 902,  
10 903,  
10 904,  
10 905,  
10 906,  
10 907,  
10 908,  
10 909,  
10 910,  
10 911,  
10 912,  
10 913,  
10 914,  
10 915,  
10 916,  
10 917,  
10 918,  
10 919,  
10 920,  
10 921,  
10 922,  
10 923,  
10 924,  
10 925,  
10 926,  
10 927,  
10 928,  
10 929,  
10 930,  
10 931,  
10 932,  
10 933,  
10 934,  
10 935,  
10 936,  
10 937,  
10 938,  
10 939,  
10 940,  
10 941,  
10 942,  
10 943,  
10 944,  
10 945,  
10 946,  
10 947,  
10 948,  
10 949,  
10 950,  
10 951,  
10 952,  
10 953,  
10 954,  
10 955,  
10 956,  
10 957,  
10 958,  
10 959,  
10 960,  
10 961,  
10 962,  
10 963,  
10 964,  
10 965,  
10 966,  
10 967,  
10 968,  
10 969,  
10 970,  
10 971,  
10 972,  
10 973,  
10 974,  
10 975,  
10 976,  
10 977,  
10 978,  
10 979,  
10 980,  
10 981,  
10 982,  
10 983,  
10 984,  
10 985,  
10 986,  
10 987,  
10 988,  
10 989,  
10 990,  0  0
10 991,  0  0
10 992,  
10 993,  
10 994,  
10 995,  
10 996,  
10 997,  
10 998,  
10 999,  0  0
10 1000,  
10 1001,  
10 1002,  
10 1003,  0  0
10 1004,  
10 1005,  0  0
10 1006,  0  0
10 1007,  0  0
10 1008,  
10 1009,  
10 1010,  0  0
10 1011,  0  0
10 1012,  0  0
10 1013,  0  0
10 1014,  0  0
10 1015,  0  0
10 1016,  0  0
10 1017,  0  0
10 1018,  0  0
10 1019,  0  0
10 1020,  0  0
10 1021,  0  0
10 1022,  0  0
10 1023,  0  0

