63 62 61 59 55 60 31 47 58 15 57 23 39 54 27 51 53 29 43 30 45 46 7 11 19 35 13 14 3 56 25 49 21 37 41 22 38 52 28 26 50 42 44 5 9 17 33 1 6 12 10 18 34 24 20 48 36 40 2 8 4 16 32 0 

63 62 61 59 60 55 58 57 47 54 53 31 51 56 46 45 43 52 15 29 39 30 38 49 7 50 44 35 9 42 24 2 18 12 32 8 36 16 10 4 0 3 1 48 22 21 40 11 20 34 6 37 19 26 41 28 13 33 5 17 14 23 25 27 

0.000000001173 0.002161900000 0.005889800000 0.189360000000 0.033602000000 0.340850000000 0.459620000000 0.854990000000 0.158410000000 0.569810000000 0.603650000000 0.912710000000 0.596040000000 0.915230000000 0.878590000000 0.989750000000 0.279230000000 0.665610000000 0.654180000000 0.931740000000 0.629720000000 0.929040000000 0.887180000000 0.990810000000 0.559340000000 0.906630000000 0.881830000000 0.990010000000 0.806260000000 0.989100000000 0.938770000000 0.999060000000 0.272850000000 0.631200000000 0.610020000000 0.915010000000 0.594470000000 0.915090000000 0.876560000000 0.989160000000 0.553850000000 0.902780000000 0.878890000000 0.989320000000 0.801830000000 0.987660000000 0.936970000000 0.998790000000 0.456200000000 0.841320000000 0.837330000000 0.983220000000 0.796490000000 0.986550000000 0.935900000000 0.998580000000 0.684390000000 0.961540000000 0.935340000000 0.998630000000 0.846490000000 0.998550000000 0.949700000000 0.999890000000 

0.000000000360 0.005477500000 0.014067000000 0.377470000000 0.082677000000 0.611940000000 0.787830000000 0.983500000000 0.406460000000 0.900110000000 0.955830000000 0.991500000000 0.976990000000 0.992050000000 0.991910000000 0.992200000000 0.820530000000 0.985330000000 0.989350000000 0.992100000000 0.990960000000 0.992150000000 0.992280000000 0.992210000000 0.991560000000 0.991840000000 0.992260000000 0.992180000000 0.992110000000 0.992220000000 0.992310000000 0.992170000000 0.960460000000 0.991770000000 0.991560000000 0.992290000000 0.992760000000 0.992270000000 0.992510000000 0.992160000000 0.992470000000 0.992210000000 0.992210000000 0.992220000000 0.992270000000 0.992170000000 0.992360000000 0.992180000000 0.991550000000 0.992430000000 0.992300000000 0.992170000000 0.992220000000 0.992180000000 0.992110000000 0.992180000000 0.992000000000 0.992240000000 0.992330000000 0.992190000000 0.992200000000 0.992160000000 0.992200000000 0.992190000000 

N_obs: 8000

File Format:
1- most to least reliable channels (taken entropies)
2- most to least reliable channels (taken error probabilities)
3- channels entropies (flipped)
4- channels error probabilities (flipped)
5- number of MontCarlo simulations
