63 61 62 59 55 60 58 57 47 54 53 31 51 46 56 45 15 39 43 23 27 29 30 52 7 50 49 11 35 19 13 14 44 41 37 21 25 38 42 3 22 26 28 5 9 33 17 1 6 48 12 34 10 36 18 40 20 24 2 8 4 16 32 0 

63 61 62 59 55 60 58 57 47 54 53 51 56 46 31 45 52 43 50 39 30 49 29 44 27 23 42 41 15 19 38 35 48 37 14 26 22 3 28 7 6 25 10 33 20 40 36 17 8 2 4 0 16 32 1 24 9 34 12 5 18 21 13 11 

0.000000000000 0.000001129200 0.000000081848 0.004012600000 0.000002682700 0.009497600000 0.021801000000 0.333860000000 0.000443090000 0.056460000000 0.111270000000 0.552560000000 0.236000000000 0.692240000000 0.716380000000 0.953430000000 0.028801000000 0.287790000000 0.386400000000 0.799010000000 0.449160000000 0.832080000000 0.805770000000 0.974510000000 0.444960000000 0.829600000000 0.808140000000 0.974240000000 0.750310000000 0.972610000000 0.925240000000 0.997470000000 0.170750000000 0.504480000000 0.499930000000 0.864240000000 0.492200000000 0.857580000000 0.827460000000 0.979260000000 0.464410000000 0.844650000000 0.821770000000 0.977140000000 0.758560000000 0.974490000000 0.925810000000 0.997410000000 0.403340000000 0.795970000000 0.787650000000 0.970960000000 0.749210000000 0.972710000000 0.923850000000 0.996970000000 0.651250000000 0.949090000000 0.922470000000 0.996980000000 0.837360000000 0.996870000000 0.947200000000 0.999760000000 

0.000000000000 0.000000920830 0.000000041662 0.009695800000 0.000002087400 0.021727000000 0.048069000000 0.567640000000 0.001217700000 0.121080000000 0.230940000000 0.816020000000 0.489560000000 0.936640000000 0.967850000000 0.991980000000 0.088222000000 0.603300000000 0.774570000000 0.981690000000 0.907170000000 0.990590000000 0.991220000000 0.992150000000 0.963670000000 0.991840000000 0.991990000000 0.992160000000 0.991950000000 0.992230000000 0.992140000000 0.992200000000 0.635660000000 0.963790000000 0.980140000000 0.992090000000 0.988150000000 0.992040000000 0.992130000000 0.992220000000 0.988830000000 0.992040000000 0.992290000000 0.992140000000 0.991740000000 0.992290000000 0.992160000000 0.992180000000 0.991280000000 0.992020000000 0.992450000000 0.992240000000 0.992490000000 0.992130000000 0.992220000000 0.992170000000 0.992100000000 0.992130000000 0.992290000000 0.992180000000 0.992080000000 0.992170000000 0.992220000000 0.992180000000 

N_obs: 8000

File Format:
1- most to least reliable channels (taken entropies)
2- most to least reliable channels (taken error probabilities)
3- channels entropies (flipped)
4- channels error probabilities (flipped)
5- number of MontCarlo simulations
