63 62 61 60 59 58 57 55 54 47 31 53 51 46 45 43 39 30 29 56 49 50 52 27 44 42 41 23 38 37 28 26 35 15 48 25 22 40 21 36 19 14 34 13 24 11 33 7 20 18 17 3 12 9 5 10 6 32 1 16 8 2 4 0 

63 62 61 60 59 58 57 55 54 47 31 53 51 46 45 43 30 39 29 56 49 50 52 44 27 42 41 23 38 37 28 26 35 48 15 25 40 22 21 36 34 19 14 24 33 13 20 11 18 7 17 32 12 10 9 6 5 16 8 4 1 0 2 3 

0.000000000000 0.000000000000 0.000000000000 0.000000000000 0.000000000000 0.000000000000 0.000000000000 0.000005568100 0.000000000000 0.000000000000 0.000000000000 0.000015708000 0.000000000000 0.000012795000 0.000011898000 0.029162000000 0.000000000000 0.000000000000 0.000000000000 0.000048301000 0.000000000001 0.000103180000 0.000409840000 0.067993000000 0.000000064196 0.001462000000 0.003361600000 0.151700000000 0.020210000000 0.286060000000 0.414580000000 0.843490000000 0.000000000000 0.000000066957 0.000004080500 0.006970900000 0.000023778000 0.015501000000 0.033017000000 0.356110000000 0.000716650000 0.066058000000 0.121100000000 0.551100000000 0.232690000000 0.678080000000 0.702460000000 0.949710000000 0.024535000000 0.254430000000 0.348070000000 0.770020000000 0.414420000000 0.808830000000 0.788610000000 0.970950000000 0.427450000000 0.815000000000 0.797600000000 0.972380000000 0.745670000000 0.971710000000 0.925310000000 0.997570000000 

0.000000000000 0.000000000000 0.000000000000 0.000000000000 0.000000000000 0.000000000000 0.000000000000 0.000004689400 0.000000000000 0.000000000000 0.000000000000 0.000021071000 0.000000000000 0.000011369000 0.000008921000 0.064218000000 0.000000000000 0.000000000000 0.000000000000 0.000056159000 0.000000000000 0.000314340000 0.001096300000 0.143730000000 0.000000033536 0.003445600000 0.007503800000 0.290900000000 0.046423000000 0.507590000000 0.700410000000 0.976210000000 0.000000000000 0.000000027147 0.000003508600 0.018005000000 0.000125050000 0.039501000000 0.075600000000 0.618820000000 0.002009800000 0.153540000000 0.270530000000 0.831870000000 0.510990000000 0.935770000000 0.966830000000 0.992030000000 0.074853000000 0.566430000000 0.736580000000 0.976590000000 0.881380000000 0.988980000000 0.990230000000 0.992070000000 0.948950000000 0.991580000000 0.991770000000 0.992100000000 0.992470000000 0.992220000000 0.992100000000 0.992170000000 

N_obs: 8000

File Format:
1- most to least reliable channels (taken entropies)
2- most to least reliable channels (taken error probabilities)
3- channels entropies (flipped)
4- channels error probabilities (flipped)
5- number of MontCarlo simulations
