63 62 61 59 55 60 58 47 31 57 54 15 53 51 23 39 27 29 43 46 45 30 7 56 11 19 35 13 14 3 49 52 21 25 37 41 50 22 38 26 28 42 44 5 9 17 33 1 6 12 10 18 48 34 20 36 24 40 2 8 4 16 32 0 

63 62 61 59 55 60 58 57 47 54 53 31 51 56 46 45 43 52 39 30 50 49 27 35 15 14 41 23 25 3 44 28 38 22 19 9 42 34 1 40 5 32 18 0 16 8 6 2 12 36 24 4 17 20 10 48 26 21 11 33 13 37 7 29 

0.000000000002 0.000271080000 0.000818090000 0.079201000000 0.005264600000 0.162140000000 0.271720000000 0.744280000000 0.057206000000 0.397760000000 0.485330000000 0.861550000000 0.526600000000 0.881800000000 0.851670000000 0.984940000000 0.209640000000 0.596920000000 0.602230000000 0.911800000000 0.584700000000 0.908550000000 0.869850000000 0.987530000000 0.530130000000 0.889330000000 0.864970000000 0.986580000000 0.793210000000 0.985560000000 0.935770000000 0.998740000000 0.252230000000 0.603560000000 0.578380000000 0.903290000000 0.566400000000 0.899370000000 0.864280000000 0.986780000000 0.526820000000 0.887190000000 0.863540000000 0.986200000000 0.790410000000 0.984380000000 0.934070000000 0.998470000000 0.438130000000 0.829430000000 0.824090000000 0.980090000000 0.784100000000 0.983140000000 0.932700000000 0.998200000000 0.675090000000 0.958400000000 0.932100000000 0.998250000000 0.844240000000 0.998160000000 0.949080000000 0.999860000000 

0.000000000000 0.000621680000 0.001906300000 0.167240000000 0.013016000000 0.326410000000 0.510310000000 0.944000000000 0.147340000000 0.714200000000 0.848770000000 0.987390000000 0.934890000000 0.991330000000 0.991500000000 0.992240000000 0.628920000000 0.962740000000 0.980840000000 0.992040000000 0.987190000000 0.992160000000 0.991930000000 0.992170000000 0.989210000000 0.992080000000 0.992360000000 0.992190000000 0.991850000000 0.992160000000 0.992310000000 0.992180000000 0.921240000000 0.991030000000 0.992710000000 0.992050000000 0.991590000000 0.992260000000 0.991980000000 0.992190000000 0.991950000000 0.992080000000 0.992280000000 0.992220000000 0.992140000000 0.992180000000 0.992200000000 0.992180000000 0.991920000000 0.991920000000 0.992330000000 0.992190000000 0.992300000000 0.992230000000 0.992150000000 0.992190000000 0.992390000000 0.992190000000 0.992180000000 0.992200000000 0.992020000000 0.992190000000 0.992170000000 0.992180000000 

N_obs: 8000

File Format:
1- most to least reliable channels (taken entropies)
2- most to least reliable channels (taken error probabilities)
3- channels entropies (flipped)
4- channels error probabilities (flipped)
5- number of MontCarlo simulations
