63 62 61 59 55 47 31 58 57 53 60 54 51 46 45 43 56 39 52 29 30 50 49 44 27 42 41 38 23 37 28 26 48 35 15 25 40 22 21 36 19 14 13 34 7 11 24 33 20 3 17 18 9 5 12 6 10 32 1 16 2 4 8 0 

63 62 61 59 55 47 31 58 57 53 60 54 51 46 45 43 56 39 52 30 29 50 49 44 27 42 41 38 23 37 28 48 26 35 25 15 40 22 36 21 34 19 14 24 33 13 20 11 7 18 17 32 12 3 10 9 1 2 16 0 8 4 6 5 

0.000000000000 0.000000000000 0.000000000000 0.000000000000 0.000000000000 0.000000000000 0.000000000000 0.000005984800 0.000000000000 0.000000000000 0.000000000000 0.000059036000 0.000000000000 0.000177830000 0.000202630000 0.063014000000 0.000000000000 0.000000000002 0.000000000006 0.000584440000 0.000000002990 0.001281000000 0.002574100000 0.148110000000 0.000015105000 0.008568700000 0.019635000000 0.301940000000 0.073661000000 0.473270000000 0.574130000000 0.910080000000 0.000000000000 0.000098427000 0.000086717000 0.028031000000 0.000727840000 0.061383000000 0.116390000000 0.552060000000 0.009479600000 0.184390000000 0.280630000000 0.726660000000 0.376220000000 0.792720000000 0.782740000000 0.970240000000 0.082258000000 0.409590000000 0.469550000000 0.847570000000 0.491770000000 0.858860000000 0.828750000000 0.979520000000 0.474200000000 0.850240000000 0.829010000000 0.979260000000 0.768910000000 0.978800000000 0.931050000000 0.998260000000 

0.000000000000 0.000000000000 0.000000000000 0.000000000000 0.000000000000 0.000000000000 0.000000000000 0.000004241300 0.000000000000 0.000000000000 0.000000000000 0.000078353000 0.000000000000 0.000417210000 0.000530040000 0.134780000000 0.000000000000 0.000000000000 0.000000000001 0.001242200000 0.000000001076 0.003126400000 0.005756200000 0.286270000000 0.000018746000 0.019355000000 0.042848000000 0.522930000000 0.161520000000 0.747760000000 0.874220000000 0.989210000000 0.000000000000 0.000136210000 0.000306140000 0.066481000000 0.001603200000 0.139960000000 0.254730000000 0.825330000000 0.027578000000 0.397510000000 0.578020000000 0.950600000000 0.780490000000 0.981660000000 0.987390000000 0.992190000000 0.256940000000 0.808330000000 0.905650000000 0.989900000000 0.959580000000 0.991720000000 0.992050000000 0.992230000000 0.979900000000 0.992440000000 0.992450000000 0.992230000000 0.991700000000 0.992160000000 0.992160000000 0.992200000000 

N_obs: 8000

File Format:
1- most to least reliable channels (taken entropies)
2- most to least reliable channels (taken error probabilities)
3- channels entropies (flipped)
4- channels error probabilities (flipped)
5- number of MontCarlo simulations
