63 62 61 59 55 47 57 60 58 54 53 51 46 31 56 45 52 43 50 30 39 49 44 29 27 23 15 42 41 38 37 35 48 28 26 25 21 22 19 14 13 11 7 40 36 34 33 20 18 24 10 12 17 9 6 5 3 32 8 4 16 2 1 0 

63 62 61 59 55 47 57 60 58 54 53 51 46 56 45 31 52 43 50 49 30 44 39 29 42 41 27 48 38 23 37 28 15 35 40 26 25 14 22 19 36 21 7 9 33 32 6 2 4 10 24 16 18 1 5 8 20 0 34 3 17 12 13 11 

0.000000000000 0.000000000000 0.000000000000 0.000000817920 0.000000000000 0.000001205500 0.000000637390 0.019150000000 0.000000000000 0.000137580000 0.000224080000 0.050897000000 0.002338900000 0.130240000000 0.245630000000 0.742920000000 0.000000380970 0.010708000000 0.024091000000 0.309490000000 0.081042000000 0.482670000000 0.587770000000 0.907390000000 0.230820000000 0.679930000000 0.709950000000 0.943030000000 0.739150000000 0.948540000000 0.954880000000 0.993730000000 0.016290000000 0.221130000000 0.322820000000 0.755680000000 0.407230000000 0.800640000000 0.812260000000 0.968280000000 0.438440000000 0.824860000000 0.822980000000 0.966350000000 0.828740000000 0.968060000000 0.970290000000 0.995590000000 0.448240000000 0.839180000000 0.841870000000 0.970070000000 0.842720000000 0.969550000000 0.970890000000 0.995170000000 0.852560000000 0.973940000000 0.974490000000 0.995440000000 0.977350000000 0.996400000000 0.996880000000 0.999580000000 

0.000000000000 0.000000000000 0.000000000000 0.000000495670 0.000000000000 0.000000862410 0.000000333580 0.050214000000 0.000000000000 0.000159160000 0.000296840000 0.110650000000 0.004683500000 0.273080000000 0.478890000000 0.950770000000 0.000000201810 0.031172000000 0.059083000000 0.590690000000 0.203060000000 0.788580000000 0.904590000000 0.993800000000 0.594110000000 0.963420000000 0.984760000000 0.995910000000 0.992070000000 0.996130000000 0.996020000000 0.996030000000 0.064619000000 0.573540000000 0.776680000000 0.985400000000 0.918780000000 0.994510000000 0.995470000000 0.996070000000 0.972330000000 0.995780000000 0.995920000000 0.996100000000 0.995840000000 0.996090000000 0.996150000000 0.996080000000 0.990010000000 0.995770000000 0.996250000000 0.996160000000 0.996410000000 0.996070000000 0.996000000000 0.996100000000 0.996000000000 0.996030000000 0.996090000000 0.996060000000 0.996140000000 0.996060000000 0.996090000000 0.996100000000 

N_obs: 1600

File Format:
1- most to least reliable channels (taken entropies)
2- most to least reliable channels (taken error probabilities)
3- channels entropies (flipped)
4- channels error probabilities (flipped)
5- number of MontCarlo simulations
