63 62 61 60 59 58 57 56 55 54 53 52 51 50 49 47 46 45 44 43 42 41 39 38 37 35 31 30 29 28 27 26 25 23 22 21 19 15 13 14 11 7 40 48 34 36 33 24 17 18 20 12 10 9 6 5 32 3 16 8 4 2 1 0 

63 62 61 60 59 58 57 56 55 54 53 52 51 50 49 47 46 45 44 43 42 41 39 38 37 35 31 30 29 28 27 26 25 23 22 21 19 15 13 14 11 7 40 48 34 36 33 24 17 18 20 12 10 9 6 5 3 32 16 8 4 2 1 0 

0.000000000000 0.000000000000 0.000000000000 0.000000000000 0.000000000000 0.000000000000 0.000000000000 0.000000000000 0.000000000000 0.000000000000 0.000000000000 0.000000000000 0.000000000000 0.000000000000 0.000000000000 0.000000004402 0.000000000000 0.000000000000 0.000000000000 0.000000000000 0.000000000000 0.000000000000 0.000000000000 0.000000001264 0.000000000000 0.000000000000 0.000000000000 0.000000012500 0.000000000000 0.000000011988 0.000000189850 0.006566300000 0.000000000000 0.000000000000 0.000000000000 0.000000000000 0.000000000000 0.000000000000 0.000000000000 0.000000483650 0.000000000000 0.000000000000 0.000000000000 0.000005753400 0.000000000000 0.000003786000 0.000001255700 0.015146000000 0.000000000000 0.000000000000 0.000000000000 0.000012892000 0.000000000000 0.000068920000 0.000140890000 0.037803000000 0.000000000007 0.000457790000 0.001223300000 0.090050000000 0.007195200000 0.192810000000 0.314170000000 0.790620000000 

0.000000000000 0.000000000000 0.000000000000 0.000000000000 0.000000000000 0.000000000000 0.000000000000 0.000000000000 0.000000000000 0.000000000000 0.000000000000 0.000000000000 0.000000000000 0.000000000000 0.000000000000 0.000000001569 0.000000000000 0.000000000000 0.000000000000 0.000000000000 0.000000000000 0.000000000000 0.000000000000 0.000000000411 0.000000000000 0.000000000000 0.000000000000 0.000000004742 0.000000000000 0.000000004368 0.000000087038 0.016318000000 0.000000000000 0.000000000000 0.000000000000 0.000000000000 0.000000000000 0.000000000000 0.000000000000 0.000000327980 0.000000000000 0.000000000000 0.000000000000 0.000005988000 0.000000000000 0.000003207600 0.000000725540 0.036116000000 0.000000000000 0.000000000000 0.000000000000 0.000010765000 0.000000000000 0.000253700000 0.000492880000 0.083811000000 0.000000000002 0.000938560000 0.003373700000 0.188680000000 0.016223000000 0.366090000000 0.567510000000 0.961280000000 

N_obs: 8000

File Format:
1- most to least reliable channels (taken entropies)
2- most to least reliable channels (taken error probabilities)
3- channels entropies (flipped)
4- channels error probabilities (flipped)
5- number of MontCarlo simulations
