63 62 61 59 55 47 60 58 54 57 53 31 51 46 45 43 56 52 39 50 30 49 29 44 42 27 41 38 23 28 37 15 48 35 26 25 40 22 7 21 19 11 13 14 36 34 33 3 24 17 5 9 20 6 18 10 12 1 32 16 2 4 8 0 

63 62 61 59 55 47 60 58 54 57 53 31 51 46 45 43 56 52 50 39 30 49 29 44 42 27 41 38 23 37 28 48 26 35 40 15 25 22 36 21 34 19 14 24 33 13 11 7 20 18 6 32 12 16 8 0 9 1 2 4 17 10 3 5 

0.000000000000 0.000000000000 0.000000000000 0.000000000000 0.000000000000 0.000000000025 0.000000000843 0.000583620000 0.000000000000 0.000000000040 0.000000005223 0.001310900000 0.000000132490 0.002718000000 0.007544500000 0.235660000000 0.000000000000 0.000003009600 0.000012729000 0.012189000000 0.000095609000 0.027882000000 0.059606000000 0.456820000000 0.002603400000 0.113980000000 0.195830000000 0.663150000000 0.324640000000 0.766960000000 0.771300000000 0.968510000000 0.000000012568 0.003887200000 0.008891900000 0.192410000000 0.037299000000 0.327400000000 0.419130000000 0.827880000000 0.127260000000 0.510430000000 0.548790000000 0.889910000000 0.553020000000 0.895560000000 0.861900000000 0.987020000000 0.235350000000 0.609460000000 0.603690000000 0.913310000000 0.586850000000 0.909630000000 0.871080000000 0.987890000000 0.533640000000 0.891760000000 0.868900000000 0.987580000000 0.798620000000 0.987180000000 0.937660000000 0.998980000000 

0.000000000000 0.000000000000 0.000000000000 0.000000000000 0.000000000000 0.000000000007 0.000000000291 0.001245300000 0.000000000000 0.000000000010 0.000000001790 0.003082200000 0.000000069894 0.006350500000 0.016768000000 0.426300000000 0.000000000000 0.000002538000 0.000113290000 0.027129000000 0.000214010000 0.060489000000 0.124110000000 0.706420000000 0.007059800000 0.239310000000 0.394630000000 0.903040000000 0.654810000000 0.967900000000 0.981140000000 0.992090000000 0.000000004657 0.011052000000 0.022371000000 0.411460000000 0.102140000000 0.629990000000 0.779490000000 0.980980000000 0.361890000000 0.876600000000 0.937940000000 0.991150000000 0.969330000000 0.991880000000 0.992240000000 0.992150000000 0.743040000000 0.977760000000 0.986590000000 0.992120000000 0.989480000000 0.992270000000 0.992180000000 0.992170000000 0.989980000000 0.992060000000 0.992340000000 0.992190000000 0.992280000000 0.992190000000 0.992190000000 0.992170000000 

N_obs: 8000

File Format:
1- most to least reliable channels (taken entropies)
2- most to least reliable channels (taken error probabilities)
3- channels entropies (flipped)
4- channels error probabilities (flipped)
5- number of MontCarlo simulations
