63 62 61 59 55 60 58 47 57 54 53 51 46 31 56 45 52 43 30 50 39 15 29 23 27 49 44 7 42 41 35 11 19 37 38 13 14 21 25 28 22 26 3 48 33 5 9 17 6 40 1 34 36 12 10 18 20 24 32 2 8 4 16 0 

63 62 61 59 55 60 58 47 57 54 53 51 46 56 31 45 52 43 50 49 30 39 44 29 42 27 41 23 48 38 15 37 28 35 26 25 40 11 22 3 12 33 10 4 18 9 36 32 0 6 16 24 21 5 8 2 1 19 34 20 17 7 14 13 

0.000000000000 0.000000000000 0.000000000000 0.000114090000 0.000000000000 0.000198250000 0.000519270000 0.078130000000 0.000000000117 0.001903100000 0.004353900000 0.170940000000 0.023394000000 0.309050000000 0.436560000000 0.850860000000 0.000327520000 0.045537000000 0.090353000000 0.492490000000 0.193730000000 0.636870000000 0.668390000000 0.937400000000 0.310790000000 0.723390000000 0.718800000000 0.951110000000 0.680970000000 0.949780000000 0.907280000000 0.994950000000 0.046091000000 0.308700000000 0.374000000000 0.779760000000 0.410320000000 0.796920000000 0.773930000000 0.967560000000 0.407130000000 0.794740000000 0.773890000000 0.965420000000 0.717730000000 0.961950000000 0.915240000000 0.995920000000 0.368230000000 0.756640000000 0.741710000000 0.958960000000 0.708750000000 0.959700000000 0.912960000000 0.995260000000 0.623450000000 0.937110000000 0.911170000000 0.995320000000 0.829350000000 0.995100000000 0.945170000000 0.999620000000 

0.000000000000 0.000000000000 0.000000000000 0.000138630000 0.000000000000 0.000271350000 0.001532900000 0.161920000000 0.000000000030 0.004094800000 0.009587500000 0.325110000000 0.054031000000 0.534730000000 0.721210000000 0.977820000000 0.001167300000 0.110070000000 0.207050000000 0.781000000000 0.443320000000 0.915070000000 0.959540000000 0.991810000000 0.756990000000 0.978670000000 0.986200000000 0.992180000000 0.989230000000 0.992250000000 0.992140000000 0.992180000000 0.162150000000 0.726040000000 0.863850000000 0.988460000000 0.946820000000 0.991320000000 0.991560000000 0.992190000000 0.974260000000 0.991990000000 0.992190000000 0.992280000000 0.992230000000 0.992170000000 0.992310000000 0.992190000000 0.984580000000 0.992470000000 0.992490000000 0.992090000000 0.991930000000 0.992160000000 0.992170000000 0.992210000000 0.992420000000 0.992190000000 0.992200000000 0.992160000000 0.992080000000 0.992210000000 0.992220000000 0.992190000000 

N_obs: 8000

File Format:
1- most to least reliable channels (taken entropies)
2- most to least reliable channels (taken error probabilities)
3- channels entropies (flipped)
4- channels error probabilities (flipped)
5- number of MontCarlo simulations
