63 62 61 60 59 58 57 55 54 53 51 47 46 45 43 39 31 30 29 27 23 56 52 50 42 44 41 49 38 37 28 35 15 26 25 22 48 21 40 36 19 14 34 13 24 33 20 11 18 7 17 12 32 10 9 6 5 3 16 8 4 2 1 0 

63 62 61 60 59 58 57 55 54 53 51 47 46 45 43 39 31 30 29 27 23 56 52 50 42 44 41 38 49 37 28 35 26 15 25 22 48 21 40 36 19 34 14 24 13 33 20 11 18 17 7 12 32 10 9 6 16 5 3 8 2 4 0 1 

0.000000000000 0.000000000000 0.000000000000 0.000000000000 0.000000000000 0.000000000000 0.000000000000 0.000000000002 0.000000000000 0.000000000000 0.000000000000 0.000000000003 0.000000000000 0.000000000395 0.000000086281 0.001402700000 0.000000000000 0.000000000000 0.000000000000 0.000000000537 0.000000000000 0.000000000528 0.000000001835 0.003422400000 0.000000000000 0.000000089644 0.000000482230 0.008697900000 0.000057289000 0.023069000000 0.058873000000 0.505110000000 0.000000000000 0.000000000000 0.000000000000 0.000034181000 0.000000000000 0.000088007000 0.000285450000 0.050427000000 0.000000000001 0.000758310000 0.001629900000 0.111910000000 0.011040000000 0.219320000000 0.344950000000 0.806230000000 0.000058380000 0.022246000000 0.045508000000 0.388400000000 0.125550000000 0.554740000000 0.628550000000 0.922250000000 0.263290000000 0.706400000000 0.731910000000 0.947850000000 0.760670000000 0.955560000000 0.961830000000 0.994860000000 

0.000000000000 0.000000000000 0.000000000000 0.000000000000 0.000000000000 0.000000000000 0.000000000000 0.000000000000 0.000000000000 0.000000000000 0.000000000000 0.000000000001 0.000000000000 0.000000000134 0.000000054520 0.003328700000 0.000000000000 0.000000000000 0.000000000000 0.000000000204 0.000000000000 0.000000000188 0.000000000663 0.008952000000 0.000000000000 0.000000052117 0.000000342620 0.021504000000 0.000156470000 0.055604000000 0.135340000000 0.793960000000 0.000000000000 0.000000000000 0.000000000000 0.000119180000 0.000000000000 0.000174400000 0.000813000000 0.123980000000 0.000000000000 0.002613000000 0.004252500000 0.248610000000 0.030073000000 0.442210000000 0.634960000000 0.974520000000 0.000181670000 0.062930000000 0.124790000000 0.695260000000 0.315030000000 0.871180000000 0.941000000000 0.995290000000 0.667940000000 0.974170000000 0.988030000000 0.996070000000 0.992970000000 0.996050000000 0.996150000000 0.996120000000 

N_obs: 8000

File Format:
1- most to least reliable channels (taken entropies)
2- most to least reliable channels (taken error probabilities)
3- channels entropies (flipped)
4- channels error probabilities (flipped)
5- number of MontCarlo simulations
