63 62 61 60 59 58 57 56 55 54 53 52 51 50 49 47 46 45 44 43 42 41 39 38 37 35 31 30 29 28 27 26 23 15 22 25 21 19 14 11 13 7 40 48 36 33 34 24 18 20 17 12 10 9 6 5 32 16 3 8 4 2 1 0 

63 62 61 60 59 58 57 56 55 54 53 52 51 50 49 47 46 45 44 43 42 41 39 38 37 35 31 30 29 28 27 26 23 15 22 25 21 19 14 11 13 7 40 48 36 33 34 24 20 18 17 12 10 9 6 5 32 16 3 8 4 2 1 0 

0.000000000000 0.000000000000 0.000000000000 0.000000000000 0.000000000000 0.000000000000 0.000000000000 0.000000000000 0.000000000000 0.000000000000 0.000000000000 0.000000000000 0.000000000000 0.000000000000 0.000000000000 0.000000995750 0.000000000000 0.000000000000 0.000000000000 0.000000000000 0.000000000000 0.000000000000 0.000000000000 0.000000981990 0.000000000000 0.000000000000 0.000000000000 0.000002604400 0.000000000000 0.000019073000 0.000008148100 0.019841000000 0.000000000000 0.000000000000 0.000000000000 0.000000000000 0.000000000000 0.000000000000 0.000000000000 0.000026112000 0.000000000000 0.000000000000 0.000000000000 0.000080988000 0.000000000000 0.000067035000 0.000210850000 0.048300000000 0.000000000000 0.000000000000 0.000000002502 0.000366250000 0.000000000003 0.000686630000 0.001589300000 0.115190000000 0.000000027267 0.005448900000 0.012531000000 0.249650000000 0.051972000000 0.421510000000 0.533800000000 0.895220000000 

0.000000000000 0.000000000000 0.000000000000 0.000000000000 0.000000000000 0.000000000000 0.000000000000 0.000000000000 0.000000000000 0.000000000000 0.000000000000 0.000000000000 0.000000000000 0.000000000000 0.000000000000 0.000000716800 0.000000000000 0.000000000000 0.000000000000 0.000000000000 0.000000000000 0.000000000000 0.000000000000 0.000000692240 0.000000000000 0.000000000000 0.000000000000 0.000002050600 0.000000000000 0.000038416000 0.000007208800 0.048438000000 0.000000000000 0.000000000000 0.000000000000 0.000000000000 0.000000000000 0.000000000000 0.000000000000 0.000080896000 0.000000000000 0.000000000000 0.000000000000 0.000116040000 0.000000000000 0.000239010000 0.000432480000 0.107490000000 0.000000000000 0.000000000000 0.000000000947 0.000970570000 0.000000000001 0.001525700000 0.003955300000 0.238570000000 0.000000011128 0.012391000000 0.028443000000 0.460670000000 0.118350000000 0.693420000000 0.844630000000 0.987550000000 

N_obs: 8000

File Format:
1- most to least reliable channels (taken entropies)
2- most to least reliable channels (taken error probabilities)
3- channels entropies (flipped)
4- channels error probabilities (flipped)
5- number of MontCarlo simulations
