63 61 62 59 55 60 58 57 47 54 53 31 51 46 15 56 45 39 23 43 27 29 30 7 52 11 35 49 19 50 13 14 37 41 21 25 3 44 38 22 42 26 28 5 9 17 33 1 6 48 12 10 34 18 36 40 20 24 2 8 4 16 32 0 

63 61 62 59 55 60 58 57 47 54 53 51 56 31 46 45 52 43 50 39 30 49 29 44 27 23 15 41 19 42 38 7 26 9 33 5 1 48 37 35 40 8 4 20 2 32 0 16 28 11 21 6 13 36 34 25 18 24 3 10 22 12 17 14 

0.000000000000 0.000001691800 0.000000796500 0.009634100000 0.000057933000 0.023958000000 0.052811000000 0.448420000000 0.002486100000 0.113170000000 0.201410000000 0.667450000000 0.333870000000 0.768980000000 0.767160000000 0.966130000000 0.063515000000 0.394150000000 0.463850000000 0.845770000000 0.494720000000 0.858820000000 0.828030000000 0.979110000000 0.470750000000 0.849380000000 0.827770000000 0.978610000000 0.764460000000 0.976840000000 0.928620000000 0.997900000000 0.202220000000 0.539820000000 0.524080000000 0.877750000000 0.512200000000 0.871020000000 0.839000000000 0.981680000000 0.482040000000 0.856610000000 0.834420000000 0.980130000000 0.767960000000 0.977700000000 0.928310000000 0.997740000000 0.415040000000 0.803570000000 0.798310000000 0.973460000000 0.760580000000 0.975730000000 0.926280000000 0.997320000000 0.658100000000 0.951760000000 0.925540000000 0.997400000000 0.839420000000 0.997250000000 0.947770000000 0.999790000000 

0.000000000000 0.000001170000 0.000000452500 0.021853000000 0.000168820000 0.051560000000 0.111530000000 0.704710000000 0.005900900000 0.239580000000 0.399540000000 0.903310000000 0.671760000000 0.969390000000 0.982700000000 0.992120000000 0.188990000000 0.765340000000 0.884420000000 0.989210000000 0.954280000000 0.992000000000 0.991750000000 0.992140000000 0.977130000000 0.992000000000 0.992140000000 0.992230000000 0.992140000000 0.992240000000 0.992090000000 0.992190000000 0.746190000000 0.978980000000 0.987590000000 0.992200000000 0.989670000000 0.992040000000 0.992250000000 0.992260000000 0.990370000000 0.992300000000 0.992220000000 0.992180000000 0.991970000000 0.992250000000 0.992360000000 0.992190000000 0.990990000000 0.992410000000 0.992220000000 0.992300000000 0.992210000000 0.992270000000 0.992090000000 0.992160000000 0.992010000000 0.992220000000 0.992100000000 0.992170000000 0.992260000000 0.992180000000 0.992110000000 0.992190000000 

N_obs: 8000

File Format:
1- most to least reliable channels (taken entropies)
2- most to least reliable channels (taken error probabilities)
3- channels entropies (flipped)
4- channels error probabilities (flipped)
5- number of MontCarlo simulations
