63 62 61 59 55 60 58 47 57 54 53 51 31 46 56 45 52 43 39 15 30 23 29 27 50 49 44 7 35 11 42 41 19 37 13 14 38 21 25 22 28 26 3 48 33 5 9 17 6 1 40 34 36 12 10 18 20 24 2 8 4 32 16 0 

63 62 61 59 55 60 58 57 47 54 53 51 46 56 31 45 52 43 50 49 30 39 44 29 42 27 41 23 15 48 38 37 35 28 14 11 26 19 13 33 25 40 36 17 6 12 2 4 10 0 24 5 34 32 9 16 18 1 8 20 22 7 3 21 

0.000000000000 0.000000000000 0.000000000001 0.000626360000 0.000000000784 0.001298700000 0.002392500000 0.135430000000 0.000001191400 0.007267800000 0.015881000000 0.281830000000 0.063834000000 0.451770000000 0.552880000000 0.899620000000 0.002237400000 0.099561000000 0.178730000000 0.624890000000 0.296540000000 0.728230000000 0.729810000000 0.955840000000 0.371690000000 0.772560000000 0.756420000000 0.961730000000 0.709140000000 0.959730000000 0.915100000000 0.996080000000 0.087376000000 0.392890000000 0.432020000000 0.819410000000 0.443130000000 0.823330000000 0.796990000000 0.972830000000 0.425460000000 0.813600000000 0.792340000000 0.970090000000 0.733140000000 0.966820000000 0.919660000000 0.996530000000 0.375440000000 0.768750000000 0.758270000000 0.963560000000 0.724950000000 0.964690000000 0.917160000000 0.995930000000 0.634220000000 0.941550000000 0.915850000000 0.995990000000 0.832420000000 0.995770000000 0.945920000000 0.999680000000 

0.000000000000 0.000000000000 0.000000000000 0.001705400000 0.000000000258 0.003616100000 0.005819700000 0.262190000000 0.000000715680 0.016524000000 0.036005000000 0.492720000000 0.139640000000 0.713860000000 0.857300000000 0.987940000000 0.006026400000 0.235080000000 0.394480000000 0.898110000000 0.655010000000 0.966500000000 0.980790000000 0.992090000000 0.872130000000 0.988960000000 0.990030000000 0.992110000000 0.991000000000 0.992180000000 0.992080000000 0.992190000000 0.318800000000 0.858260000000 0.930780000000 0.991260000000 0.970160000000 0.991790000000 0.992080000000 0.992180000000 0.985600000000 0.992300000000 0.992470000000 0.992270000000 0.991890000000 0.992220000000 0.992130000000 0.992210000000 0.987900000000 0.991590000000 0.992040000000 0.992160000000 0.991720000000 0.992180000000 0.992200000000 0.992240000000 0.992320000000 0.992140000000 0.992180000000 0.992180000000 0.992430000000 0.992170000000 0.992220000000 0.992180000000 

N_obs: 8000

File Format:
1- most to least reliable channels (taken entropies)
2- most to least reliable channels (taken error probabilities)
3- channels entropies (flipped)
4- channels error probabilities (flipped)
5- number of MontCarlo simulations
