63 62 61 59 31 55 47 60 15 23 58 39 27 57 29 30 51 43 7 53 54 45 46 11 19 35 3 14 13 25 21 37 49 41 22 56 38 28 26 5 9 17 33 50 52 42 44 1 6 12 10 18 24 20 34 36 48 40 2 8 4 16 32 0 

63 62 61 59 60 55 58 47 57 31 54 53 51 56 27 45 15 30 43 46 39 11 41 13 38 19 35 12 22 28 36 17 4 20 40 8 32 0 2 18 10 48 24 1 16 50 34 33 29 26 6 42 25 49 5 9 44 23 21 7 52 14 37 3 

0.000072432000 0.025126000000 0.055058000000 0.422740000000 0.160300000000 0.589540000000 0.633010000000 0.925610000000 0.298210000000 0.708530000000 0.703760000000 0.945910000000 0.664690000000 0.943700000000 0.900800000000 0.993700000000 0.338160000000 0.725860000000 0.712540000000 0.949830000000 0.680690000000 0.948910000000 0.903540000000 0.993720000000 0.599040000000 0.925850000000 0.899670000000 0.993250000000 0.819500000000 0.992580000000 0.942220000000 0.999370000000 0.294720000000 0.663730000000 0.642430000000 0.927150000000 0.631340000000 0.931520000000 0.891490000000 0.991890000000 0.587380000000 0.920160000000 0.895540000000 0.992440000000 0.815420000000 0.991330000000 0.940570000000 0.999160000000 0.471920000000 0.854350000000 0.854630000000 0.987420000000 0.811220000000 0.990740000000 0.939800000000 0.999040000000 0.695840000000 0.965000000000 0.939290000000 0.999070000000 0.849850000000 0.999000000000 0.950560000000 0.999920000000 

0.000270870000 0.063368000000 0.130760000000 0.726290000000 0.389070000000 0.897190000000 0.953660000000 0.991590000000 0.760970000000 0.979700000000 0.986770000000 0.992320000000 0.989490000000 0.992220000000 0.992290000000 0.992200000000 0.941570000000 0.991910000000 0.991740000000 0.992300000000 0.991900000000 0.992280000000 0.992050000000 0.992180000000 0.991930000000 0.992090000000 0.992400000000 0.992170000000 0.992130000000 0.992230000000 0.992240000000 0.992180000000 0.978180000000 0.991870000000 0.992250000000 0.992160000000 0.991600000000 0.992260000000 0.992280000000 0.992200000000 0.992310000000 0.992150000000 0.992310000000 0.992180000000 0.992120000000 0.992180000000 0.992170000000 0.992210000000 0.991750000000 0.992350000000 0.992080000000 0.992140000000 0.992030000000 0.992200000000 0.992300000000 0.992180000000 0.992320000000 0.992260000000 0.992290000000 0.992180000000 0.992490000000 0.992180000000 0.992200000000 0.992180000000 

N_obs: 8000

File Format:
1- most to least reliable channels (taken entropies)
2- most to least reliable channels (taken error probabilities)
3- channels entropies (flipped)
4- channels error probabilities (flipped)
5- number of MontCarlo simulations
