63 62 61 59 55 47 60 58 53 31 54 57 51 45 46 43 39 56 52 30 50 29 49 44 42 27 41 38 23 37 28 48 15 26 35 25 40 22 21 19 36 7 14 11 13 34 33 24 3 17 20 5 9 18 6 10 12 1 32 16 2 4 8 0 

63 62 61 59 55 47 60 58 53 31 54 57 51 45 46 43 39 52 56 50 30 29 49 44 42 27 41 38 23 37 28 48 26 35 40 15 25 22 36 21 34 19 14 24 33 13 11 20 7 18 17 10 32 12 1 9 5 0 6 4 8 16 2 3 

0.000000000000 0.000000000000 0.000000000000 0.000000000000 0.000000000000 0.000000000000 0.000000000010 0.000242430000 0.000000000000 0.000000000002 0.000000000000 0.000272210000 0.000000000042 0.000645780000 0.001773900000 0.131320000000 0.000000000000 0.000000012784 0.000000003609 0.002963300000 0.000000635200 0.006533500000 0.014910000000 0.284190000000 0.000154800000 0.037470000000 0.077216000000 0.493880000000 0.190500000000 0.648930000000 0.692570000000 0.947460000000 0.000000000001 0.000628020000 0.001283500000 0.085268000000 0.007025000000 0.164410000000 0.260070000000 0.715520000000 0.048835000000 0.350330000000 0.436670000000 0.831950000000 0.483820000000 0.857090000000 0.831510000000 0.980960000000 0.162000000000 0.532770000000 0.550050000000 0.889680000000 0.539180000000 0.887840000000 0.853840000000 0.984570000000 0.504190000000 0.872860000000 0.852050000000 0.984270000000 0.786200000000 0.983590000000 0.934800000000 0.998690000000 

0.000000000000 0.000000000000 0.000000000000 0.000000000000 0.000000000000 0.000000000000 0.000000000003 0.000717440000 0.000000000000 0.000000000000 0.000000000000 0.000408230000 0.000000000011 0.001293400000 0.004205100000 0.259000000000 0.000000000000 0.000000005306 0.000000001228 0.007414000000 0.000000405230 0.015269000000 0.033792000000 0.504190000000 0.000380100000 0.081780000000 0.163710000000 0.757880000000 0.399320000000 0.905520000000 0.956010000000 0.991730000000 0.000000000000 0.002042900000 0.002707700000 0.196780000000 0.019992000000 0.357610000000 0.527540000000 0.942120000000 0.140490000000 0.674640000000 0.818820000000 0.984960000000 0.918080000000 0.990910000000 0.991440000000 0.992230000000 0.510400000000 0.932630000000 0.969880000000 0.991840000000 0.982140000000 0.991720000000 0.992090000000 0.992210000000 0.986720000000 0.992180000000 0.992140000000 0.992210000000 0.992260000000 0.992230000000 0.992070000000 0.992180000000 

N_obs: 8000

File Format:
1- most to least reliable channels (taken entropies)
2- most to least reliable channels (taken error probabilities)
3- channels entropies (flipped)
4- channels error probabilities (flipped)
5- number of MontCarlo simulations
