63 62 61 59 55 60 31 47 58 15 57 23 39 27 29 51 54 30 43 53 45 7 46 11 19 35 13 14 3 25 56 21 49 37 41 22 38 28 26 50 52 42 5 9 17 44 33 1 6 12 10 18 24 20 34 36 48 40 2 8 4 16 32 0 

63 62 61 59 60 55 58 57 47 54 31 53 51 56 46 43 39 45 23 30 35 13 49 29 9 27 5 37 26 21 19 42 17 12 3 50 52 18 10 44 36 41 32 8 16 0 2 6 4 48 40 38 24 20 34 1 33 25 14 22 11 28 7 15 

0.000000764860 0.006731900000 0.014687000000 0.257980000000 0.063609000000 0.428290000000 0.525650000000 0.884590000000 0.210090000000 0.628730000000 0.646770000000 0.927560000000 0.622690000000 0.926870000000 0.887500000000 0.991420000000 0.302840000000 0.690120000000 0.675690000000 0.939190000000 0.646160000000 0.936540000000 0.893090000000 0.991830000000 0.575520000000 0.913970000000 0.888880000000 0.991240000000 0.811540000000 0.990490000000 0.940130000000 0.999190000000 0.279080000000 0.644560000000 0.622190000000 0.919210000000 0.605940000000 0.921200000000 0.882110000000 0.990110000000 0.566810000000 0.909280000000 0.884780000000 0.990350000000 0.806660000000 0.989030000000 0.938230000000 0.998930000000 0.463080000000 0.845130000000 0.844070000000 0.984950000000 0.801900000000 0.988120000000 0.937320000000 0.998770000000 0.688230000000 0.962560000000 0.936910000000 0.998810000000 0.848160000000 0.998730000000 0.949960000000 0.999900000000 

0.000000441740 0.017310000000 0.035475000000 0.500360000000 0.151980000000 0.728680000000 0.864600000000 0.988380000000 0.538690000000 0.945870000000 0.974270000000 0.992160000000 0.984410000000 0.992140000000 0.992020000000 0.992210000000 0.878400000000 0.989630000000 0.991490000000 0.992180000000 0.991350000000 0.992120000000 0.992180000000 0.992210000000 0.991360000000 0.992210000000 0.992100000000 0.992180000000 0.991920000000 0.992230000000 0.992250000000 0.992190000000 0.967630000000 0.991890000000 0.992040000000 0.992400000000 0.992050000000 0.992100000000 0.992310000000 0.992220000000 0.991780000000 0.992380000000 0.992100000000 0.992220000000 0.992110000000 0.992170000000 0.992130000000 0.992190000000 0.993150000000 0.992360000000 0.992000000000 0.992140000000 0.992400000000 0.992170000000 0.992050000000 0.992190000000 0.992600000000 0.992190000000 0.992080000000 0.992200000000 0.992140000000 0.992190000000 0.992250000000 0.992190000000 

N_obs: 8000

File Format:
1- most to least reliable channels (taken entropies)
2- most to least reliable channels (taken error probabilities)
3- channels entropies (flipped)
4- channels error probabilities (flipped)
5- number of MontCarlo simulations
