63 62 61 59 55 60 57 58 47 54 53 51 46 31 56 45 52 43 50 39 30 49 29 27 23 44 15 42 41 38 37 35 28 48 26 25 22 21 19 14 13 11 7 40 36 34 33 20 18 24 10 12 9 17 6 5 3 32 8 4 16 2 1 0 

63 62 61 59 55 60 57 58 47 54 53 51 46 56 31 45 52 43 50 49 30 44 39 29 42 41 27 48 38 23 37 15 28 35 22 19 7 26 21 33 6 5 40 1 24 16 2 4 9 8 0 32 36 10 18 20 17 13 3 14 12 34 11 25 

0.000000000000 0.000000000000 0.000000000000 0.000008983300 0.000000000000 0.000082227000 0.000049901000 0.048833000000 0.000000000000 0.000811130000 0.001544800000 0.117930000000 0.011563000000 0.251730000000 0.392740000000 0.835330000000 0.000157430000 0.036183000000 0.073908000000 0.484570000000 0.186790000000 0.641310000000 0.701990000000 0.942500000000 0.339170000000 0.763940000000 0.781530000000 0.958530000000 0.797250000000 0.962290000000 0.967220000000 0.995460000000 0.044112000000 0.346070000000 0.429940000000 0.823690000000 0.470050000000 0.844060000000 0.848530000000 0.974550000000 0.480880000000 0.851110000000 0.851960000000 0.972630000000 0.857500000000 0.973940000000 0.975810000000 0.996420000000 0.498320000000 0.862060000000 0.865310000000 0.974860000000 0.866180000000 0.974600000000 0.975150000000 0.995800000000 0.874750000000 0.978010000000 0.978690000000 0.996220000000 0.980780000000 0.996960000000 0.997340000000 0.999640000000 

0.000000000000 0.000000000000 0.000000000000 0.000008785100 0.000000000000 0.000169320000 0.000058186000 0.117270000000 0.000000000000 0.001789400000 0.005808700000 0.254190000000 0.027754000000 0.485710000000 0.694310000000 0.982950000000 0.000587990000 0.099510000000 0.189180000000 0.796930000000 0.446970000000 0.932520000000 0.970860000000 0.996060000000 0.798000000000 0.986990000000 0.992940000000 0.996110000000 0.995260000000 0.996170000000 0.996020000000 0.996100000000 0.175880000000 0.795160000000 0.913820000000 0.994450000000 0.971700000000 0.995890000000 0.996360000000 0.996080000000 0.989240000000 0.995790000000 0.995890000000 0.996130000000 0.995860000000 0.996120000000 0.996130000000 0.996080000000 0.993700000000 0.996160000000 0.996140000000 0.996170000000 0.996280000000 0.996120000000 0.996090000000 0.996090000000 0.995870000000 0.996030000000 0.996040000000 0.996090000000 0.996140000000 0.996080000000 0.996070000000 0.996100000000 

N_obs: 1600

File Format:
1- most to least reliable channels (taken entropies)
2- most to least reliable channels (taken error probabilities)
3- channels entropies (flipped)
4- channels error probabilities (flipped)
5- number of MontCarlo simulations
