63 62 61 60 59 58 57 56 55 54 53 52 51 50 49 47 46 45 44 43 42 41 39 38 37 35 31 30 29 28 27 26 25 23 22 15 19 14 21 11 13 7 48 40 36 34 33 20 24 18 17 12 10 9 6 5 32 16 3 8 4 2 1 0 

63 62 61 60 59 58 57 56 55 54 53 52 51 50 49 47 46 45 44 43 42 41 39 38 37 35 31 30 29 28 27 26 25 23 22 15 19 14 21 11 13 7 48 40 36 34 33 20 24 18 12 17 10 9 6 5 32 3 16 8 4 2 1 0 

0.000000000000 0.000000000000 0.000000000000 0.000000000000 0.000000000000 0.000000000000 0.000000000000 0.000000000000 0.000000000000 0.000000000000 0.000000000000 0.000000000000 0.000000000000 0.000000000000 0.000000000000 0.000000006550 0.000000000000 0.000000000000 0.000000000000 0.000000000000 0.000000000000 0.000000000000 0.000000000000 0.000000175650 0.000000000000 0.000000000000 0.000000000000 0.000000280180 0.000000000000 0.000000432040 0.000001556900 0.011922000000 0.000000000000 0.000000000000 0.000000000000 0.000000000000 0.000000000000 0.000000000000 0.000000000000 0.000006233400 0.000000000000 0.000000000000 0.000000000000 0.000002790500 0.000000000000 0.000024678000 0.000104150000 0.031009000000 0.000000000000 0.000000000000 0.000000000905 0.000161700000 0.000000000001 0.000221630000 0.000584340000 0.077187000000 0.000000006054 0.002325200000 0.005315800000 0.182380000000 0.032280000000 0.343460000000 0.504390000000 0.865030000000 

0.000000000000 0.000000000000 0.000000000000 0.000000000000 0.000000000000 0.000000000000 0.000000000000 0.000000000000 0.000000000000 0.000000000000 0.000000000000 0.000000000000 0.000000000000 0.000000000000 0.000000000000 0.000000002958 0.000000000000 0.000000000000 0.000000000000 0.000000000000 0.000000000000 0.000000000000 0.000000000000 0.000000109110 0.000000000000 0.000000000000 0.000000000000 0.000000168560 0.000000000000 0.000000265530 0.000001010000 0.031529000000 0.000000000000 0.000000000000 0.000000000000 0.000000000000 0.000000000000 0.000000000000 0.000000000000 0.000008767700 0.000000000000 0.000000000000 0.000000000000 0.000001919600 0.000000000000 0.000038920000 0.000317870000 0.075626000000 0.000000000000 0.000000000000 0.000000000317 0.000291000000 0.000000000000 0.000444310000 0.001257900000 0.169990000000 0.000000002573 0.005903600000 0.011208000000 0.360610000000 0.066335000000 0.608920000000 0.798860000000 0.989960000000 

N_obs: 8000

File Format:
1- most to least reliable channels (taken entropies)
2- most to least reliable channels (taken error probabilities)
3- channels entropies (flipped)
4- channels error probabilities (flipped)
5- number of MontCarlo simulations
