63 61 62 59 55 60 58 57 47 54 53 31 51 46 56 45 43 15 39 52 23 30 27 29 50 7 49 44 35 11 19 13 41 14 37 42 38 21 25 22 3 26 28 5 9 33 17 48 6 1 34 40 12 36 10 18 20 24 2 8 4 32 16 0 

63 61 62 59 55 60 58 57 47 54 53 51 46 56 31 45 52 43 50 30 49 39 44 29 27 42 23 41 15 48 38 19 37 35 22 28 7 26 1 12 18 33 40 3 4 36 2 0 16 8 10 5 32 24 9 34 20 6 17 14 25 21 11 13 

0.000000000000 0.000000002306 0.000000002233 0.001477300000 0.000000190340 0.003662000000 0.008005000000 0.225110000000 0.000067813000 0.022950000000 0.047130000000 0.418840000000 0.137730000000 0.588660000000 0.648490000000 0.932920000000 0.008811800000 0.184810000000 0.283670000000 0.727490000000 0.386010000000 0.792050000000 0.773650000000 0.967050000000 0.414030000000 0.803900000000 0.786670000000 0.969160000000 0.731890000000 0.967040000000 0.920920000000 0.996880000000 0.129860000000 0.455850000000 0.471250000000 0.845610000000 0.468870000000 0.842670000000 0.813680000000 0.976340000000 0.444230000000 0.829970000000 0.807810000000 0.973730000000 0.745610000000 0.970990000000 0.922810000000 0.996990000000 0.391110000000 0.784940000000 0.772940000000 0.967580000000 0.738120000000 0.969180000000 0.920620000000 0.996470000000 0.643840000000 0.945350000000 0.919450000000 0.996550000000 0.834760000000 0.996340000000 0.946640000000 0.999720000000 

0.000000000000 0.000000000852 0.000000000796 0.004383400000 0.000000099042 0.008596700000 0.018380000000 0.413070000000 0.000234060000 0.051570000000 0.103570000000 0.675760000000 0.294150000000 0.859360000000 0.932320000000 0.991080000000 0.025765000000 0.412840000000 0.604650000000 0.957040000000 0.813920000000 0.985000000000 0.989010000000 0.992170000000 0.933910000000 0.991440000000 0.991660000000 0.992180000000 0.991780000000 0.992240000000 0.992160000000 0.992210000000 0.478980000000 0.925130000000 0.968080000000 0.991930000000 0.981980000000 0.992080000000 0.992410000000 0.992210000000 0.987200000000 0.991780000000 0.992450000000 0.992250000000 0.991480000000 0.992150000000 0.992260000000 0.992190000000 0.989420000000 0.992270000000 0.992530000000 0.992140000000 0.992490000000 0.992200000000 0.992230000000 0.992200000000 0.992070000000 0.992260000000 0.992200000000 0.992170000000 0.992170000000 0.992180000000 0.992090000000 0.992190000000 

N_obs: 8000

File Format:
1- most to least reliable channels (taken entropies)
2- most to least reliable channels (taken error probabilities)
3- channels entropies (flipped)
4- channels error probabilities (flipped)
5- number of MontCarlo simulations
