63 62 61 59 55 47 60 57 58 53 54 51 46 31 45 43 56 52 50 39 30 49 44 29 42 27 41 23 38 15 28 37 48 35 26 25 7 19 22 11 21 40 13 14 36 3 33 34 17 5 9 24 6 18 20 10 12 1 32 2 4 8 16 0 

63 62 61 59 55 47 60 57 58 53 54 51 46 45 31 43 56 52 50 39 30 49 44 29 42 27 41 38 48 23 28 37 26 35 40 15 25 22 36 21 19 34 14 33 24 13 11 7 5 32 18 3 20 4 17 6 12 2 0 8 16 10 9 1 

0.000000000000 0.000000000000 0.000000000000 0.000000000328 0.000000000000 0.000000004654 0.000000001937 0.002014900000 0.000000000000 0.000000495870 0.000000033485 0.005115000000 0.000003745000 0.011749000000 0.027037000000 0.373910000000 0.000000000000 0.000072147000 0.000147170000 0.038906000000 0.001100300000 0.084182000000 0.156130000000 0.627860000000 0.016020000000 0.241870000000 0.355240000000 0.792280000000 0.446580000000 0.842960000000 0.822350000000 0.979920000000 0.000089377000 0.019138000000 0.039013000000 0.335740000000 0.108750000000 0.483920000000 0.545010000000 0.891940000000 0.219150000000 0.619240000000 0.626820000000 0.921720000000 0.603830000000 0.918770000000 0.881570000000 0.990370000000 0.282290000000 0.659010000000 0.644330000000 0.928370000000 0.620210000000 0.925250000000 0.884180000000 0.990280000000 0.560450000000 0.905040000000 0.881840000000 0.990160000000 0.807880000000 0.989790000000 0.939970000000 0.999200000000 

0.000000000000 0.000000000000 0.000000000000 0.000000000098 0.000000000000 0.000000001844 0.000000000647 0.004449300000 0.000000000000 0.000000348560 0.000000013305 0.011231000000 0.000002472600 0.028022000000 0.059006000000 0.611710000000 0.000000000000 0.000214530000 0.000252710000 0.087558000000 0.002837800000 0.178150000000 0.307150000000 0.870250000000 0.041527000000 0.471540000000 0.653280000000 0.967220000000 0.841430000000 0.987360000000 0.989630000000 0.992060000000 0.000303900000 0.054898000000 0.105240000000 0.642510000000 0.289130000000 0.826000000000 0.913030000000 0.990130000000 0.616710000000 0.957050000000 0.976300000000 0.992140000000 0.985630000000 0.992130000000 0.992170000000 0.992230000000 0.871720000000 0.988360000000 0.990500000000 0.992180000000 0.991050000000 0.992280000000 0.992300000000 0.992200000000 0.991120000000 0.992170000000 0.992000000000 0.992150000000 0.992140000000 0.992180000000 0.992310000000 0.992180000000 

N_obs: 8000

File Format:
1- most to least reliable channels (taken entropies)
2- most to least reliable channels (taken error probabilities)
3- channels entropies (flipped)
4- channels error probabilities (flipped)
5- number of MontCarlo simulations
