63 62 61 60 59 58 57 55 54 53 51 47 46 45 43 39 31 30 29 27 23 15 42 44 50 49 56 41 37 38 52 28 35 26 25 22 21 19 14 40 13 48 11 36 34 24 33 20 7 18 17 12 10 9 32 6 5 16 3 8 4 1 2 0 

63 62 61 60 59 58 57 55 54 53 51 47 46 45 43 39 31 30 29 27 23 15 42 44 50 49 56 41 37 38 52 28 35 26 25 22 21 19 14 40 13 11 48 36 34 33 24 20 7 18 17 12 10 9 32 6 5 16 3 8 4 2 1 0 

0.000000000000 0.000000000000 0.000000000000 0.000000000000 0.000000000000 0.000000000000 0.000000000000 0.000000000000 0.000000000000 0.000000000000 0.000000000000 0.000000000000 0.000000000000 0.000000000000 0.000000000000 0.000073046000 0.000000000000 0.000000000000 0.000000000000 0.000000000000 0.000000000000 0.000000000000 0.000000000000 0.000039992000 0.000000000000 0.000000000000 0.000000000000 0.000231440000 0.000000000002 0.000437960000 0.000983720000 0.118050000000 0.000000000000 0.000000000000 0.000000000000 0.000000000000 0.000000000000 0.000000000037 0.000000000277 0.000912250000 0.000000000000 0.000000046834 0.000000137870 0.002234500000 0.000001055000 0.005245100000 0.012026000000 0.267970000000 0.000000000000 0.000002726800 0.000049599000 0.016848000000 0.000116910000 0.037740000000 0.076337000000 0.501260000000 0.004980200000 0.145050000000 0.242930000000 0.707890000000 0.367380000000 0.793030000000 0.789200000000 0.972820000000 

0.000000000000 0.000000000000 0.000000000000 0.000000000000 0.000000000000 0.000000000000 0.000000000000 0.000000000000 0.000000000000 0.000000000000 0.000000000000 0.000000000000 0.000000000000 0.000000000000 0.000000000000 0.000251860000 0.000000000000 0.000000000000 0.000000000000 0.000000000000 0.000000000000 0.000000000000 0.000000000000 0.000040494000 0.000000000000 0.000000000000 0.000000000000 0.000593480000 0.000000000000 0.001047800000 0.002123600000 0.246720000000 0.000000000000 0.000000000000 0.000000000000 0.000000000000 0.000000000000 0.000000000010 0.000000000087 0.002214200000 0.000000000000 0.000000021741 0.000000069952 0.005833400000 0.000000709370 0.012539000000 0.028112000000 0.482600000000 0.000000000000 0.000002017200 0.000094552000 0.038858000000 0.000228000000 0.083220000000 0.163670000000 0.768010000000 0.012396000000 0.303290000000 0.476440000000 0.932030000000 0.729820000000 0.976830000000 0.985810000000 0.992160000000 

N_obs: 8000

File Format:
1- most to least reliable channels (taken entropies)
2- most to least reliable channels (taken error probabilities)
3- channels entropies (flipped)
4- channels error probabilities (flipped)
5- number of MontCarlo simulations
