63 62 61 60 59 58 57 55 54 53 51 47 46 45 43 39 31 30 29 27 23 56 52 50 49 44 42 41 38 37 15 35 26 28 25 22 21 19 48 40 36 14 34 13 24 33 11 20 18 7 17 12 10 32 9 6 5 16 3 8 4 2 1 0 

63 62 61 60 59 58 57 55 54 53 51 47 46 45 43 39 31 30 29 27 23 56 52 50 49 44 42 41 38 37 15 35 26 28 25 22 21 19 48 40 36 14 34 13 33 24 11 20 18 17 7 12 10 32 9 6 16 5 3 8 4 2 1 0 

0.000000000000 0.000000000000 0.000000000000 0.000000000000 0.000000000000 0.000000000000 0.000000000000 0.000000000000 0.000000000000 0.000000000000 0.000000000000 0.000000000000 0.000000000000 0.000000000000 0.000000000001 0.000450340000 0.000000000000 0.000000000000 0.000000000000 0.000000000001 0.000000000000 0.000000000004 0.000000000021 0.000943000000 0.000000000000 0.000000000052 0.000000007922 0.002077500000 0.000000904740 0.005018300000 0.014269000000 0.319900000000 0.000000000000 0.000000000000 0.000000000000 0.000001951700 0.000000000000 0.000001024200 0.000005154700 0.013173000000 0.000000000000 0.000036377000 0.000058344000 0.030731000000 0.000445480000 0.068635000000 0.143210000000 0.632110000000 0.000000054147 0.002745000000 0.005433200000 0.169390000000 0.025767000000 0.306920000000 0.427940000000 0.842790000000 0.118430000000 0.537450000000 0.606180000000 0.912430000000 0.660580000000 0.928650000000 0.938290000000 0.991620000000 

0.000000000000 0.000000000000 0.000000000000 0.000000000000 0.000000000000 0.000000000000 0.000000000000 0.000000000000 0.000000000000 0.000000000000 0.000000000000 0.000000000000 0.000000000000 0.000000000000 0.000000000000 0.001227400000 0.000000000000 0.000000000000 0.000000000000 0.000000000000 0.000000000000 0.000000000001 0.000000000006 0.002375400000 0.000000000000 0.000000000016 0.000000003504 0.006054600000 0.000000726240 0.013909000000 0.034442000000 0.591010000000 0.000000000000 0.000000000000 0.000000000000 0.000001851800 0.000000000000 0.000000876210 0.000006763300 0.034668000000 0.000000000000 0.000067881000 0.000070647000 0.075831000000 0.001187200000 0.156750000000 0.300920000000 0.892950000000 0.000000030406 0.008165900000 0.016010000000 0.366140000000 0.069520000000 0.584100000000 0.761120000000 0.985610000000 0.321610000000 0.872860000000 0.948840000000 0.995270000000 0.979210000000 0.996030000000 0.996060000000 0.996080000000 

N_obs: 8000

File Format:
1- most to least reliable channels (taken entropies)
2- most to least reliable channels (taken error probabilities)
3- channels entropies (flipped)
4- channels error probabilities (flipped)
5- number of MontCarlo simulations
