63 62 61 60 59 58 57 56 55 54 53 52 51 50 49 47 46 45 44 43 42 41 39 38 37 35 31 30 29 27 23 15 25 26 28 22 21 19 14 13 11 48 36 40 34 24 33 7 20 18 17 12 10 9 6 32 5 16 3 8 4 2 1 0 

63 62 61 60 59 58 57 56 55 54 53 52 51 50 49 47 46 45 44 43 42 41 39 38 37 35 31 30 29 27 23 15 25 26 28 22 21 19 14 13 11 48 36 40 24 34 33 7 18 20 17 12 10 9 6 32 5 16 3 8 4 2 1 0 

0.000000000000 0.000000000000 0.000000000000 0.000000000000 0.000000000000 0.000000000000 0.000000000000 0.000000000000 0.000000000000 0.000000000000 0.000000000000 0.000000000000 0.000000000000 0.000000000000 0.000000000000 0.000000232680 0.000000000000 0.000000000000 0.000000000000 0.000000000000 0.000000000000 0.000000000000 0.000000000000 0.000006609400 0.000000000000 0.000000000000 0.000000000000 0.000001659500 0.000000000000 0.000013277000 0.000022626000 0.031690000000 0.000000000000 0.000000000000 0.000000000000 0.000000000000 0.000000000000 0.000000000000 0.000000000000 0.000013797000 0.000000000000 0.000000000000 0.000000000000 0.000111120000 0.000000000000 0.000154620000 0.000391650000 0.080652000000 0.000000000000 0.000000000009 0.000000000075 0.001092800000 0.000000004683 0.002458600000 0.005660300000 0.201090000000 0.000027112000 0.019203000000 0.041176000000 0.401860000000 0.134130000000 0.594970000000 0.680350000000 0.940610000000 

0.000000000000 0.000000000000 0.000000000000 0.000000000000 0.000000000000 0.000000000000 0.000000000000 0.000000000000 0.000000000000 0.000000000000 0.000000000000 0.000000000000 0.000000000000 0.000000000000 0.000000000000 0.000000132200 0.000000000000 0.000000000000 0.000000000000 0.000000000000 0.000000000000 0.000000000000 0.000000000000 0.000010328000 0.000000000000 0.000000000000 0.000000000000 0.000001258500 0.000000000000 0.000016875000 0.000038233000 0.081744000000 0.000000000000 0.000000000000 0.000000000000 0.000000000000 0.000000000000 0.000000000000 0.000000000000 0.000012321000 0.000000000000 0.000000000000 0.000000000000 0.000370380000 0.000000000000 0.000313660000 0.000939020000 0.190980000000 0.000000000000 0.000000000003 0.000000000025 0.003074600000 0.000000001971 0.005869100000 0.014511000000 0.408300000000 0.000141580000 0.050165000000 0.099702000000 0.685870000000 0.311250000000 0.880720000000 0.952710000000 0.995530000000 

N_obs: 8000

File Format:
1- most to least reliable channels (taken entropies)
2- most to least reliable channels (taken error probabilities)
3- channels entropies (flipped)
4- channels error probabilities (flipped)
5- number of MontCarlo simulations
