63 62 61 60 59 55 47 58 57 54 53 51 31 45 46 43 56 39 52 50 30 49 29 44 42 27 41 38 23 37 28 48 26 35 15 40 25 22 36 21 19 14 13 11 34 7 33 24 20 18 17 12 10 9 6 5 3 32 16 8 4 2 1 0 

63 62 61 60 59 55 47 58 57 54 53 51 31 45 46 43 56 52 39 50 30 49 29 44 42 27 41 38 37 23 28 48 26 35 40 25 15 22 36 21 34 19 14 24 33 13 11 20 7 18 17 32 12 9 10 5 16 3 0 8 1 4 2 6 

0.000000000000 0.000000000000 0.000000000000 0.000000000000 0.000000000000 0.000000000000 0.000000000000 0.000045732000 0.000000000000 0.000000000000 0.000000000000 0.000076179000 0.000000000000 0.000150600000 0.000483890000 0.085957000000 0.000000000000 0.000000000020 0.000000000004 0.001050700000 0.000000076441 0.002642300000 0.006667000000 0.220050000000 0.000057027000 0.022352000000 0.050302000000 0.435130000000 0.154800000000 0.625710000000 0.703590000000 0.946040000000 0.000000000000 0.000223670000 0.000660290000 0.071245000000 0.004185900000 0.147810000000 0.249460000000 0.721260000000 0.043472000000 0.351330000000 0.450430000000 0.845270000000 0.523360000000 0.874950000000 0.886610000000 0.982600000000 0.167070000000 0.572370000000 0.600250000000 0.908270000000 0.620100000000 0.911120000000 0.916080000000 0.986330000000 0.644230000000 0.921760000000 0.925490000000 0.986890000000 0.934540000000 0.989400000000 0.990820000000 0.998790000000 

0.000000000000 0.000000000000 0.000000000000 0.000000000000 0.000000000000 0.000000000000 0.000000000000 0.000083821000 0.000000000000 0.000000000000 0.000000000000 0.000122200000 0.000000000000 0.000407830000 0.001176900000 0.199870000000 0.000000000000 0.000000000006 0.000000000001 0.002717000000 0.000000047262 0.006901500000 0.016949000000 0.431800000000 0.000226880000 0.056403000000 0.116780000000 0.718380000000 0.346800000000 0.898320000000 0.961050000000 0.995720000000 0.000000000000 0.000858140000 0.002114600000 0.186560000000 0.013115000000 0.339560000000 0.538090000000 0.954390000000 0.133190000000 0.706100000000 0.846050000000 0.991180000000 0.939070000000 0.995210000000 0.995620000000 0.996080000000 0.548930000000 0.952470000000 0.981770000000 0.995880000000 0.990150000000 0.996070000000 0.995960000000 0.996090000000 0.994210000000 0.996130000000 0.996080000000 0.996100000000 0.996080000000 0.996110000000 0.996100000000 0.996090000000 

N_obs: 8000

File Format:
1- most to least reliable channels (taken entropies)
2- most to least reliable channels (taken error probabilities)
3- channels entropies (flipped)
4- channels error probabilities (flipped)
5- number of MontCarlo simulations
