63 62 61 60 59 58 57 56 55 54 53 52 51 50 49 47 46 45 44 43 42 41 39 38 37 35 31 30 29 28 27 26 25 23 22 21 19 15 14 13 11 7 40 48 34 33 36 20 24 17 10 12 9 18 6 5 3 32 16 8 4 2 1 0 

63 62 61 60 59 58 57 56 55 54 53 52 51 50 49 47 46 45 44 43 42 41 39 38 37 35 31 30 29 28 27 26 25 23 22 21 19 15 14 13 11 7 40 48 34 33 36 20 24 17 10 12 9 18 6 5 3 32 16 8 4 2 1 0 

0.000000000000 0.000000000000 0.000000000000 0.000000000000 0.000000000000 0.000000000000 0.000000000000 0.000000000000 0.000000000000 0.000000000000 0.000000000000 0.000000000000 0.000000000000 0.000000000000 0.000000000000 0.000000000021 0.000000000000 0.000000000000 0.000000000000 0.000000000000 0.000000000000 0.000000000000 0.000000000000 0.000000000002 0.000000000000 0.000000000000 0.000000000000 0.000000000810 0.000000000000 0.000000000090 0.000000000172 0.002040300000 0.000000000000 0.000000000000 0.000000000000 0.000000000000 0.000000000000 0.000000000000 0.000000000000 0.000000005816 0.000000000000 0.000000000000 0.000000000000 0.000000004367 0.000000000000 0.000001122300 0.000000009935 0.004268500000 0.000000000000 0.000000000000 0.000000000000 0.000000385490 0.000000000000 0.000000174460 0.000000446510 0.010657000000 0.000000000000 0.000007778800 0.000061486000 0.025463000000 0.000558330000 0.061288000000 0.132910000000 0.621850000000 

0.000000000000 0.000000000000 0.000000000000 0.000000000000 0.000000000000 0.000000000000 0.000000000000 0.000000000000 0.000000000000 0.000000000000 0.000000000000 0.000000000000 0.000000000000 0.000000000000 0.000000000000 0.000000000005 0.000000000000 0.000000000000 0.000000000000 0.000000000000 0.000000000000 0.000000000000 0.000000000000 0.000000000000 0.000000000000 0.000000000000 0.000000000000 0.000000000271 0.000000000000 0.000000000024 0.000000000047 0.004648200000 0.000000000000 0.000000000000 0.000000000000 0.000000000000 0.000000000000 0.000000000000 0.000000000000 0.000000002319 0.000000000000 0.000000000000 0.000000000000 0.000000001608 0.000000000000 0.000000919690 0.000000003592 0.009917800000 0.000000000000 0.000000000000 0.000000000000 0.000000211960 0.000000000000 0.000000085970 0.000000212570 0.025777000000 0.000000000000 0.000006178600 0.000125150000 0.058594000000 0.001668200000 0.129140000000 0.265190000000 0.870840000000 

N_obs: 8000

File Format:
1- most to least reliable channels (taken entropies)
2- most to least reliable channels (taken error probabilities)
3- channels entropies (flipped)
4- channels error probabilities (flipped)
5- number of MontCarlo simulations
