63 62 61 59 55 47 60 58 57 54 53 51 31 46 45 43 56 52 50 39 49 30 44 29 42 27 41 38 23 37 48 28 15 35 26 40 25 22 21 19 36 14 13 11 7 34 33 24 20 18 17 12 10 9 6 5 3 32 16 8 4 2 1 0 

63 62 61 59 55 47 60 58 57 54 53 51 31 46 45 43 56 52 50 39 49 30 44 29 42 41 27 38 37 48 23 28 35 26 40 15 25 36 22 21 34 19 14 33 24 13 11 7 20 18 32 2 5 0 17 4 1 3 16 12 8 10 6 9 

0.000000000000 0.000000000000 0.000000000000 0.000000000000 0.000000000000 0.000000000000 0.000000000000 0.000098555000 0.000000000000 0.000000000000 0.000000000001 0.000279210000 0.000000000006 0.000986100000 0.002613800000 0.168030000000 0.000000000000 0.000000015061 0.000001812800 0.006359100000 0.000020432000 0.013584000000 0.032462000000 0.391110000000 0.001147000000 0.084688000000 0.159490000000 0.634790000000 0.310950000000 0.766950000000 0.804790000000 0.968260000000 0.000000004340 0.002903700000 0.006759900000 0.176950000000 0.031988000000 0.321100000000 0.431760000000 0.840030000000 0.131780000000 0.533350000000 0.586320000000 0.903170000000 0.621990000000 0.913880000000 0.921190000000 0.988150000000 0.251350000000 0.662650000000 0.675600000000 0.931710000000 0.685000000000 0.932070000000 0.934830000000 0.989230000000 0.703320000000 0.939670000000 0.941990000000 0.989770000000 0.948840000000 0.991750000000 0.992850000000 0.999050000000 

0.000000000000 0.000000000000 0.000000000000 0.000000000000 0.000000000000 0.000000000000 0.000000000000 0.000304580000 0.000000000000 0.000000000000 0.000000000000 0.000673920000 0.000000000002 0.002005300000 0.007037600000 0.358120000000 0.000000000000 0.000000006306 0.000001819800 0.016421000000 0.000170820000 0.034771000000 0.077495000000 0.667480000000 0.003185400000 0.197820000000 0.344980000000 0.895880000000 0.633560000000 0.971250000000 0.986860000000 0.996070000000 0.000000001967 0.008988700000 0.021334000000 0.411420000000 0.096967000000 0.641850000000 0.802130000000 0.987370000000 0.397650000000 0.904310000000 0.957820000000 0.995720000000 0.981670000000 0.996070000000 0.996100000000 0.996110000000 0.781140000000 0.986860000000 0.992720000000 0.996110000000 0.994880000000 0.996130000000 0.996160000000 0.996120000000 0.995120000000 0.996140000000 0.996090000000 0.996100000000 0.996110000000 0.996090000000 0.996100000000 0.996090000000 

N_obs: 8000

File Format:
1- most to least reliable channels (taken entropies)
2- most to least reliable channels (taken error probabilities)
3- channels entropies (flipped)
4- channels error probabilities (flipped)
5- number of MontCarlo simulations
