63 61 62 59 55 60 58 57 47 54 53 31 51 56 46 45 43 52 39 30 29 27 23 15 50 49 44 42 41 38 37 35 26 28 21 22 25 19 14 13 11 7 48 40 36 34 20 33 18 10 12 9 17 24 6 5 3 8 4 16 32 2 1 0 

63 61 62 59 55 60 58 57 47 54 53 51 56 46 31 52 45 50 43 49 39 30 44 29 27 23 15 41 42 38 25 48 28 9 24 14 7 19 11 6 36 5 40 8 4 21 20 1 32 2 17 16 0 18 3 33 10 26 12 34 22 13 35 37 

0.000000000000 0.000000000012 0.000000000008 0.001186800000 0.000000000027 0.003938600000 0.008159900000 0.258390000000 0.000088225000 0.036924000000 0.080756000000 0.508210000000 0.214440000000 0.690910000000 0.746790000000 0.955760000000 0.024254000000 0.294130000000 0.412660000000 0.823450000000 0.498030000000 0.857970000000 0.866020000000 0.977030000000 0.538160000000 0.881440000000 0.882370000000 0.978840000000 0.892060000000 0.981410000000 0.983330000000 0.997700000000 0.188160000000 0.579760000000 0.593970000000 0.906740000000 0.604140000000 0.903750000000 0.907100000000 0.984560000000 0.605260000000 0.907070000000 0.906810000000 0.982880000000 0.908450000000 0.983480000000 0.984440000000 0.997640000000 0.609720000000 0.912420000000 0.913140000000 0.983940000000 0.913460000000 0.983730000000 0.984050000000 0.997290000000 0.919300000000 0.986050000000 0.986460000000 0.997540000000 0.987670000000 0.998040000000 0.998290000000 0.999770000000 

0.000000000000 0.000000000003 0.000000000002 0.002191100000 0.000000000007 0.009053200000 0.020328000000 0.488500000000 0.000139800000 0.088816000000 0.183350000000 0.793880000000 0.450420000000 0.932030000000 0.974600000000 0.995990000000 0.082272000000 0.637320000000 0.807730000000 0.987520000000 0.934600000000 0.995680000000 0.995660000000 0.996070000000 0.975610000000 0.995930000000 0.996360000000 0.996050000000 0.996330000000 0.996150000000 0.996120000000 0.996090000000 0.708300000000 0.979930000000 0.990880000000 0.995990000000 0.994580000000 0.996120000000 0.995960000000 0.996020000000 0.995040000000 0.996170000000 0.996070000000 0.996090000000 0.996030000000 0.996100000000 0.996100000000 0.996100000000 0.995560000000 0.996020000000 0.996250000000 0.996140000000 0.996030000000 0.996120000000 0.996010000000 0.996070000000 0.996030000000 0.996050000000 0.996060000000 0.996070000000 0.996120000000 0.996100000000 0.996090000000 0.996100000000 

N_obs: 1600

File Format:
1- most to least reliable channels (taken entropies)
2- most to least reliable channels (taken error probabilities)
3- channels entropies (flipped)
4- channels error probabilities (flipped)
5- number of MontCarlo simulations
