63 62 61 59 55 60 58 47 57 31 54 53 15 51 23 39 46 27 43 29 45 30 56 7 11 19 35 13 52 14 49 3 21 37 25 50 41 22 38 26 28 42 44 5 9 17 33 1 6 12 48 10 18 34 20 36 24 40 2 8 4 16 32 0 

63 62 61 59 55 60 58 57 47 54 53 31 51 56 46 45 52 43 39 30 50 49 23 29 44 27 21 41 38 3 11 9 12 22 34 6 19 37 20 5 10 18 16 40 4 36 1 0 26 2 48 32 14 8 33 24 17 42 28 15 35 25 13 7 

0.000000000000 0.000114500000 0.000195350000 0.043042000000 0.001369600000 0.098481000000 0.182540000000 0.666250000000 0.025589000000 0.294400000000 0.402920000000 0.819930000000 0.479810000000 0.856980000000 0.831610000000 0.980780000000 0.162340000000 0.546320000000 0.566530000000 0.897530000000 0.559720000000 0.897000000000 0.859720000000 0.985610000000 0.513370000000 0.878160000000 0.855060000000 0.984580000000 0.785610000000 0.983310000000 0.934030000000 0.998530000000 0.243290000000 0.589900000000 0.563900000000 0.896400000000 0.548940000000 0.892200000000 0.856920000000 0.985300000000 0.513290000000 0.877060000000 0.854620000000 0.984290000000 0.783430000000 0.982360000000 0.932370000000 0.998250000000 0.433910000000 0.822750000000 0.815570000000 0.978180000000 0.776630000000 0.980990000000 0.930950000000 0.997970000000 0.669260000000 0.956290000000 0.930190000000 0.998010000000 0.843070000000 0.997910000000 0.948650000000 0.999840000000 

0.000000000000 0.000413780000 0.000419210000 0.093913000000 0.003699500000 0.202560000000 0.360660000000 0.900920000000 0.066095000000 0.565550000000 0.741660000000 0.978010000000 0.889560000000 0.989950000000 0.991120000000 0.992190000000 0.494040000000 0.932220000000 0.968940000000 0.991830000000 0.983120000000 0.992240000000 0.992030000000 0.992180000000 0.987990000000 0.992040000000 0.992160000000 0.992190000000 0.992300000000 0.992150000000 0.992230000000 0.992210000000 0.888660000000 0.989760000000 0.991420000000 0.992250000000 0.991890000000 0.992190000000 0.992310000000 0.992230000000 0.991370000000 0.992140000000 0.991940000000 0.992160000000 0.992150000000 0.992180000000 0.992230000000 0.992180000000 0.992250000000 0.992210000000 0.992470000000 0.992130000000 0.992050000000 0.992180000000 0.992130000000 0.992210000000 0.992810000000 0.992150000000 0.992170000000 0.992190000000 0.992050000000 0.992190000000 0.992190000000 0.992190000000 

N_obs: 8000

File Format:
1- most to least reliable channels (taken entropies)
2- most to least reliable channels (taken error probabilities)
3- channels entropies (flipped)
4- channels error probabilities (flipped)
5- number of MontCarlo simulations
