63 62 61 60 59 58 57 55 54 53 51 47 46 45 43 39 31 30 29 27 52 50 56 44 49 42 23 41 38 37 28 35 26 15 25 48 22 40 21 36 19 34 14 24 13 33 20 11 7 18 17 12 32 10 9 6 5 3 16 8 4 2 1 0 

63 62 61 60 59 58 57 55 54 53 51 47 46 45 43 39 31 30 29 27 52 50 56 44 49 42 23 41 38 37 28 35 26 15 25 48 22 40 21 36 19 34 14 24 33 13 20 11 18 17 7 12 32 10 9 6 16 5 3 8 2 4 0 1 

0.000000000000 0.000000000000 0.000000000000 0.000000000000 0.000000000000 0.000000000000 0.000000000000 0.000000005265 0.000000000000 0.000000000000 0.000000000000 0.000000000268 0.000000000000 0.000000004851 0.000000063292 0.005198900000 0.000000000000 0.000000000000 0.000000000000 0.000000046352 0.000000000000 0.000000289710 0.000007389900 0.013141000000 0.000000000000 0.000036540000 0.000113360000 0.034163000000 0.000881490000 0.085771000000 0.174460000000 0.688660000000 0.000000000000 0.000000000000 0.000000000002 0.000559190000 0.000000000020 0.001213800000 0.002590600000 0.140890000000 0.000001980900 0.008677000000 0.018921000000 0.284440000000 0.068851000000 0.453950000000 0.564720000000 0.902630000000 0.001588300000 0.092921000000 0.169370000000 0.621790000000 0.294430000000 0.734640000000 0.760670000000 0.957110000000 0.393960000000 0.800870000000 0.811790000000 0.965670000000 0.831230000000 0.970820000000 0.974870000000 0.996660000000 

0.000000000000 0.000000000000 0.000000000000 0.000000000000 0.000000000000 0.000000000000 0.000000000000 0.000000002278 0.000000000000 0.000000000000 0.000000000000 0.000000000084 0.000000000000 0.000000001924 0.000000036354 0.014459000000 0.000000000000 0.000000000000 0.000000000000 0.000000020968 0.000000000000 0.000000176330 0.000007583400 0.033566000000 0.000000000000 0.000078625000 0.000319770000 0.083407000000 0.002125300000 0.191020000000 0.362220000000 0.924250000000 0.000000000000 0.000000000000 0.000000000000 0.001606800000 0.000000000006 0.003632800000 0.006769200000 0.313050000000 0.000001837600 0.024651000000 0.049783000000 0.540770000000 0.174970000000 0.760920000000 0.886500000000 0.993720000000 0.006466400000 0.245950000000 0.407940000000 0.913610000000 0.677400000000 0.974870000000 0.988640000000 0.996060000000 0.887880000000 0.993610000000 0.994870000000 0.996100000000 0.995480000000 0.996090000000 0.996140000000 0.996110000000 

N_obs: 8000

File Format:
1- most to least reliable channels (taken entropies)
2- most to least reliable channels (taken error probabilities)
3- channels entropies (flipped)
4- channels error probabilities (flipped)
5- number of MontCarlo simulations
