63 62 61 59 55 47 58 60 57 53 54 46 51 31 45 56 43 52 50 39 49 30 44 29 42 27 41 38 23 48 15 37 28 35 26 25 40 22 21 19 14 13 11 7 36 34 33 24 20 18 17 12 10 9 6 5 3 32 8 16 4 2 1 0 

63 62 61 59 55 47 58 60 57 53 54 46 51 31 45 43 56 52 50 39 49 30 44 29 42 41 27 38 48 37 23 28 35 26 40 15 25 36 22 21 34 19 14 33 24 13 7 11 3 20 32 18 8 12 1 4 16 0 2 5 9 6 10 17 

0.000000000000 0.000000000000 0.000000000000 0.000000000000 0.000000000000 0.000000000000 0.000000000001 0.000475970000 0.000000000000 0.000000000260 0.000000000005 0.001531900000 0.000005129100 0.004158600000 0.011000000000 0.291890000000 0.000000000000 0.000001288600 0.000081665000 0.026693000000 0.000657710000 0.061246000000 0.117130000000 0.588020000000 0.009397500000 0.208990000000 0.332450000000 0.783740000000 0.458050000000 0.852040000000 0.870010000000 0.980970000000 0.000007714100 0.017381000000 0.036995000000 0.348760000000 0.104450000000 0.509140000000 0.580330000000 0.908430000000 0.241000000000 0.662860000000 0.680650000000 0.933780000000 0.697220000000 0.938020000000 0.942750000000 0.991470000000 0.321320000000 0.726020000000 0.726540000000 0.945510000000 0.736810000000 0.945720000000 0.947470000000 0.991320000000 0.754070000000 0.952490000000 0.953760000000 0.991740000000 0.959250000000 0.993430000000 0.994300000000 0.999250000000 

0.000000000000 0.000000000000 0.000000000000 0.000000000000 0.000000000000 0.000000000000 0.000000000000 0.002068000000 0.000000000000 0.000000000084 0.000000000001 0.004134100000 0.000004543000 0.009873500000 0.027600000000 0.544070000000 0.000000000000 0.000000722710 0.000138560000 0.064717000000 0.001328800000 0.145280000000 0.260550000000 0.863670000000 0.027386000000 0.433980000000 0.645630000000 0.971930000000 0.843130000000 0.992090000000 0.994650000000 0.996010000000 0.000007406100 0.057081000000 0.102390000000 0.685960000000 0.314780000000 0.852330000000 0.934410000000 0.995050000000 0.678060000000 0.976010000000 0.988460000000 0.996000000000 0.993640000000 0.996020000000 0.996320000000 0.996090000000 0.904050000000 0.994570000000 0.995400000000 0.996070000000 0.995770000000 0.996230000000 0.996180000000 0.996060000000 0.995670000000 0.996190000000 0.996120000000 0.996090000000 0.995990000000 0.996100000000 0.996080000000 0.996090000000 

N_obs: 1600

File Format:
1- most to least reliable channels (taken entropies)
2- most to least reliable channels (taken error probabilities)
3- channels entropies (flipped)
4- channels error probabilities (flipped)
5- number of MontCarlo simulations
