63 62 61 60 59 58 57 55 54 53 51 47 46 45 31 43 39 30 29 56 50 52 27 49 44 42 41 38 23 37 28 35 26 48 15 25 40 22 21 36 19 34 14 24 13 33 11 7 20 18 17 12 32 10 9 6 5 3 16 8 4 2 1 0 

63 62 61 60 59 58 57 55 54 53 51 47 46 45 31 43 39 30 56 29 50 52 27 44 49 42 41 38 23 37 28 35 26 48 25 15 40 22 36 21 34 19 14 24 33 13 20 11 18 7 17 32 12 10 9 6 3 16 4 2 8 5 0 1 

0.000000000000 0.000000000000 0.000000000000 0.000000000000 0.000000000000 0.000000000000 0.000000000000 0.000000024147 0.000000000000 0.000000000000 0.000000000000 0.000003304000 0.000000000000 0.000001608100 0.000018912000 0.015490000000 0.000000000000 0.000000000000 0.000000000000 0.000026708000 0.000000000000 0.000086363000 0.000100230000 0.038607000000 0.000000000004 0.000335270000 0.000951840000 0.101460000000 0.008520200000 0.224400000000 0.368070000000 0.825580000000 0.000000000000 0.000000000079 0.000000022151 0.003887400000 0.000005783900 0.009501000000 0.021364000000 0.312710000000 0.000471320000 0.051166000000 0.098922000000 0.530830000000 0.217490000000 0.674460000000 0.728820000000 0.950660000000 0.018595000000 0.245750000000 0.349720000000 0.783420000000 0.439580000000 0.828960000000 0.840480000000 0.973160000000 0.492670000000 0.860850000000 0.864870000000 0.976090000000 0.881120000000 0.980150000000 0.982880000000 0.997740000000 

0.000000000000 0.000000000000 0.000000000000 0.000000000000 0.000000000000 0.000000000000 0.000000000000 0.000000010759 0.000000000000 0.000000000000 0.000000000000 0.000004152700 0.000000000000 0.000001460200 0.000149620000 0.040161000000 0.000000000000 0.000000000000 0.000000000000 0.000042064000 0.000000000000 0.000174610000 0.000198430000 0.093514000000 0.000000000001 0.001147900000 0.002417500000 0.223030000000 0.021356000000 0.434680000000 0.658450000000 0.979730000000 0.000000000000 0.000000000023 0.000000011692 0.011310000000 0.000005776700 0.026076000000 0.055158000000 0.584660000000 0.001692100000 0.131940000000 0.240340000000 0.829720000000 0.506710000000 0.942250000000 0.974010000000 0.995980000000 0.064946000000 0.570020000000 0.753740000000 0.983120000000 0.900850000000 0.993500000000 0.995000000000 0.996090000000 0.965890000000 0.995770000000 0.996100000000 0.996080000000 0.995960000000 0.996080000000 0.996120000000 0.996100000000 

N_obs: 8000

File Format:
1- most to least reliable channels (taken entropies)
2- most to least reliable channels (taken error probabilities)
3- channels entropies (flipped)
4- channels error probabilities (flipped)
5- number of MontCarlo simulations
