63 62 61 60 59 58 57 55 54 53 51 47 46 45 31 43 39 27 29 30 56 52 50 49 44 23 42 41 38 37 28 15 26 35 25 22 48 21 40 19 36 14 34 13 24 33 11 20 7 18 17 12 32 10 9 3 6 5 16 1 8 4 2 0 

63 62 61 60 59 58 57 55 54 53 51 47 46 45 31 43 39 27 29 30 56 52 50 49 44 23 42 41 38 37 28 26 15 35 25 22 48 21 40 36 19 14 34 13 24 33 20 11 18 7 17 12 32 10 9 6 16 5 3 8 1 4 2 0 

0.000000000000 0.000000000000 0.000000000000 0.000000000000 0.000000000000 0.000000000000 0.000000000000 0.000000000111 0.000000000000 0.000000000000 0.000000000000 0.000000000697 0.000000000000 0.000000002166 0.000000010976 0.003242300000 0.000000000000 0.000000000000 0.000000000000 0.000000040250 0.000000000000 0.000001182300 0.000001200700 0.007704500000 0.000000000000 0.000009881100 0.000032825000 0.019024000000 0.000299800000 0.045234000000 0.100740000000 0.572660000000 0.000000000000 0.000000000001 0.000000000000 0.000109510000 0.000000000000 0.000283030000 0.000506840000 0.071152000000 0.000000864200 0.002068100000 0.004283400000 0.150840000000 0.018851000000 0.276440000000 0.393700000000 0.823760000000 0.000165890000 0.031981000000 0.063313000000 0.426040000000 0.150600000000 0.573640000000 0.622700000000 0.922860000000 0.269030000000 0.687270000000 0.691390000000 0.943970000000 0.664640000000 0.944610000000 0.904510000000 0.994720000000 

0.000000000000 0.000000000000 0.000000000000 0.000000000000 0.000000000000 0.000000000000 0.000000000000 0.000000000030 0.000000000000 0.000000000000 0.000000000000 0.000000000207 0.000000000000 0.000000000703 0.000000003992 0.006939100000 0.000000000000 0.000000000000 0.000000000000 0.000000017051 0.000000000000 0.000000822590 0.000000876290 0.016303000000 0.000000000000 0.000007545100 0.000043344000 0.042562000000 0.000667220000 0.096004000000 0.198620000000 0.826870000000 0.000000000000 0.000000000000 0.000000000000 0.000191640000 0.000000000000 0.000557560000 0.001049000000 0.153250000000 0.000000615190 0.004926900000 0.011431000000 0.301310000000 0.045499000000 0.506040000000 0.687070000000 0.973050000000 0.000566490000 0.080762000000 0.150990000000 0.721080000000 0.363440000000 0.875980000000 0.940010000000 0.991130000000 0.674750000000 0.968490000000 0.982100000000 0.992060000000 0.987100000000 0.992190000000 0.992010000000 0.992190000000 

N_obs: 8000

File Format:
1- most to least reliable channels (taken entropies)
2- most to least reliable channels (taken error probabilities)
3- channels entropies (flipped)
4- channels error probabilities (flipped)
5- number of MontCarlo simulations
