63 62 61 60 59 58 57 55 54 53 51 47 46 45 43 39 31 30 29 27 23 52 50 49 56 41 44 38 42 37 15 35 28 26 22 21 25 19 48 40 14 13 36 34 11 24 33 20 18 7 17 12 10 32 9 6 5 16 3 8 4 1 2 0 

63 62 61 60 59 58 57 55 54 53 51 47 46 45 43 39 31 30 29 27 23 52 50 49 56 41 44 38 42 37 15 35 28 26 22 21 25 19 48 40 14 13 36 34 24 11 33 20 18 7 17 12 10 32 9 6 16 5 3 8 4 2 1 0 

0.000000000000 0.000000000000 0.000000000000 0.000000000000 0.000000000000 0.000000000000 0.000000000000 0.000000000000 0.000000000000 0.000000000000 0.000000000000 0.000000000000 0.000000000000 0.000000000000 0.000000000000 0.000193960000 0.000000000000 0.000000000000 0.000000000000 0.000000000003 0.000000000000 0.000000000005 0.000000000002 0.000466160000 0.000000000000 0.000000000004 0.000000000062 0.001122400000 0.000000037903 0.002613900000 0.006466000000 0.231540000000 0.000000000000 0.000000000000 0.000000000000 0.000000128080 0.000000000000 0.000000223420 0.000017922000 0.005929400000 0.000000000000 0.000003284500 0.000011114000 0.012834000000 0.000093190000 0.028096000000 0.061925000000 0.471040000000 0.000000000079 0.000570340000 0.000763230000 0.075534000000 0.004971400000 0.147860000000 0.243920000000 0.716900000000 0.038866000000 0.341740000000 0.445660000000 0.842510000000 0.504210000000 0.873460000000 0.849110000000 0.985320000000 

0.000000000000 0.000000000000 0.000000000000 0.000000000000 0.000000000000 0.000000000000 0.000000000000 0.000000000000 0.000000000000 0.000000000000 0.000000000000 0.000000000000 0.000000000000 0.000000000000 0.000000000000 0.000421880000 0.000000000000 0.000000000000 0.000000000000 0.000000000001 0.000000000000 0.000000000001 0.000000000000 0.000967060000 0.000000000000 0.000000000001 0.000000000016 0.002438100000 0.000000017988 0.006860400000 0.015119000000 0.433320000000 0.000000000000 0.000000000000 0.000000000000 0.000000071656 0.000000000000 0.000000130940 0.000022674000 0.013027000000 0.000000000000 0.000002625500 0.000015497000 0.030019000000 0.000121120000 0.060229000000 0.134350000000 0.735970000000 0.000000000022 0.001379900000 0.001720300000 0.159430000000 0.013490000000 0.302840000000 0.467160000000 0.929340000000 0.100240000000 0.639450000000 0.793610000000 0.983460000000 0.910220000000 0.990200000000 0.991150000000 0.992200000000 

N_obs: 8000

File Format:
1- most to least reliable channels (taken entropies)
2- most to least reliable channels (taken error probabilities)
3- channels entropies (flipped)
4- channels error probabilities (flipped)
5- number of MontCarlo simulations
