63 62 61 59 55 47 58 57 60 54 53 51 46 31 45 56 52 43 50 49 30 39 44 29 42 27 23 15 41 38 48 37 28 35 26 25 22 21 19 14 13 11 7 40 36 34 33 24 20 18 10 17 12 9 6 5 3 32 8 16 4 2 1 0 

63 62 61 59 55 47 58 57 60 54 53 51 46 45 31 56 52 43 50 49 39 44 30 29 42 41 27 48 38 23 37 28 15 35 40 26 25 22 36 14 19 7 34 33 2 8 9 5 10 0 12 32 1 24 4 17 16 6 21 18 20 3 13 11 

0.000000000000 0.000000000000 0.000000000000 0.000000022217 0.000000000000 0.000000002672 0.000000013540 0.006973200000 0.000000000000 0.000000306160 0.000002668700 0.017298000000 0.000120760000 0.051000000000 0.113850000000 0.609970000000 0.000000000007 0.001765100000 0.004728900000 0.165940000000 0.026240000000 0.315260000000 0.434030000000 0.850070000000 0.127200000000 0.556800000000 0.616970000000 0.915490000000 0.665080000000 0.930340000000 0.937550000000 0.991150000000 0.002824100000 0.122880000000 0.214120000000 0.660590000000 0.328200000000 0.749990000000 0.764370000000 0.956990000000 0.376440000000 0.784400000000 0.786820000000 0.958730000000 0.793820000000 0.960470000000 0.963670000000 0.994450000000 0.404860000000 0.808510000000 0.811490000000 0.964020000000 0.813000000000 0.963420000000 0.964330000000 0.994000000000 0.827410000000 0.968510000000 0.969860000000 0.994600000000 0.972670000000 0.995670000000 0.996180000000 0.999490000000 

0.000000000000 0.000000000000 0.000000000000 0.000000010087 0.000000000000 0.000000000899 0.000000004965 0.015609000000 0.000000000000 0.000000164040 0.000001798100 0.046791000000 0.000659950000 0.113620000000 0.241670000000 0.875130000000 0.000000000002 0.004828200000 0.011440000000 0.352000000000 0.065682000000 0.593470000000 0.762580000000 0.985620000000 0.337830000000 0.881700000000 0.948160000000 0.995120000000 0.976840000000 0.995990000000 0.996040000000 0.996110000000 0.014047000000 0.363510000000 0.548720000000 0.954070000000 0.818500000000 0.989130000000 0.993180000000 0.996120000000 0.940190000000 0.994810000000 0.996180000000 0.996180000000 0.995440000000 0.996180000000 0.996140000000 0.996140000000 0.972680000000 0.995430000000 0.996270000000 0.996100000000 0.996390000000 0.996100000000 0.996070000000 0.996060000000 0.995830000000 0.996150000000 0.996080000000 0.996130000000 0.996200000000 0.996050000000 0.996110000000 0.996100000000 

N_obs: 1600

File Format:
1- most to least reliable channels (taken entropies)
2- most to least reliable channels (taken error probabilities)
3- channels entropies (flipped)
4- channels error probabilities (flipped)
5- number of MontCarlo simulations
