63 62 61 59 55 60 58 47 31 57 15 54 23 39 53 51 27 29 43 30 45 46 7 11 19 35 56 13 14 3 49 25 21 37 41 52 22 38 50 26 28 42 44 5 9 17 33 1 6 12 10 18 48 34 20 24 36 40 2 8 4 16 32 0 

63 62 61 59 60 55 58 57 47 54 53 31 51 56 46 45 43 39 52 29 23 26 50 9 35 30 17 21 22 36 18 14 7 48 4 5 32 16 2 6 10 25 40 0 12 8 24 20 37 34 49 44 28 41 38 3 1 11 33 42 13 15 19 27 

0.000000000178 0.001075900000 0.002245200000 0.123310000000 0.014285000000 0.244170000000 0.363880000000 0.805400000000 0.099677000000 0.489100000000 0.555390000000 0.892430000000 0.566370000000 0.901330000000 0.866210000000 0.987610000000 0.244740000000 0.634510000000 0.630940000000 0.923380000000 0.610130000000 0.919770000000 0.879010000000 0.989240000000 0.549820000000 0.898590000000 0.874090000000 0.988450000000 0.800920000000 0.987660000000 0.937510000000 0.998920000000 0.264110000000 0.615630000000 0.595520000000 0.909140000000 0.576850000000 0.907510000000 0.871010000000 0.988070000000 0.542260000000 0.895320000000 0.871760000000 0.987840000000 0.796340000000 0.986110000000 0.935710000000 0.998650000000 0.446080000000 0.835620000000 0.831580000000 0.981730000000 0.790820000000 0.984990000000 0.934590000000 0.998410000000 0.680070000000 0.960080000000 0.933940000000 0.998480000000 0.845580000000 0.998390000000 0.949380000000 0.999870000000 

0.000000000051 0.003459100000 0.005680400000 0.258180000000 0.036873000000 0.466050000000 0.654650000000 0.969780000000 0.258230000000 0.827420000000 0.917350000000 0.990810000000 0.965210000000 0.991930000000 0.992220000000 0.992160000000 0.734910000000 0.978160000000 0.985700000000 0.992230000000 0.989880000000 0.992370000000 0.992240000000 0.992190000000 0.990650000000 0.992250000000 0.992210000000 0.992160000000 0.992050000000 0.992210000000 0.992330000000 0.992180000000 0.947040000000 0.992070000000 0.991390000000 0.992240000000 0.992470000000 0.991930000000 0.992190000000 0.992210000000 0.991670000000 0.992160000000 0.992130000000 0.992210000000 0.992460000000 0.992160000000 0.992100000000 0.992190000000 0.992460000000 0.992160000000 0.992450000000 0.992190000000 0.992300000000 0.992190000000 0.992050000000 0.992200000000 0.992160000000 0.992190000000 0.992180000000 0.992170000000 0.992280000000 0.992190000000 0.992290000000 0.992190000000 

N_obs: 8000

File Format:
1- most to least reliable channels (taken entropies)
2- most to least reliable channels (taken error probabilities)
3- channels entropies (flipped)
4- channels error probabilities (flipped)
5- number of MontCarlo simulations
