63 62 61 59 55 60 58 57 47 54 31 53 51 15 46 39 23 45 43 27 29 56 30 7 52 11 35 19 49 13 14 50 3 37 41 21 25 38 22 44 42 26 28 5 9 17 33 1 6 48 12 10 18 34 36 20 40 24 2 8 4 16 32 0 

63 62 61 59 55 60 58 57 47 54 53 51 56 31 46 45 52 43 50 39 30 49 29 27 44 23 15 13 21 41 1 11 37 9 5 6 40 3 20 36 48 32 2 24 4 26 0 18 8 12 16 14 33 10 28 34 35 42 17 25 38 19 7 22 

0.000000000000 0.000023574000 0.000047997000 0.021631000000 0.000340820000 0.050324000000 0.103870000000 0.562360000000 0.008678100000 0.195120000000 0.302300000000 0.755090000000 0.412210000000 0.819790000000 0.803670000000 0.974890000000 0.112380000000 0.475970000000 0.521560000000 0.876150000000 0.530540000000 0.879840000000 0.845060000000 0.982810000000 0.492540000000 0.864030000000 0.841780000000 0.981840000000 0.775850000000 0.980440000000 0.931530000000 0.998260000000 0.222860000000 0.566270000000 0.545620000000 0.887520000000 0.532390000000 0.881840000000 0.847680000000 0.983400000000 0.499140000000 0.867910000000 0.845110000000 0.982570000000 0.776180000000 0.980190000000 0.930360000000 0.997990000000 0.421400000000 0.811340000000 0.805920000000 0.975610000000 0.768130000000 0.978460000000 0.928680000000 0.997670000000 0.663340000000 0.953950000000 0.927990000000 0.997720000000 0.840990000000 0.997610000000 0.948190000000 0.999820000000 

0.000000000000 0.000076356000 0.000110720000 0.049211000000 0.000940570000 0.105820000000 0.210260000000 0.817110000000 0.022884000000 0.391970000000 0.587030000000 0.954120000000 0.802190000000 0.983650000000 0.988120000000 0.992150000000 0.333390000000 0.866010000000 0.936030000000 0.991210000000 0.973490000000 0.992270000000 0.992050000000 0.992130000000 0.983710000000 0.992290000000 0.992090000000 0.992150000000 0.992260000000 0.992240000000 0.992210000000 0.992170000000 0.830290000000 0.986080000000 0.990220000000 0.992230000000 0.990320000000 0.992180000000 0.992280000000 0.992180000000 0.991360000000 0.992330000000 0.992000000000 0.992140000000 0.992320000000 0.992190000000 0.992280000000 0.992190000000 0.991780000000 0.992190000000 0.991930000000 0.992190000000 0.992090000000 0.992220000000 0.992130000000 0.992190000000 0.992330000000 0.992130000000 0.992130000000 0.992180000000 0.992130000000 0.992180000000 0.992070000000 0.992180000000 

N_obs: 8000

File Format:
1- most to least reliable channels (taken entropies)
2- most to least reliable channels (taken error probabilities)
3- channels entropies (flipped)
4- channels error probabilities (flipped)
5- number of MontCarlo simulations
