63 62 61 59 55 47 60 58 57 54 53 51 46 31 45 56 43 52 50 30 39 49 44 29 27 15 42 23 41 38 37 35 7 28 48 11 19 25 13 26 21 14 22 3 40 33 5 9 17 36 34 6 1 10 18 12 24 20 32 2 4 8 16 0 

63 62 61 59 55 47 60 58 57 53 54 51 46 31 45 56 52 43 50 49 30 39 44 29 42 27 41 38 48 23 28 37 15 35 26 40 25 22 21 36 19 34 7 17 1 13 20 2 14 16 11 10 33 0 4 8 9 3 32 12 24 18 5 6 

0.000000000000 0.000000000000 0.000000000000 0.000000470460 0.000000000000 0.000004117500 0.000027891000 0.016819000000 0.000000000000 0.000077332000 0.000112030000 0.038488000000 0.001025800000 0.086521000000 0.166710000000 0.658720000000 0.000000076994 0.003872500000 0.008434300000 0.200350000000 0.034827000000 0.339640000000 0.451080000000 0.849930000000 0.133330000000 0.546630000000 0.595000000000 0.909900000000 0.595260000000 0.916770000000 0.881260000000 0.990660000000 0.004896000000 0.124910000000 0.204240000000 0.619990000000 0.295910000000 0.703520000000 0.700510000000 0.947630000000 0.346040000000 0.739170000000 0.718050000000 0.950930000000 0.674980000000 0.946490000000 0.903120000000 0.994040000000 0.334260000000 0.719180000000 0.703470000000 0.947240000000 0.671330000000 0.946060000000 0.901540000000 0.993380000000 0.599740000000 0.924770000000 0.899640000000 0.993380000000 0.820360000000 0.993060000000 0.943010000000 0.999460000000 

0.000000000000 0.000000000000 0.000000000000 0.000000253050 0.000000000000 0.000003293800 0.000112610000 0.035524000000 0.000000000000 0.000225490000 0.000165210000 0.080190000000 0.002539400000 0.172730000000 0.315430000000 0.885020000000 0.000000037876 0.009860000000 0.020581000000 0.392450000000 0.080873000000 0.599120000000 0.764010000000 0.980380000000 0.337260000000 0.871070000000 0.938490000000 0.991000000000 0.970960000000 0.991820000000 0.992180000000 0.992230000000 0.016025000000 0.331420000000 0.519730000000 0.934230000000 0.751320000000 0.978040000000 0.986130000000 0.992290000000 0.906190000000 0.990400000000 0.990600000000 0.992130000000 0.991140000000 0.992300000000 0.992100000000 0.992160000000 0.965980000000 0.992140000000 0.992110000000 0.992230000000 0.992170000000 0.992170000000 0.992220000000 0.992220000000 0.992070000000 0.992390000000 0.992340000000 0.992210000000 0.992220000000 0.992140000000 0.992110000000 0.992190000000 

N_obs: 8000

File Format:
1- most to least reliable channels (taken entropies)
2- most to least reliable channels (taken error probabilities)
3- channels entropies (flipped)
4- channels error probabilities (flipped)
5- number of MontCarlo simulations
