63 62 61 60 59 58 57 55 54 53 51 47 46 45 31 43 39 30 27 29 56 52 50 23 44 49 42 41 38 37 28 26 35 15 25 48 22 40 21 36 19 14 34 24 13 33 11 20 7 18 17 12 3 10 9 32 5 6 16 1 8 2 4 0 

63 62 61 60 59 58 57 55 54 53 51 47 46 45 31 43 39 30 27 29 56 52 50 23 44 42 41 49 38 37 28 35 26 15 25 48 22 40 21 36 19 34 14 24 13 33 20 11 18 7 17 12 32 10 9 6 16 5 3 8 4 0 2 1 

0.000000000000 0.000000000000 0.000000000000 0.000000000000 0.000000000000 0.000000000000 0.000000000000 0.000000015620 0.000000000000 0.000000000000 0.000000000000 0.000000356540 0.000000000000 0.000002062100 0.000011674000 0.010585000000 0.000000000000 0.000000000000 0.000000000000 0.000010630000 0.000000000000 0.000019394000 0.000030691000 0.024393000000 0.000000000000 0.000169420000 0.000239050000 0.059608000000 0.002570100000 0.131270000000 0.237380000000 0.730990000000 0.000000000000 0.000000000103 0.000000001609 0.001087100000 0.000000001302 0.002534500000 0.006171700000 0.180860000000 0.000007825200 0.014430000000 0.030179000000 0.333660000000 0.092887000000 0.491880000000 0.574370000000 0.907640000000 0.003908100000 0.115420000000 0.192090000000 0.629740000000 0.297430000000 0.723980000000 0.724300000000 0.954660000000 0.369260000000 0.768280000000 0.755340000000 0.961960000000 0.712020000000 0.961200000000 0.917250000000 0.996480000000 

0.000000000000 0.000000000000 0.000000000000 0.000000000000 0.000000000000 0.000000000000 0.000000000000 0.000000005780 0.000000000000 0.000000000000 0.000000000000 0.000000203720 0.000000000000 0.000001727200 0.000107290000 0.022650000000 0.000000000000 0.000000000000 0.000000000000 0.000010433000 0.000000000000 0.000018926000 0.000026178000 0.054727000000 0.000000000000 0.000451000000 0.000544880000 0.122720000000 0.005738100000 0.257070000000 0.438480000000 0.933930000000 0.000000000000 0.000000000029 0.000000000586 0.002946700000 0.000000000427 0.005890500000 0.015525000000 0.354270000000 0.000005657800 0.033780000000 0.070566000000 0.589490000000 0.213020000000 0.779270000000 0.886000000000 0.989330000000 0.012147000000 0.275480000000 0.436470000000 0.911490000000 0.677010000000 0.968460000000 0.982100000000 0.992080000000 0.867980000000 0.989310000000 0.990440000000 0.992150000000 0.991150000000 0.992200000000 0.992220000000 0.992190000000 

N_obs: 8000

File Format:
1- most to least reliable channels (taken entropies)
2- most to least reliable channels (taken error probabilities)
3- channels entropies (flipped)
4- channels error probabilities (flipped)
5- number of MontCarlo simulations
