63 62 61 60 59 58 57 56 55 54 53 52 51 50 49 47 46 45 44 43 39 31 30 29 27 23 15 42 38 41 37 26 28 35 25 21 22 19 14 13 11 48 36 40 34 33 7 24 20 18 17 12 10 9 6 32 5 16 3 8 4 2 1 0 

63 62 61 60 59 58 57 56 55 54 53 52 51 50 49 47 46 45 44 43 39 31 30 29 27 23 15 42 38 41 37 26 28 35 25 21 22 19 14 13 11 48 34 40 33 36 20 7 24 18 17 12 10 9 6 32 5 16 3 8 4 2 1 0 

0.000000000000 0.000000000000 0.000000000000 0.000000000000 0.000000000000 0.000000000000 0.000000000000 0.000000000000 0.000000000000 0.000000000000 0.000000000000 0.000000000000 0.000000000000 0.000000000000 0.000000000000 0.000005531900 0.000000000000 0.000000000000 0.000000000000 0.000000000000 0.000000000000 0.000000000000 0.000000000000 0.000036718000 0.000000000000 0.000000000000 0.000000000000 0.000032221000 0.000000000000 0.000042491000 0.000157050000 0.052108000000 0.000000000000 0.000000000000 0.000000000000 0.000000000000 0.000000000000 0.000000000000 0.000000000001 0.000253930000 0.000000000000 0.000000000001 0.000000000001 0.000279620000 0.000000000158 0.000615200000 0.001482700000 0.122950000000 0.000000000000 0.000000004874 0.000000008669 0.002932800000 0.000002280000 0.005963400000 0.014360000000 0.271550000000 0.000196280000 0.036693000000 0.075240000000 0.481690000000 0.187770000000 0.643380000000 0.691400000000 0.947570000000 

0.000000000000 0.000000000000 0.000000000000 0.000000000000 0.000000000000 0.000000000000 0.000000000000 0.000000000000 0.000000000000 0.000000000000 0.000000000000 0.000000000000 0.000000000000 0.000000000000 0.000000000000 0.000004938200 0.000000000000 0.000000000000 0.000000000000 0.000000000000 0.000000000000 0.000000000000 0.000000000000 0.000160460000 0.000000000000 0.000000000000 0.000000000000 0.000234200000 0.000000000000 0.000115850000 0.000232240000 0.113890000000 0.000000000000 0.000000000000 0.000000000000 0.000000000000 0.000000000000 0.000000000000 0.000000000000 0.000649600000 0.000000000000 0.000000000000 0.000000000000 0.000409230000 0.000000000048 0.001280700000 0.003458700000 0.252360000000 0.000000000000 0.000000001674 0.000000003478 0.006562200000 0.000001893000 0.013993000000 0.034183000000 0.486860000000 0.000506690000 0.082408000000 0.161730000000 0.742490000000 0.400470000000 0.902960000000 0.954290000000 0.991800000000 

N_obs: 8000

File Format:
1- most to least reliable channels (taken entropies)
2- most to least reliable channels (taken error probabilities)
3- channels entropies (flipped)
4- channels error probabilities (flipped)
5- number of MontCarlo simulations
