63 62 61 59 55 60 58 57 47 54 53 51 31 56 46 45 52 43 39 30 29 23 27 50 15 49 44 42 41 38 37 35 28 26 25 21 22 19 13 14 11 7 48 40 36 34 33 20 18 12 10 24 9 17 6 5 3 8 4 32 16 2 1 0 

63 62 61 59 55 60 58 57 47 54 53 51 56 46 31 45 52 50 43 49 39 30 44 29 42 23 27 41 15 48 38 22 19 40 28 14 11 37 24 12 3 5 32 4 35 6 1 2 33 20 16 34 0 36 9 8 17 26 10 18 7 21 13 25 

0.000000000000 0.000000000000 0.000000000000 0.000424680000 0.000000000001 0.000919080000 0.001806400000 0.156610000000 0.000002810500 0.012602000000 0.026232000000 0.353730000000 0.107420000000 0.562960000000 0.657690000000 0.932250000000 0.006273200000 0.180170000000 0.288970000000 0.748680000000 0.419280000000 0.818600000000 0.827330000000 0.970720000000 0.479400000000 0.851220000000 0.856560000000 0.973830000000 0.867020000000 0.976790000000 0.979580000000 0.997180000000 0.136330000000 0.513830000000 0.539690000000 0.885970000000 0.562740000000 0.888270000000 0.890910000000 0.981650000000 0.562050000000 0.891330000000 0.891150000000 0.979750000000 0.895610000000 0.980850000000 0.982080000000 0.997300000000 0.573060000000 0.899740000000 0.899340000000 0.981270000000 0.902350000000 0.981550000000 0.981940000000 0.996930000000 0.906490000000 0.983580000000 0.984050000000 0.997100000000 0.985730000000 0.997690000000 0.998000000000 0.999730000000 

0.000000000000 0.000000000000 0.000000000000 0.000961850000 0.000000000000 0.002145300000 0.004326000000 0.324790000000 0.000001983100 0.030361000000 0.065468000000 0.620210000000 0.243980000000 0.847120000000 0.939230000000 0.995260000000 0.018200000000 0.423510000000 0.616610000000 0.969920000000 0.857720000000 0.991600000000 0.994400000000 0.995990000000 0.956040000000 0.995820000000 0.996040000000 0.996100000000 0.996070000000 0.996090000000 0.996080000000 0.996060000000 0.538440000000 0.956310000000 0.980740000000 0.995990000000 0.993170000000 0.996160000000 0.996300000000 0.996050000000 0.992580000000 0.995830000000 0.996240000000 0.996080000000 0.995920000000 0.996200000000 0.996140000000 0.996090000000 0.995200000000 0.996000000000 0.996290000000 0.996050000000 0.996010000000 0.996190000000 0.996110000000 0.996110000000 0.996200000000 0.996080000000 0.996060000000 0.996070000000 0.996060000000 0.996080000000 0.996080000000 0.996100000000 

N_obs: 1600

File Format:
1- most to least reliable channels (taken entropies)
2- most to least reliable channels (taken error probabilities)
3- channels entropies (flipped)
4- channels error probabilities (flipped)
5- number of MontCarlo simulations
