63 62 61 60 59 58 57 55 54 53 47 31 51 46 45 43 39 56 52 29 50 30 49 44 27 42 41 38 23 37 28 48 26 35 15 25 40 22 36 21 19 14 34 13 24 11 33 7 20 18 17 12 10 9 6 5 32 3 16 8 4 2 1 0 

63 62 61 60 59 58 57 55 54 53 47 31 51 46 45 43 39 56 52 50 30 29 49 44 27 42 41 38 23 37 28 48 35 26 25 40 15 22 36 21 34 19 24 14 33 13 20 11 7 18 17 32 12 9 10 5 6 8 3 4 0 2 1 16 

0.000000000000 0.000000000000 0.000000000000 0.000000000000 0.000000000000 0.000000000000 0.000000000000 0.000005961600 0.000000000000 0.000000000000 0.000000000000 0.000016843000 0.000000000000 0.000021228000 0.000078667000 0.038140000000 0.000000000000 0.000000000000 0.000000000000 0.000108260000 0.000000000001 0.000348730000 0.000756690000 0.101310000000 0.000000016119 0.003724900000 0.008898200000 0.238030000000 0.049804000000 0.424530000000 0.556570000000 0.902860000000 0.000000000000 0.000025864000 0.000021181000 0.019640000000 0.000210370000 0.046677000000 0.093554000000 0.526390000000 0.006819000000 0.161550000000 0.262800000000 0.723540000000 0.383480000000 0.804730000000 0.825500000000 0.972090000000 0.072997000000 0.420480000000 0.497770000000 0.865710000000 0.540490000000 0.880130000000 0.886040000000 0.981180000000 0.570400000000 0.895880000000 0.900610000000 0.982440000000 0.912420000000 0.985670000000 0.987670000000 0.998370000000 

0.000000000000 0.000000000000 0.000000000000 0.000000000000 0.000000000000 0.000000000000 0.000000000000 0.000006273500 0.000000000000 0.000000000000 0.000000000000 0.000030867000 0.000000000000 0.000033153000 0.000203100000 0.094309000000 0.000000000000 0.000000000000 0.000000000000 0.000316800000 0.000000000000 0.001141700000 0.002278900000 0.228690000000 0.000000007678 0.010916000000 0.021549000000 0.461930000000 0.116110000000 0.714510000000 0.868070000000 0.993290000000 0.000000000000 0.000102670000 0.000134250000 0.053885000000 0.000558730000 0.122450000000 0.225660000000 0.827690000000 0.020766000000 0.379840000000 0.565960000000 0.956200000000 0.794260000000 0.988670000000 0.992800000000 0.996110000000 0.247620000000 0.830340000000 0.923630000000 0.995010000000 0.972060000000 0.995890000000 0.995820000000 0.996060000000 0.986900000000 0.996030000000 0.995970000000 0.996080000000 0.996070000000 0.996090000000 0.996090000000 0.996090000000 

N_obs: 8000

File Format:
1- most to least reliable channels (taken entropies)
2- most to least reliable channels (taken error probabilities)
3- channels entropies (flipped)
4- channels error probabilities (flipped)
5- number of MontCarlo simulations
