63 62 61 60 59 58 57 56 55 54 53 52 51 50 49 47 46 45 44 43 42 41 39 38 37 35 31 30 29 28 27 26 25 23 22 21 19 15 14 11 13 7 34 40 33 48 24 36 17 12 18 10 20 9 6 5 3 32 16 8 4 2 1 0 

63 62 61 60 59 58 57 56 55 54 53 52 51 50 49 47 46 45 44 43 42 41 39 38 37 35 31 30 29 28 27 26 25 23 22 21 19 15 14 11 13 7 34 40 33 48 24 36 17 12 18 9 20 10 6 5 3 32 16 8 4 2 1 0 

0.000000000000 0.000000000000 0.000000000000 0.000000000000 0.000000000000 0.000000000000 0.000000000000 0.000000000000 0.000000000000 0.000000000000 0.000000000000 0.000000000000 0.000000000000 0.000000000000 0.000000000000 0.000000009840 0.000000000000 0.000000000000 0.000000000000 0.000000000000 0.000000000000 0.000000000000 0.000000000000 0.000000000352 0.000000000000 0.000000000000 0.000000000000 0.000000059172 0.000000000000 0.000000000265 0.000000002735 0.003560500000 0.000000000000 0.000000000000 0.000000000000 0.000000000000 0.000000000000 0.000000000000 0.000000000000 0.000000049216 0.000000000000 0.000000000000 0.000000000000 0.000020277000 0.000000000000 0.000002784700 0.000000429790 0.008314800000 0.000000000000 0.000000000000 0.000000000000 0.000002172000 0.000000000000 0.000013487000 0.000024333000 0.021915000000 0.000000000000 0.000112550000 0.000295800000 0.056809000000 0.002465400000 0.132880000000 0.265370000000 0.734180000000 

0.000000000000 0.000000000000 0.000000000000 0.000000000000 0.000000000000 0.000000000000 0.000000000000 0.000000000000 0.000000000000 0.000000000000 0.000000000000 0.000000000000 0.000000000000 0.000000000000 0.000000000000 0.000000004868 0.000000000000 0.000000000000 0.000000000000 0.000000000000 0.000000000000 0.000000000000 0.000000000000 0.000000000122 0.000000000000 0.000000000000 0.000000000000 0.000000035785 0.000000000000 0.000000000081 0.000000000996 0.009085000000 0.000000000000 0.000000000000 0.000000000000 0.000000000000 0.000000000000 0.000000000000 0.000000000000 0.000000027307 0.000000000000 0.000000000000 0.000000000000 0.000063852000 0.000000000000 0.000002997200 0.000000248680 0.021934000000 0.000000000000 0.000000000000 0.000000000000 0.000001471300 0.000000000000 0.000141580000 0.000037770000 0.052329000000 0.000000000000 0.000181500000 0.000822220000 0.127310000000 0.006031900000 0.270660000000 0.484160000000 0.955210000000 

N_obs: 8000

File Format:
1- most to least reliable channels (taken entropies)
2- most to least reliable channels (taken error probabilities)
3- channels entropies (flipped)
4- channels error probabilities (flipped)
5- number of MontCarlo simulations
