63 62 61 59 55 31 47 60 15 58 23 57 39 27 29 51 30 43 54 53 7 45 46 11 19 35 3 13 14 25 21 49 37 41 56 22 38 28 26 50 5 52 9 17 33 42 44 1 6 12 10 18 24 20 34 36 48 40 2 8 4 16 32 0 

63 62 61 59 60 55 58 47 57 54 31 53 51 56 45 46 43 27 29 19 38 3 41 21 49 23 44 24 10 5 13 6 50 17 52 22 33 2 32 4 0 34 25 16 40 8 42 39 18 26 37 12 28 20 48 14 36 35 1 30 9 11 7 15 

0.000040181000 0.014325000000 0.031447000000 0.340790000000 0.109670000000 0.518650000000 0.585690000000 0.909090000000 0.259670000000 0.674790000000 0.677320000000 0.938280000000 0.644220000000 0.935880000000 0.894620000000 0.992600000000 0.320650000000 0.707740000000 0.693640000000 0.944580000000 0.664510000000 0.942870000000 0.898960000000 0.992880000000 0.587080000000 0.920280000000 0.894820000000 0.992350000000 0.815830000000 0.991520000000 0.941170000000 0.999270000000 0.287070000000 0.651070000000 0.631220000000 0.923360000000 0.618020000000 0.926160000000 0.886170000000 0.990950000000 0.576000000000 0.914770000000 0.890410000000 0.991450000000 0.811220000000 0.990140000000 0.939420000000 0.999050000000 0.465330000000 0.850320000000 0.850150000000 0.986230000000 0.806400000000 0.989510000000 0.938640000000 0.998910000000 0.690580000000 0.963880000000 0.938100000000 0.998930000000 0.848750000000 0.998870000000 0.950260000000 0.999910000000 

0.000216420000 0.035503000000 0.076481000000 0.621100000000 0.265810000000 0.834950000000 0.918330000000 0.990650000000 0.662010000000 0.967250000000 0.981840000000 0.992180000000 0.988940000000 0.992160000000 0.992100000000 0.992220000000 0.916810000000 0.991220000000 0.991040000000 0.992130000000 0.991470000000 0.992200000000 0.992090000000 0.992200000000 0.992210000000 0.992060000000 0.992220000000 0.992230000000 0.992230000000 0.992190000000 0.992180000000 0.992190000000 0.973860000000 0.992260000000 0.991790000000 0.992220000000 0.991740000000 0.992210000000 0.992190000000 0.992130000000 0.992130000000 0.992180000000 0.992100000000 0.992220000000 0.992050000000 0.992210000000 0.992170000000 0.992200000000 0.992590000000 0.992230000000 0.992160000000 0.992220000000 0.992360000000 0.992150000000 0.992280000000 0.992200000000 0.992420000000 0.992160000000 0.992150000000 0.992190000000 0.992080000000 0.992180000000 0.992240000000 0.992190000000 

N_obs: 8000

File Format:
1- most to least reliable channels (taken entropies)
2- most to least reliable channels (taken error probabilities)
3- channels entropies (flipped)
4- channels error probabilities (flipped)
5- number of MontCarlo simulations
