63 62 61 59 55 47 57 60 58 54 53 51 46 31 45 56 43 52 50 30 39 49 44 29 42 27 23 41 15 38 37 28 48 35 7 26 25 19 11 13 21 22 14 40 3 33 36 34 5 9 17 6 24 18 10 12 20 1 32 2 4 8 16 0 

63 62 61 59 55 47 57 60 58 54 53 51 46 31 45 56 43 52 50 39 49 30 44 29 42 27 41 38 48 23 28 37 35 15 26 40 25 22 36 21 19 34 14 33 11 13 7 3 1 24 9 10 18 5 16 20 32 0 2 8 4 12 6 17 

0.000000000000 0.000000000000 0.000000000000 0.000000093704 0.000000000000 0.000002531900 0.000000085730 0.006630600000 0.000000000000 0.000005584800 0.000025316000 0.015526000000 0.000221650000 0.036392000000 0.077646000000 0.522000000000 0.000000000002 0.000606770000 0.001225700000 0.100760000000 0.008983900000 0.191980000000 0.300090000000 0.763280000000 0.060540000000 0.404420000000 0.494930000000 0.867040000000 0.532930000000 0.887010000000 0.858650000000 0.986680000000 0.000750960000 0.057703000000 0.108740000000 0.495850000000 0.207600000000 0.620520000000 0.639210000000 0.928510000000 0.297270000000 0.691300000000 0.680610000000 0.939480000000 0.643640000000 0.936120000000 0.894510000000 0.992670000000 0.312170000000 0.693400000000 0.677740000000 0.939400000000 0.646320000000 0.936990000000 0.894310000000 0.992080000000 0.581780000000 0.915790000000 0.891660000000 0.991950000000 0.815390000000 0.991640000000 0.941700000000 0.999340000000 

0.000000000000 0.000000000000 0.000000000000 0.000000047651 0.000000000000 0.000001907100 0.000000037513 0.015332000000 0.000000000000 0.000005215600 0.000035011000 0.034790000000 0.000465880000 0.076555000000 0.156790000000 0.770370000000 0.000000000000 0.002044900000 0.002689700000 0.205620000000 0.021173000000 0.369070000000 0.548990000000 0.948190000000 0.155390000000 0.708920000000 0.844410000000 0.986910000000 0.932910000000 0.990930000000 0.991310000000 0.992170000000 0.002593100000 0.160680000000 0.290420000000 0.835380000000 0.547670000000 0.941420000000 0.971810000000 0.992020000000 0.812160000000 0.983720000000 0.988380000000 0.992160000000 0.990130000000 0.992080000000 0.992330000000 0.992140000000 0.940120000000 0.990960000000 0.991750000000 0.992220000000 0.991430000000 0.992060000000 0.992060000000 0.992200000000 0.991990000000 0.992320000000 0.992120000000 0.992210000000 0.991990000000 0.992200000000 0.992020000000 0.992180000000 

N_obs: 8000

File Format:
1- most to least reliable channels (taken entropies)
2- most to least reliable channels (taken error probabilities)
3- channels entropies (flipped)
4- channels error probabilities (flipped)
5- number of MontCarlo simulations
