63 62 61 60 59 58 57 55 54 53 52 51 47 46 45 43 39 31 30 29 27 23 50 49 15 56 38 44 37 42 25 35 26 41 28 22 21 19 48 40 14 13 36 34 11 33 24 20 18 7 17 12 10 32 9 6 16 5 3 8 4 2 1 0 

63 62 61 60 59 58 57 55 54 53 52 51 47 46 45 43 39 31 30 29 27 23 50 49 15 56 38 44 37 42 25 35 26 41 28 22 21 19 48 40 14 13 36 34 11 33 24 20 18 7 17 12 10 32 9 6 16 5 3 8 4 2 1 0 

0.000000000000 0.000000000000 0.000000000000 0.000000000000 0.000000000000 0.000000000000 0.000000000000 0.000000000000 0.000000000000 0.000000000000 0.000000000000 0.000000000000 0.000000000000 0.000000000000 0.000000000000 0.000042802000 0.000000000000 0.000000000000 0.000000000000 0.000000000000 0.000000000000 0.000000000001 0.000000001934 0.000152050000 0.000000000000 0.000000000000 0.000000000001 0.000315810000 0.000000000054 0.000856100000 0.002134400000 0.168520000000 0.000000000000 0.000000000000 0.000000000000 0.000000014237 0.000000000000 0.000000000291 0.000000000029 0.002409100000 0.000000000000 0.000000085798 0.000000265590 0.005462300000 0.000000425420 0.013820000000 0.032175000000 0.397490000000 0.000000000000 0.000160890000 0.000234010000 0.046117000000 0.001519700000 0.101380000000 0.185250000000 0.672600000000 0.024371000000 0.292900000000 0.409550000000 0.829470000000 0.517060000000 0.877500000000 0.894370000000 0.984880000000 

0.000000000000 0.000000000000 0.000000000000 0.000000000000 0.000000000000 0.000000000000 0.000000000000 0.000000000000 0.000000000000 0.000000000000 0.000000000000 0.000000000000 0.000000000000 0.000000000000 0.000000000000 0.000059944000 0.000000000000 0.000000000000 0.000000000000 0.000000000000 0.000000000000 0.000000000000 0.000000000830 0.000531180000 0.000000000000 0.000000000000 0.000000000000 0.001224300000 0.000000000017 0.002422100000 0.005892300000 0.357870000000 0.000000000000 0.000000000000 0.000000000000 0.000000007345 0.000000000000 0.000000000094 0.000000000008 0.007214800000 0.000000000000 0.000000048755 0.000000177630 0.014480000000 0.000000246660 0.034280000000 0.079361000000 0.683400000000 0.000000000000 0.000602180000 0.000681130000 0.118030000000 0.003978700000 0.230120000000 0.386790000000 0.919830000000 0.070771000000 0.585080000000 0.758490000000 0.984870000000 0.908140000000 0.994420000000 0.995220000000 0.996100000000 

N_obs: 8000

File Format:
1- most to least reliable channels (taken entropies)
2- most to least reliable channels (taken error probabilities)
3- channels entropies (flipped)
4- channels error probabilities (flipped)
5- number of MontCarlo simulations
