63 61 59 62 55 58 60 57 47 54 53 51 56 46 31 45 52 43 50 39 30 29 27 23 49 15 44 42 41 38 37 35 28 26 25 21 22 19 14 13 11 7 48 40 36 34 33 20 18 12 10 9 24 17 6 5 3 8 32 4 16 2 1 0 

63 61 59 62 55 60 58 57 47 54 53 51 56 46 31 45 52 43 50 49 39 30 44 29 42 27 41 48 23 38 37 15 25 19 28 22 35 40 12 14 4 33 24 3 20 9 26 1 10 16 0 18 17 8 32 2 6 13 11 7 5 34 21 36 

0.000000000000 0.000000000001 0.000000000000 0.000205420000 0.000000000001 0.000192940000 0.000390780000 0.086341000000 0.000000006326 0.003098200000 0.007752800000 0.219280000000 0.044166000000 0.403590000000 0.531660000000 0.894450000000 0.001065200000 0.088789000000 0.168690000000 0.627420000000 0.298260000000 0.749030000000 0.771800000000 0.959950000000 0.414400000000 0.814750000000 0.823690000000 0.966960000000 0.837260000000 0.970720000000 0.974300000000 0.996420000000 0.092236000000 0.434710000000 0.489290000000 0.858960000000 0.515130000000 0.867370000000 0.872190000000 0.978780000000 0.524460000000 0.874730000000 0.872340000000 0.976110000000 0.878300000000 0.977690000000 0.979330000000 0.996880000000 0.532470000000 0.880760000000 0.880960000000 0.978000000000 0.884370000000 0.978360000000 0.978630000000 0.996400000000 0.893560000000 0.981500000000 0.981590000000 0.996680000000 0.983520000000 0.997390000000 0.997720000000 0.999700000000 

0.000000000000 0.000000000000 0.000000000000 0.000493420000 0.000000000000 0.000710550000 0.002096700000 0.197750000000 0.000000002598 0.005926200000 0.019042000000 0.419300000000 0.106760000000 0.677030000000 0.839880000000 0.991430000000 0.003007500000 0.232210000000 0.390760000000 0.908930000000 0.669960000000 0.973840000000 0.988970000000 0.995980000000 0.893820000000 0.995000000000 0.995370000000 0.996240000000 0.995980000000 0.996180000000 0.996060000000 0.996110000000 0.361230000000 0.894890000000 0.961350000000 0.995890000000 0.982160000000 0.996090000000 0.995750000000 0.996060000000 0.991730000000 0.995930000000 0.996210000000 0.996080000000 0.995790000000 0.996110000000 0.996110000000 0.996090000000 0.995520000000 0.996020000000 0.996150000000 0.995990000000 0.996150000000 0.996090000000 0.996090000000 0.996110000000 0.996180000000 0.996140000000 0.996180000000 0.996050000000 0.996060000000 0.996130000000 0.996090000000 0.996100000000 

N_obs: 1600

File Format:
1- most to least reliable channels (taken entropies)
2- most to least reliable channels (taken error probabilities)
3- channels entropies (flipped)
4- channels error probabilities (flipped)
5- number of MontCarlo simulations
