63 62 61 60 59 58 57 55 54 53 51 47 46 45 43 39 31 30 29 23 27 56 44 52 50 49 37 41 38 42 28 15 35 26 25 22 21 48 19 40 14 36 13 34 24 33 11 20 18 7 17 12 10 32 9 6 5 3 16 8 1 4 2 0 

63 62 61 60 59 58 57 55 54 53 51 47 46 45 43 39 31 30 29 23 27 56 44 52 50 49 37 41 38 42 28 15 35 26 25 22 21 48 19 40 36 14 13 34 24 33 11 20 18 7 17 12 10 32 9 6 16 5 3 8 4 2 1 0 

0.000000000000 0.000000000000 0.000000000000 0.000000000000 0.000000000000 0.000000000000 0.000000000000 0.000000000001 0.000000000000 0.000000000000 0.000000000000 0.000000000067 0.000000000000 0.000000000139 0.000000000709 0.000929780000 0.000000000000 0.000000000000 0.000000000000 0.000000000022 0.000000000000 0.000000136920 0.000000065638 0.002336500000 0.000000000000 0.000000096022 0.000000018877 0.005553700000 0.000021109000 0.013481000000 0.031136000000 0.392580000000 0.000000000000 0.000000000000 0.000000000000 0.000001411400 0.000000000001 0.000033164000 0.000085298000 0.023155000000 0.000000000000 0.000102430000 0.000375240000 0.051311000000 0.001697700000 0.108780000000 0.195480000000 0.678270000000 0.000003716800 0.005325300000 0.011536000000 0.214890000000 0.041181000000 0.353870000000 0.458350000000 0.852940000000 0.140220000000 0.546160000000 0.597420000000 0.911130000000 0.600340000000 0.919280000000 0.884730000000 0.991540000000 

0.000000000000 0.000000000000 0.000000000000 0.000000000000 0.000000000000 0.000000000000 0.000000000000 0.000000000000 0.000000000000 0.000000000000 0.000000000000 0.000000000019 0.000000000000 0.000000000041 0.000000000238 0.002239800000 0.000000000000 0.000000000000 0.000000000000 0.000000000005 0.000000000000 0.000000075134 0.000000030933 0.006123500000 0.000000000000 0.000000046279 0.000000007034 0.012998000000 0.000023197000 0.029140000000 0.067557000000 0.645620000000 0.000000000000 0.000000000000 0.000000000000 0.000000825560 0.000000000000 0.000050398000 0.000320960000 0.053525000000 0.000000000000 0.000349940000 0.000853930000 0.111820000000 0.005332900000 0.221200000000 0.379960000000 0.903980000000 0.000003307700 0.013319000000 0.028071000000 0.422780000000 0.099343000000 0.632290000000 0.786100000000 0.982740000000 0.360450000000 0.877100000000 0.942730000000 0.991480000000 0.972700000000 0.992120000000 0.992170000000 0.992190000000 

N_obs: 8000

File Format:
1- most to least reliable channels (taken entropies)
2- most to least reliable channels (taken error probabilities)
3- channels entropies (flipped)
4- channels error probabilities (flipped)
5- number of MontCarlo simulations
