63 62 61 60 59 58 57 56 55 54 53 51 50 49 47 46 45 44 43 42 39 31 30 29 27 23 15 52 41 38 35 26 37 28 25 22 19 21 14 13 11 48 40 36 34 33 24 20 7 18 17 12 10 9 32 6 5 16 3 8 4 2 1 0 

63 62 61 60 59 58 57 56 55 54 53 51 50 49 47 46 45 44 43 42 39 31 30 29 27 23 15 52 41 38 35 26 37 28 25 22 19 21 14 13 40 11 48 36 34 33 24 20 7 18 17 12 10 9 32 6 5 16 3 8 4 2 1 0 

0.000000000000 0.000000000000 0.000000000000 0.000000000000 0.000000000000 0.000000000000 0.000000000000 0.000000000000 0.000000000000 0.000000000000 0.000000000000 0.000000000000 0.000000000000 0.000000000000 0.000000000000 0.000007533500 0.000000000000 0.000000000000 0.000000000000 0.000000000000 0.000000000000 0.000000000000 0.000000000000 0.000028403000 0.000000000000 0.000000000000 0.000000000001 0.000051523000 0.000000000000 0.000126390000 0.000268910000 0.077192000000 0.000000000000 0.000000000000 0.000000000000 0.000000000001 0.000000000000 0.000000000000 0.000000000001 0.000394470000 0.000000000000 0.000000000079 0.000000016159 0.001040800000 0.000000002598 0.001995700000 0.004215300000 0.202120000000 0.000000000000 0.000000658580 0.000001032400 0.008865900000 0.000003615600 0.020793000000 0.046382000000 0.430730000000 0.001668300000 0.101320000000 0.186200000000 0.663690000000 0.336100000000 0.783440000000 0.816000000000 0.971330000000 

0.000000000000 0.000000000000 0.000000000000 0.000000000000 0.000000000000 0.000000000000 0.000000000000 0.000000000000 0.000000000000 0.000000000000 0.000000000000 0.000000000000 0.000000000000 0.000000000000 0.000000000000 0.000131090000 0.000000000000 0.000000000000 0.000000000000 0.000000000000 0.000000000000 0.000000000000 0.000000000000 0.000045853000 0.000000000000 0.000000000000 0.000000000000 0.000143280000 0.000000000000 0.000408810000 0.000596810000 0.185620000000 0.000000000000 0.000000000000 0.000000000000 0.000000000000 0.000000000000 0.000000000000 0.000000000000 0.001125000000 0.000000000000 0.000000000026 0.000000008444 0.002523400000 0.000000001025 0.005309100000 0.011724000000 0.413080000000 0.000000000000 0.000000463820 0.000000819670 0.024651000000 0.000127670000 0.051227000000 0.112040000000 0.718080000000 0.004499300000 0.237030000000 0.405510000000 0.916930000000 0.686760000000 0.978630000000 0.990080000000 0.996010000000 

N_obs: 8000

File Format:
1- most to least reliable channels (taken entropies)
2- most to least reliable channels (taken error probabilities)
3- channels entropies (flipped)
4- channels error probabilities (flipped)
5- number of MontCarlo simulations
