63 61 62 59 55 47 60 58 57 54 53 51 46 31 45 56 52 43 50 30 39 49 29 44 15 27 23 42 41 7 35 38 37 11 19 28 13 14 25 21 26 48 22 3 33 40 5 9 17 6 36 34 1 10 12 18 20 24 32 2 8 4 16 0 

63 61 62 59 55 47 60 58 57 54 53 51 46 31 45 56 52 43 50 49 30 39 44 29 42 27 41 38 48 23 37 28 15 35 26 40 25 22 19 36 24 17 34 5 7 14 2 32 12 10 16 20 1 4 18 21 8 0 9 6 33 3 13 11 

0.000000000000 0.000000000000 0.000000000000 0.000026938000 0.000000000000 0.000058112000 0.000149380000 0.037924000000 0.000000000000 0.000354260000 0.000721560000 0.085322000000 0.005648600000 0.175870000000 0.295610000000 0.770460000000 0.000020720000 0.015241000000 0.030642000000 0.338260000000 0.096527000000 0.497580000000 0.573680000000 0.904730000000 0.226630000000 0.651830000000 0.667830000000 0.935220000000 0.643790000000 0.937030000000 0.897020000000 0.993380000000 0.019072000000 0.216390000000 0.298740000000 0.718230000000 0.366120000000 0.761330000000 0.741310000000 0.959750000000 0.377090000000 0.771130000000 0.749200000000 0.959420000000 0.698280000000 0.955310000000 0.910350000000 0.995200000000 0.354120000000 0.739860000000 0.725870000000 0.954500000000 0.691500000000 0.953630000000 0.907640000000 0.994400000000 0.611890000000 0.931090000000 0.906010000000 0.994500000000 0.825210000000 0.994210000000 0.944220000000 0.999560000000 

0.000000000000 0.000000000000 0.000000000000 0.000025152000 0.000000000000 0.000099192000 0.000382230000 0.080324000000 0.000000000000 0.000660960000 0.001720900000 0.171690000000 0.012757000000 0.329740000000 0.522020000000 0.949650000000 0.000021138000 0.035908000000 0.072066000000 0.599200000000 0.229010000000 0.792690000000 0.897120000000 0.989670000000 0.563740000000 0.948790000000 0.974050000000 0.991920000000 0.984280000000 0.992090000000 0.992270000000 0.992150000000 0.064051000000 0.549370000000 0.724020000000 0.974910000000 0.883200000000 0.988390000000 0.990610000000 0.992060000000 0.954560000000 0.991460000000 0.992200000000 0.992180000000 0.991880000000 0.992200000000 0.992070000000 0.992170000000 0.978950000000 0.992110000000 0.992470000000 0.992150000000 0.992570000000 0.992160000000 0.992200000000 0.992200000000 0.992110000000 0.992220000000 0.992100000000 0.992180000000 0.992330000000 0.992140000000 0.992180000000 0.992200000000 

N_obs: 8000

File Format:
1- most to least reliable channels (taken entropies)
2- most to least reliable channels (taken error probabilities)
3- channels entropies (flipped)
4- channels error probabilities (flipped)
5- number of MontCarlo simulations
