63 62 61 59 55 47 60 58 57 54 53 51 31 46 45 56 43 52 50 49 39 30 44 29 42 27 41 23 15 38 48 37 28 35 26 25 22 40 21 19 14 13 11 7 36 34 33 24 20 18 17 12 10 9 6 5 3 32 8 4 16 2 1 0 

63 62 61 59 55 47 60 58 57 54 53 51 31 46 45 56 43 52 50 49 39 30 44 29 42 41 27 38 48 37 23 28 35 40 15 26 25 22 36 21 13 19 34 24 7 33 17 12 4 3 18 5 20 10 8 2 0 16 1 9 32 6 11 14 

0.000000000000 0.000000000000 0.000000000000 0.000000000012 0.000000000000 0.000000003171 0.000000004640 0.001976500000 0.000000000000 0.000000171210 0.000000239060 0.005363500000 0.000007494600 0.016839000000 0.041512000000 0.450930000000 0.000000000001 0.000519030000 0.001027400000 0.071200000000 0.002953600000 0.145980000000 0.256690000000 0.742810000000 0.048059000000 0.386930000000 0.503440000000 0.874560000000 0.579910000000 0.901920000000 0.914460000000 0.987440000000 0.000294340000 0.050412000000 0.107100000000 0.518000000000 0.228420000000 0.655820000000 0.686650000000 0.939800000000 0.322220000000 0.736630000000 0.744930000000 0.949480000000 0.751830000000 0.950780000000 0.955970000000 0.993390000000 0.365550000000 0.771460000000 0.774630000000 0.956230000000 0.779370000000 0.956550000000 0.957520000000 0.992960000000 0.796480000000 0.961440000000 0.962830000000 0.993380000000 0.967330000000 0.994820000000 0.995400000000 0.999390000000 

0.000000000000 0.000000000000 0.000000000000 0.000000000003 0.000000000000 0.000000001213 0.000000001865 0.005080200000 0.000000000000 0.000000096963 0.000000135680 0.015416000000 0.000006980400 0.043005000000 0.096223000000 0.739070000000 0.000000000000 0.001090200000 0.003109500000 0.168550000000 0.009296800000 0.312220000000 0.509590000000 0.952510000000 0.136110000000 0.706500000000 0.858280000000 0.992710000000 0.946030000000 0.995560000000 0.995960000000 0.996220000000 0.000958670000 0.157510000000 0.309700000000 0.875030000000 0.601430000000 0.962080000000 0.984320000000 0.995800000000 0.863130000000 0.992570000000 0.994270000000 0.996090000000 0.995560000000 0.996090000000 0.995990000000 0.996120000000 0.957830000000 0.996430000000 0.995450000000 0.996020000000 0.996330000000 0.996100000000 0.996200000000 0.996110000000 0.995860000000 0.996280000000 0.996090000000 0.996080000000 0.996090000000 0.996110000000 0.996130000000 0.996110000000 

N_obs: 1600

File Format:
1- most to least reliable channels (taken entropies)
2- most to least reliable channels (taken error probabilities)
3- channels entropies (flipped)
4- channels error probabilities (flipped)
5- number of MontCarlo simulations
