SNR -6.000 entropy
  1023   1022   1021   1020   1019   1018   1017   1016   1015   1014   1013   1012   1011   1010   1009   1008   1007   1006   1005   1004   1003   1002   1001   1000    999    998    997    996    995    994    993    992    991    990    989    988    987    986    985    984    983    982    981    980    979    978    977    976    975    974    973    972    971    970    969    968    967    966    965    964    963    962    961    960    959    958    957    956    955    954    953    952    951    950    949    948    947    946    945    944    943    942    941    940    939    938    937    936    935    934    933    932    931    930    929    928    927    926    925    924    923    922    921    920    919    918    917    916    915    914    913    912    911    910    909    908    907    906    905    904    903    902    901    900    899    898    897    896    895    894    893    892    891    890    889    888    887    886    885    884    883    882    881    880    879    878    877    876    875    874    873    872    871    870    869    868    867    866    865    864    863    862    861    860    859    858    857    856    855    854    853    852    851    850    849    848    847    846    845    844    843    842    841    840    839    838    837    836    835    834    833    832    831    830    829    828    827    826    825    824    823    822    821    820    819    818    817    816    815    814    813    812    811    810    809    808    807    806    805    804    803    802    801    800    799    798    797    796    795    794    793    792    791    790    789    788    787    786    785    784    783    782    781    780    779    778    777    776    775    774    773    772    771    770    767    766    765    764    763    762    761    760    759    758    757    756    755    754    753    752    751    750    749    748    747    746    745    744    743    742    741    740    739    738    737    736    735    734    733    732    731    730    729    728    727    726    725    724    723    722    721    720    719    718    717    716    715    714    713    712    711    710    709    708    707    706    705    704    703    702    701    700    699    698    697    696    695    694    693    692    691    690    689    688    687    686    685    684    683    682    681    680    679    678    677    676    675    674    673    672    671    670    669    668    667    666    665    664    663    662    661    660    659    658    657    656    655    654    653    652    651    650    649    648    647    646    645    644    643    642    639    638    637    636    635    634    633    632    631    630    629    628    627    626    625    624    623    622    621    620    619    618    617    616    615    614    613    612    611    610    609    608    607    606    605    604    603    602    601    600    599    598    597    596    595    594    593    592    591    590    589    588    587    586    585    584    583    582    581    580    579    575    574    573    572    571    570    569    568    567    566    565    564    563    562    561    560    559    558    557    556    555    554    553    552    551    550    549    547    546    543    542    541    540    539    538    537    536    535    534    533    532    531    527    526    525    523    519    511    510    509    508    507    506    505    504    503    502    501    500    499    498    497    496    495    494    493    492    491    490    489    488    487    486    485    484    483    482    481    480    479    478    477    476    475    474    473    472    471    470    469    468    467    466    465    464    463    462    461    460    459    458    457    456    455    454    453    452    451    450    449    448    447    446    445    444    443    442    441    440    439    438    437    436    435    434    433    432    431    430    429    428    427    426    425    424    423    422    421    420    419    418    417    416    415    414    413    412    411    410    409    408    407    406    405    404    403    402    401    400    399    398    397    396    395    394    393    392    391    390    389    388    387    383    382    381    380    379    378    377    376    375    374    373    372    371    370    369    368    367    366    365    364    363    362    361    360    359    358    357    356    355    354    353    352    351    350    349    348    347    346    345    344    343    342    341    340    339    338    337    336    335    334    333    332    331    330    329    327    326    325    323    319    318    317    316    315    314    313    312    311    310    309    308    307    306    305    304    303    302    301    300    299    298    297    295    294    293    291    287    286    285    284    283    282    281    279    278    277    275    271    270    269    267    255    254    253    252    251    250    249    248    247    246    245    244    243    242    241    240    239    238    237    236    235    234    233    232    231    230    229    228    227    226    225    223    222    221    220    219    218    217    216    215    214    213    212    211    210    209    207    206    205    204    203    202    201    199    198    197    195    191    190    189    188    187    186    185    184    183    182    181    180    179    178    177    175    174    173    172    171    170    169    167    166    165    163    159    158    157    156    155    154    151    150    143    142    127    126    125    124    123    122    121    120    119    118    117    116    115    114    111    110    109    108    107    106    103    102     95     94     93     91     87     63     62     79    769    263     59    641    149    153     61    147    113    577    324    101    385    545    141    105    524    139    386    328    296    548     90    521    321    322    530    578    522     55    529     99     92    224    208    276     85    290    135    518    176    200     89    280    268     86    292     47    515    266    168    194    273    289    193    517     83    164    274    162    152    161    196    265    262    148     78    768    640     58     77    146     60    261    576    112    104     75     57    145    140     54    544    384    100    528    138    259    320     53     98     88    520    137     31    288     97    516     84     71     51    134    272     46     82    192    514    133    264     45     81    160     76    513    260     56    144     74    131     43     52    258     73     30    136     96     70     50    257     29     39    132     44     69     49     80    512     27    130     42     67     72     23     41    129     38    256     28     15     68     48     37     26     35     66     25     65     40     22    128     21     19     14     36     13     11     34      7     24     33     64     20     18     17     32     16     12     10      9      8      6      5      4      3      2      1      0 
SNR -6.000 entropy
  1023   1022   1021   1020   1019   1018   1017   1016   1015   1014   1013   1012   1011   1010   1009   1008   1007   1006   1005   1004   1003   1002   1001   1000    999    998    997    996    995    994    993    992    991    990    989    988    987    986    985    984    983    982    981    980    979    978    977    976    975    974    973    972    971    970    969    968    967    966    965    964    963    962    961    960    959    958    957    956    955    954    953    952    951    950    949    948    947    946    945    944    943    942    941    940    939    938    937    936    935    934    933    932    931    930    929    928    927    926    925    924    923    922    921    920    919    918    917    916    915    914    913    912    911    910    909    908    907    906    905    904    903    902    901    900    899    898    897    896    895    894    893    892    891    890    889    888    887    886    885    884    883    882    881    880    879    878    877    876    875    874    873    872    871    870    869    868    867    866    865    864    863    862    861    860    859    858    857    856    855    854    853    852    851    850    849    848    847    846    845    844    843    842    841    840    839    838    837    836    835    834    833    832    831    830    829    828    827    826    825    824    823    822    821    820    819    818    817    816    815    814    813    812    811    810    809    808    807    806    805    804    803    802    801    800    799    798    797    796    795    794    793    792    791    790    789    788    787    786    785    784    783    782    781    780    779    778    777    776    775    774    773    772    771    770    767    766    765    764    763    762    761    760    759    758    757    756    755    754    753    752    751    750    749    748    747    746    745    744    743    742    741    740    739    738    737    736    735    734    733    732    731    730    729    728    727    726    725    724    723    722    721    720    719    718    717    716    715    714    713    712    711    710    709    708    707    706    705    704    703    702    701    700    699    698    697    696    695    694    693    692    691    690    689    688    687    686    685    684    683    682    681    680    679    678    677    676    675    674    673    672    671    670    669    668    667    666    665    664    663    662    661    660    659    658    657    656    655    654    653    652    651    650    649    648    647    646    645    644    643    642    639    638    637    636    635    634    633    632    631    630    629    628    627    626    625    624    623    622    621    620    619    618    617    616    615    614    613    612    611    610    609    608    607    606    605    604    603    602    601    600    599    598    597    596    595    594    593    592    591    590    589    588    587    586    585    584    583    582    581    580    579    575    574    573    572    571    570    569    568    567    566    565    564    563    562    561    560    559    558    557    556    555    554    553    552    551    550    549    547    546    543    542    541    540    539    538    537    536    535    534    533    532    531    527    526    525    523    519    511    510    509    508    507    506    505    504    503    502    501    500    499    498    497    496    495    494    493    492    491    490    489    488    487    486    485    484    483    482    481    480    479    478    477    476    475    474    473    472    471    470    469    468    467    466    465    464    463    462    461    460    459    458    457    456    455    454    453    452    451    450    449    448    447    446    445    444    443    442    441    440    439    438    437    436    435    434    433    432    431    430    429    428    427    426    425    424    423    422    421    420    419    418    417    416    415    414    413    412    411    410    409    408    407    406    405    404    403    402    401    400    399    398    397    396    395    394    393    392    391    390    389    388    387    383    382    381    380    379    378    377    376    375    374    373    372    371    370    369    368    367    366    365    364    363    362    361    360    359    358    357    356    355    354    353    352    351    350    349    348    347    346    345    344    343    342    341    340    339    338    337    336    335    334    333    332    331    330    329    327    326    325    323    319    318    317    316    315    314    313    312    311    310    309    308    307    306    305    304    303    302    301    300    299    298    297    295    294    293    291    287    286    285    284    283    282    281    279    278    277    275    271    270    269    267    255    254    253    252    251    250    249    248    247    246    245    244    243    242    241    240    239    238    237    236    235    234    233    232    231    230    229    228    227    226    225    223    222    221    220    219    218    217    216    215    214    213    212    211    210    209    207    206    205    204    203    202    201    199    198    197    195    191    190    189    188    187    186    185    184    183    182    181    180    179    178    177    175    174    173    172    171    170    169    167    166    165    163    159    158    157    156    155    154    151    150    143    142    127    126    125    124    123    122    121    120    119    118    117    116    115    114    111    110    109    108    107    106    103    102     95     94     93     91     87     63     62     79    769    263     59    641    149    153     61    147    113    577    324    101    385    545    141    105    524    139    386    328    296    548     90    521    321    322    530    578    522     55    529     99     92    224    208    276     85    290    135    518    176    200     89    280    268     86    292     47    515    266    168    194    273    289    193    517     83    164    274    162    152    161    196    265    262    148     78    768    640     58     77    146     60    261    576    112    104     75     57    145    140     54    544    384    100    528    138    259    320     53     98     88    520    137     31    288     97    516     84     71     51    134    272     46     82    192    514    133    264     45     81    160     76    513    260     56    144     74    131     43     52    258     73     30    136     96     70     50    257     29     39    132     44     69     49     80    512     27    130     42     67     72     23     41    129     38    256     28     15     68     48     37     26     35     66     25     65     40     22    128     21     19     14     36     13     11     34      7     24     33     64     20     18     17     32     16     12     10      9      8      6      5      4      3      2      1      0 
SNR -6.000 entropy
  1023   1022   1021   1020   1019   1018   1017   1016   1015   1014   1013   1012   1011   1010   1009   1008   1007   1006   1005   1004   1003   1002   1001   1000    999    998    997    996    995    994    993    992    991    990    989    988    987    986    985    984    983    982    981    980    979    978    977    976    975    974    973    972    971    970    969    968    967    966    965    964    963    962    961    960    959    958    957    956    955    954    953    952    951    950    949    948    947    946    945    944    943    942    941    940    939    938    937    936    935    934    933    932    931    930    929    928    927    926    925    924    923    922    921    920    919    918    917    916    915    914    913    912    911    910    909    908    907    906    905    904    903    902    901    900    899    898    897    896    895    894    893    892    891    890    889    888    887    886    885    884    883    882    881    880    879    878    877    876    875    874    873    872    871    870    869    868    867    866    865    864    863    862    861    860    859    858    857    856    855    854    853    852    851    850    849    848    847    846    845    844    843    842    841    840    839    838    837    836    835    834    833    832    831    830    829    828    827    826    825    824    823    822    821    820    819    818    817    816    815    814    813    812    811    810    809    808    807    806    805    804    803    802    801    800    799    798    797    796    795    794    793    792    791    790    789    788    787    786    785    784    783    782    781    780    779    778    777    776    775    774    773    772    771    770    767    766    765    764    763    762    761    760    759    758    757    756    755    754    753    752    751    750    749    748    747    746    745    744    743    742    741    740    739    738    737    736    735    734    733    732    731    730    729    728    727    726    725    724    723    722    721    720    719    718    717    716    715    714    713    712    711    710    709    708    707    706    705    704    703    702    701    700    699    698    697    696    695    694    693    692    691    690    689    688    687    686    685    684    683    682    681    680    679    678    677    676    675    674    673    672    671    670    669    668    667    666    665    664    663    662    661    660    659    658    657    656    655    654    653    652    651    650    649    648    647    646    645    644    643    642    639    638    637    636    635    634    633    632    631    630    629    628    627    626    625    624    623    622    621    620    619    618    617    616    615    614    613    612    611    610    609    608    607    606    605    604    603    602    601    600    599    598    597    596    595    594    593    592    591    590    589    588    587    586    585    584    583    582    581    580    579    575    574    573    572    571    570    569    568    567    566    565    564    563    562    561    560    559    558    557    556    555    554    553    552    551    550    549    547    546    543    542    541    540    539    538    537    536    535    534    533    532    531    527    526    525    523    519    511    510    509    508    507    506    505    504    503    502    501    500    499    498    497    496    495    494    493    492    491    490    489    488    487    486    485    484    483    482    481    480    479    478    477    476    475    474    473    472    471    470    469    468    467    466    465    464    463    462    461    460    459    458    457    456    455    454    453    452    451    450    449    448    447    446    445    444    443    442    441    440    439    438    437    436    435    434    433    432    431    430    429    428    427    426    425    424    423    422    421    420    419    418    417    416    415    414    413    412    411    410    409    408    407    406    405    404    403    402    401    400    399    398    397    396    395    394    393    392    391    390    389    388    387    383    382    381    380    379    378    377    376    375    374    373    372    371    370    369    368    367    366    365    364    363    362    361    360    359    358    357    356    355    354    353    352    351    350    349    348    347    346    345    344    343    342    341    340    339    338    337    336    335    334    333    332    331    330    329    327    326    325    323    319    318    317    316    315    314    313    312    311    310    309    308    307    306    305    304    303    302    301    300    299    298    297    295    294    293    291    287    286    285    284    283    282    281    279    278    277    275    271    270    269    267    255    254    253    252    251    250    249    248    247    246    245    244    243    242    241    240    239    238    237    236    235    234    233    232    231    230    229    228    227    226    225    223    222    221    220    219    218    217    216    215    214    213    212    211    210    209    207    206    205    204    203    202    201    199    198    197    195    191    190    189    188    187    186    185    184    183    182    181    180    179    178    177    175    174    173    172    171    170    169    167    166    165    163    159    158    157    156    155    154    151    150    143    142    127    126    125    124    123    122    121    120    119    118    117    116    115    114    111    110    109    108    107    106    103    102     95     94     93     91     87     63     62     79    769    263     59    641    149    153     61    147    113    577    324    101    385    545    141    105    524    139    386    328    296    548     90    521    321    322    530    578    522     55    529     99     92    224    208    276     85    290    135    518    176    200     89    280    268     86    292     47    515    266    168    194    273    289    193    517     83    164    274    162    152    161    196    265    262    148     78    768    640     58     77    146     60    261    576    112    104     75     57    145    140     54    544    384    100    528    138    259    320     53     98     88    520    137     31    288     97    516     84     71     51    134    272     46     82    192    514    133    264     45     81    160     76    513    260     56    144     74    131     43     52    258     73     30    136     96     70     50    257     29     39    132     44     69     49     80    512     27    130     42     67     72     23     41    129     38    256     28     15     68     48     37     26     35     66     25     65     40     22    128     21     19     14     36     13     11     34      7     24     33     64     20     18     17     32     16     12     10      9      8      6      5      4      3      2      1      0 
SNR -6.000 entropy
  1022   1020   1018   1016   1014   1012   1010   1008   1006   1004   1002   1000    998    996    994    992    990    988    986    984    982    980    978    976    974    972    970    968    966    964    962    960    958    956    954    952    950    948    946    944    942    940    938    936    934    932    930    928    926    924    922    920    918    916    914    912    910    908    906    904    902    900    898    896    894    892    890    888    886    884    882    880    878    876    874    872    870    868    866    864    862    860    858    856    854    852    850    848    846    844    842    840    838    836    834    832    830    828    826    824    822    820    818    816    814    812    810    808    806    804    802    800    798    796    794    792    790    788    786    784    782    780    778    776    774    772    770    766    764    762    760    758    756    754    752    750    748    746    744    742    740    738    736    734    732    730    728    726    724    722    720    718    716    714    712    710    708    706    704    702    700    698    696    694    692    690    688    686    684    682    680    678    676    674    672    670    668    666    664    662    660    658    656    654    652    650    648    646    644    642    638    636    634    632    630    628    626    624    622    620    618    616    614    612    610    608    606    604    602    600    598    596    594    592    590    588    586    584    582    580    578    574    572    570    568    566    564    562    560    558    556    554    552    550    548    542    540    538    536    534    532    526    510    508    506    504    502    500    498    496    494    492    490    488    486    484    482    480    478    476    474    472    470    468    466    464    462    460    458    456    454    452    450    448    446    444    442    440    438    436    434    432    430    428    426    424    422    420    418    416    414    412    410    408    406    404    402    400    398    396    394    392    390    388    386    382    380    378    376    374    372    370    368    366    364    362    360    358    356    354    352    350    348    346    344    342    340    338    336    334    332    330    326    324    318    316    314    312    310    308    306    302    300    298    294    286    284    282    278    270    254    252    250    248    246    244    242    240    238    236    234    232    230    228    226    222    220    218    216    214    212    210    206    204    202    198    190    188    186    184    182    180    178    174    172    170    166    158    156    154    142    126    124    122    120    118    116    114    110     94     62    546    328    322     92     90    524    108    106    102   1023   1021   1019   1017   1015   1013   1011   1009   1007   1005   1003   1001    999    997    995    993    991    989    987    985    983    981    979    977    975    973    971    969    967    965    963    961    959    957    955    953    951    949    947    945    943    941    939    937    935    933    931    929    927    925    923    921    919    917    915    913    911    909    907    905    903    901    899    897    895    893    891    889    887    885    883    881    879    877    875    873    871    869    867    865    863    861    859    857    855    853    851    849    847    845    843    841    839    837    835    833    831    829    827    825    823    821    819    817    815    813    811    809    807    805    803    801    799    797    795    793    791    789    787    785    783    781    779    777    775    773    771    767    765    763    761    759    757    755    753    751    749    747    745    743    741    739    737    735    733    731    729    727    725    723    721    719    717    715    713    711    709    707    705    703    701    699    697    695    693    691    689    687    685    683    681    679    677    675    673    671    669    667    665    663    661    659    657    655    653    651    649    647    645    643    639    637    635    633    631    629    627    625    623    621    619    617    615    613    611    609    607    605    603    601    599    597    595    593    591    589    587    585    583    581    579    575    573    571    569    567    565    563    561    559    557    555    553    551    549    547    543    541    539    537    535    533    531    527    525    523    519    511    509    507    505    503    501    499    497    495    493    491    489    487    485    483    481    479    477    475    473    471    469    467    465    463    461    459    457    455    453    451    449    447    445    443    441    439    437    435    433    431    429    427    425    423    421    419    417    415    413    411    409    407    405    403    401    399    397    395    393    391    389    387    383    381    379    377    375    373    371    369    367    365    363    361    359    357    355    353    351    349    347    345    343    341    339    337    335    333    331    329    327    325    323    319    317    315    313    311    309    307    305    303    301    299    297    295    293    291    287    285    283    279    277    275    271    255    253    251    249    247    245    243    241    239    237    235    233    231    229    227    225    223    221    219    217    215    213    211    207    205    203    201    199    191    189    187    185    183    181    179    175    173    171    167    159    157    155    151    143    127    125    123    121    119    117    115    111    109    107    103     95     93     91     63    209    177    197    281     87    195    267    269    165    163    153     79    769    641    263    113     61    169    147    545    577    139     59    530    385    105     55    101    321    529    521    304    296    292    522    518    150    200    224    276    149    289    141    290    274    273    517     85    176    208     89    280    196    135     86    194    266     99    193     47    268    168    164    162    152    515    265     83    161     77    262     78    768    148     60    112     58    146    640    261    576     57    104     75    140    145     54    544    384    100    138    528    259     53    320     98     31     88    520    137    288     97     84    516     71     51    134    272     46     82    192    514    133    264     45     81     76    160    513     56    260     74    144    131     43     52    258     73     30    136     96     70     50    257     29     39    132     44     69     49     80    512     27    130     42     67     72     23     41    129    256     28     38     15     68     48     37     26     35     66     25     65     40     22    128     21     19     14     36     13     11     34      7     24     33     64     20     18     17     32     16     12     10      9      8      6      5      4      3      2      1      0 
SNR -16.000 entropy
  1022   1020   1018   1016   1014   1012   1010   1008   1006   1004   1002   1000    998    996    994    990    988    986    984    982    980    978    974    972    958    956    954    950    942    926    894    892    890    886    766    878    948    970    966   1023   1021   1019   1017   1015   1013   1011   1009   1007   1005   1003   1001    999    997    995    991    989    987    985    983    981    979    975    973    971    967    959    957    955    953    951    949    943    941    927    895    893    891    887    879    767    947    935    939    925    923    863    889    977    765    993    883    885    969    763    965    919    952    940    877    759    963    511    875    946    945    934    937    938    831    911    933    924    871    862    861    922    888    931    764    992    751    884    921    762    976    859    882    968    761    918    964    881    917    510    876    758    944    962    874    509    757    936    915    855    961    873    830    910    932    735    870    829    755    909    507    860    930    750    920    869    858    749    847    929    827    760    907    916    880    857    867    503    508    756    703    914    747    854    872    960    823    903    734    828    853    913    908    754    506    868    743    733    495    753    748    846    639    851    505    826    815    928    906    856    866    731    845    825    502    905    746    702    799    479    865    822    902    727    843    501    745    852    912    701    821    901    447    742    732    839    719    499    752    494    699    504    819    850    899    741    814    638    383    849    493    695    730    739    813    255    824    844    637    904    687    729    491    811    864    798    635    671    478    487    807    500    842    726    744    797    631    841    725    477    700    795    820    623    900    475    723    607    838    791    498    718    446    471    837    783    575    497    717    698    463    445    818    898    740    835    817    715    697    443    897    848    711    382    439    492    381    694    738    431    812    737    693    379    636    254    415    691    728    810    375    490    686    253    685    809    489    367    634    683    806    670    486    251    724    679    669    663    633    351    319    247    239    896    840    836    834    833    832    816    808    805    804    803    802    801    800    796    794    793    792    790    789    788    787    786    785    784    782    781    780    779    778    777    776    775    774    773    772    771    770    769    768    736    722    721    720    716    714    713    712    710    709    708    707    706    705    704    696    692    690    689    688    684    682    681    680    678    677    676    675    674    673    672    668    667    666    665    664    662    661    660    659    658    657    656    655    654    653    652    651    650    649    648    647    646    645    644    643    642    641    640    632    630    629    628    627    626    625    624    622    621    620    619    618    617    616    615    614    613    612    611    610    609    608    606    605    604    603    602    601    600    599    598    597    596    595    594    593    592    591    590    589    588    587    586    585    584    583    582    581    580    579    578    577    576    574    573    572    571    570    569    568    567    566    565    564    563    562    561    560    559    558    557    556    555    554    553    552    551    550    549    548    547    546    545    544    543    542    541    540    539    538    537    536    535    534    533    532    531    530    529    528    527    526    525    524    523    522    521    520    519    518    517    516    515    514    513    512    496    488    485    484    483    482    481    480    476    474    473    472    470    469    468    467    466    465    464    462    461    460    459    458    457    456    455    454    453    452    451    450    449    448    444    442    441    440    438    437    436    435    434    433    432    430    429    428    427    426    425    424    423    422    421    420    419    418    417    416    414    413    412    411    410    409    408    407    406    405    404    403    402    401    400    399    398    397    396    395    394    393    392    391    390    389    388    387    386    385    384    380    378    377    376    374    373    372    371    370    369    368    366    365    364    363    362    361    360    359    358    357    356    355    354    353    352    350    349    348    347    346    345    344    343    342    341    340    339    338    337    336    335    334    333    332    331    330    329    328    327    326    325    324    323    322    321    320    318    317    316    315    314    313    312    311    310    309    308    307    306    305    304    303    302    301    300    299    298    297    296    295    294    293    292    291    290    289    288    287    286    285    284    283    282    281    280    279    278    277    276    275    274    273    272    271    270    269    268    267    266    265    264    263    262    261    260    259    258    257    256    252    250    249    248    246    245    244    243    242    241    240    238    237    236    235    234    233    232    231    230    229    228    227    226    225    224    223    222    221    220    219    218    217    216    215    214    213    212    211    210    209    208    207    206    205    204    203    202    201    200    199    198    197    196    195    194    193    192    191    190    189    188    187    186    185    184    183    182    181    180    179    178    177    176    175    174    173    172    171    170    169    168    167    166    165    164    163    162    161    160    159    158    157    156    155    154    153    152    151    150    149    148    147    146    145    144    143    142    141    140    139    138    137    136    135    134    133    132    131    130    129    128    127    126    125    124    123    122    121    120    119    118    117    116    115    114    113    112    111    110    109    108    107    106    105    104    103    102    101    100     99     98     97     96     95     94     93     92     91     90     89     88     87     86     85     84     83     82     81     80     79     78     77     76     75     74     73     72     71     70     69     68     67     66     65     64     63     62     61     60     59     58     57     56     55     54     53     52     51     50     49     48     47     46     45     44     43     42     41     40     39     38     37     36     35     34     33     32     31     30     29     28     27     26     25     24     23     22     21     20     19     18     17     16     15     14     13     12     11     10      9      8      7      6      5      4      3      2      1      0 
SNR -35.000 entropy
  1023   1022   1021   1019   1015   1020   1007    991   1018    959   1017    895    767    511   1014   1013   1011   1006   1005   1003    990    999    989    987    983    958   1016   1012   1010   1009   1008   1004   1002   1001   1000    998    997    996    995    994    993    992    988    986    985    984    982    981    980    979    978    977    976    975    974    973    972    971    970    969    968    967    966    965    964    963    962    961    960    957    956    955    954    953    952    951    950    949    948    947    946    945    944    943    942    941    940    939    938    937    936    935    934    933    932    931    930    929    928    927    926    925    924    923    922    921    920    919    918    917    916    915    914    913    912    911    910    909    908    907    906    905    904    903    902    901    900    899    898    897    896    894    893    892    891    890    889    888    887    886    885    884    883    882    881    880    879    878    877    876    875    874    873    872    871    870    869    868    867    866    865    864    863    862    861    860    859    858    857    856    855    854    853    852    851    850    849    848    847    846    845    844    843    842    841    840    839    838    837    836    835    834    833    832    831    830    829    828    827    826    825    824    823    822    821    820    819    818    817    816    815    814    813    812    811    810    809    808    807    806    805    804    803    802    801    800    799    798    797    796    795    794    793    792    791    790    789    788    787    786    785    784    783    782    781    780    779    778    777    776    775    774    773    772    771    770    769    768    766    765    764    763    762    761    760    759    758    757    756    755    754    753    752    751    750    749    748    747    746    745    744    743    742    741    740    739    738    737    736    735    734    733    732    731    730    729    728    727    726    725    724    723    722    721    720    719    718    717    716    715    714    713    712    711    710    709    708    707    706    705    704    703    702    701    700    699    698    697    696    695    694    693    692    691    690    689    688    687    686    685    684    683    682    681    680    679    678    677    676    675    674    673    672    671    670    669    668    667    666    665    664    663    662    661    660    659    658    657    656    655    654    653    652    651    650    649    648    647    646    645    644    643    642    641    640    639    638    637    636    635    634    633    632    631    630    629    628    627    626    625    624    623    622    621    620    619    618    617    616    615    614    613    612    611    610    609    608    607    606    605    604    603    602    601    600    599    598    597    596    595    594    593    592    591    590    589    588    587    586    585    584    583    582    581    580    579    578    577    576    575    574    573    572    571    570    569    568    567    566    565    564    563    562    561    560    559    558    557    556    555    554    553    552    551    550    549    548    547    546    545    544    543    542    541    540    539    538    537    536    535    534    533    532    531    530    529    528    527    526    525    524    523    522    521    520    519    518    517    516    515    514    513    512    510    509    508    507    506    505    504    503    502    501    500    499    498    497    496    495    494    493    492    491    490    489    488    487    486    485    484    483    482    481    480    479    478    477    476    475    474    473    472    471    470    469    468    467    466    465    464    463    462    461    460    459    458    457    456    455    454    453    452    451    450    449    448    447    446    445    444    443    442    441    440    439    438    437    436    435    434    433    432    431    430    429    428    427    426    425    424    423    422    421    420    419    418    417    416    415    414    413    412    411    410    409    408    407    406    405    404    403    402    401    400    399    398    397    396    395    394    393    392    391    390    389    388    387    386    385    384    383    382    381    380    379    378    377    376    375    374    373    372    371    370    369    368    367    366    365    364    363    362    361    360    359    358    357    356    355    354    353    352    351    350    349    348    347    346    345    344    343    342    341    340    339    338    337    336    335    334    333    332    331    330    329    328    327    326    325    324    323    322    321    320    319    318    317    316    315    314    313    312    311    310    309    308    307    306    305    304    303    302    301    300    299    298    297    296    295    294    293    292    291    290    289    288    287    286    285    284    283    282    281    280    279    278    277    276    275    274    273    272    271    270    269    268    267    266    265    264    263    262    261    260    259    258    257    256    255    254    253    252    251    250    249    248    247    246    245    244    243    242    241    240    239    238    237    236    235    234    233    232    231    230    229    228    227    226    225    224    223    222    221    220    219    218    217    216    215    214    213    212    211    210    209    208    207    206    205    204    203    202    201    200    199    198    197    196    195    194    193    192    191    190    189    188    187    186    185    184    183    182    181    180    179    178    177    176    175    174    173    172    171    170    169    168    167    166    165    164    163    162    161    160    159    158    157    156    155    154    153    152    151    150    149    148    147    146    145    144    143    142    141    140    139    138    137    136    135    134    133    132    131    130    129    128    127    126    125    124    123    122    121    120    119    118    117    116    115    114    113    112    111    110    109    108    107    106    105    104    103    102    101    100     99     98     97     96     95     94     93     92     91     90     89     88     87     86     85     84     83     82     81     80     79     78     77     76     75     74     73     72     71     70     69     68     67     66     65     64     63     62     61     60     59     58     57     56     55     54     53     52     51     50     49     48     47     46     45     44     43     42     41     40     39     38     37     36     35     34     33     32     31     30     29     28     27     26     25     24     23     22     21     20     19     18     17     16     15     14     13     12     11     10      9      8      7      6      5      4      3      2      1      0 
SNR -26.000 entropy
  1022   1023   1021   1019   1015   1020   1018   1007   1017   1014   1013   1011    991   1006   1016   1005   1012   1003    959   1010    990    999   1009   1004    989    895    987   1002    767   1001    958    983    511   1008    998    975    957    988    997    955    995    894    951    986    943    893    985    927    891   1000    766    887    982    765    879    981    763    863    510    979    759    831    509    751    974    956    507    973    735    971    503    996    703    967    994    954    495    993    953    639    479    447    383    992    984    980    978    977    976    972    970    969    968    966    965    964    963    962    961    960    952    950    949    948    947    946    945    944    942    941    940    939    938    937    936    935    934    933    932    931    930    929    928    926    925    924    923    922    921    920    919    918    917    916    915    914    913    912    911    910    909    908    907    906    905    904    903    902    901    900    899    898    897    896    892    890    889    888    886    885    884    883    882    881    880    878    877    876    875    874    873    872    871    870    869    868    867    866    865    864    862    861    860    859    858    857    856    855    854    853    852    851    850    849    848    847    846    845    844    843    842    841    840    839    838    837    836    835    834    833    832    830    829    828    827    826    825    824    823    822    821    820    819    818    817    816    815    814    813    812    811    810    809    808    807    806    805    804    803    802    801    800    799    798    797    796    795    794    793    792    791    790    789    788    787    786    785    784    783    782    781    780    779    778    777    776    775    774    773    772    771    770    769    768    764    762    761    760    758    757    756    755    754    753    752    750    749    748    747    746    745    744    743    742    741    740    739    738    737    736    734    733    732    731    730    729    728    727    726    725    724    723    722    721    720    719    718    717    716    715    714    713    712    711    710    709    708    707    706    705    704    702    701    700    699    698    697    696    695    694    693    692    691    690    689    688    687    686    685    684    683    682    681    680    679    678    677    676    675    674    673    672    671    670    669    668    667    666    665    664    663    662    661    660    659    658    657    656    655    654    653    652    651    650    649    648    647    646    645    644    643    642    641    640    638    637    636    635    634    633    632    631    630    629    628    627    626    625    624    623    622    621    620    619    618    617    616    615    614    613    612    611    610    609    608    607    606    605    604    603    602    601    600    599    598    597    596    595    594    593    592    591    590    589    588    587    586    585    584    583    582    581    580    579    578    577    576    575    574    573    572    571    570    569    568    567    566    565    564    563    562    561    560    559    558    557    556    555    554    553    552    551    550    549    548    547    546    545    544    543    542    541    540    539    538    537    536    535    534    533    532    531    530    529    528    527    526    525    524    523    522    521    520    519    518    517    516    515    514    513    512    508    506    505    504    502    501    500    499    498    497    496    494    493    492    491    490    489    488    487    486    485    484    483    482    481    480    478    477    476    475    474    473    472    471    470    469    468    467    466    465    464    463    462    461    460    459    458    457    456    455    454    453    452    451    450    449    448    446    445    444    443    442    441    440    439    438    437    436    435    434    433    432    431    430    429    428    427    426    425    424    423    422    421    420    419    418    417    416    415    414    413    412    411    410    409    408    407    406    405    404    403    402    401    400    399    398    397    396    395    394    393    392    391    390    389    388    387    386    385    384    382    381    380    379    378    377    376    375    374    373    372    371    370    369    368    367    366    365    364    363    362    361    360    359    358    357    356    355    354    353    352    351    350    349    348    347    346    345    344    343    342    341    340    339    338    337    336    335    334    333    332    331    330    329    328    327    326    325    324    323    322    321    320    319    318    317    316    315    314    313    312    311    310    309    308    307    306    305    304    303    302    301    300    299    298    297    296    295    294    293    292    291    290    289    288    287    286    285    284    283    282    281    280    279    278    277    276    275    274    273    272    271    270    269    268    267    266    265    264    263    262    261    260    259    258    257    256    255    254    253    252    251    250    249    248    247    246    245    244    243    242    241    240    239    238    237    236    235    234    233    232    231    230    229    228    227    226    225    224    223    222    221    220    219    218    217    216    215    214    213    212    211    210    209    208    207    206    205    204    203    202    201    200    199    198    197    196    195    194    193    192    191    190    189    188    187    186    185    184    183    182    181    180    179    178    177    176    175    174    173    172    171    170    169    168    167    166    165    164    163    162    161    160    159    158    157    156    155    154    153    152    151    150    149    148    147    146    145    144    143    142    141    140    139    138    137    136    135    134    133    132    131    130    129    128    127    126    125    124    123    122    121    120    119    118    117    116    115    114    113    112    111    110    109    108    107    106    105    104    103    102    101    100     99     98     97     96     95     94     93     92     91     90     89     88     87     86     85     84     83     82     81     80     79     78     77     76     75     74     73     72     71     70     69     68     67     66     65     64     63     62     61     60     59     58     57     56     55     54     53     52     51     50     49     48     47     46     45     44     43     42     41     40     39     38     37     36     35     34     33     32     31     30     29     28     27     26     25     24     23     22     21     20     19     18     17     16     15     14     13     12     11     10      9      8      7      6      5      4      3      2      1      0 
SNR -26.000 entropy
  1023   1022   1021   1019   1015   1020   1018   1007   1017   1014   1013   1011    991   1006   1016   1005   1012   1003    959   1010    990    999   1009   1004    989    895    987   1002    767   1001    958    983    511   1008    998    975    957    988    997    955    995    894    951    986    943    893    985    927    891   1000    766    887    982    765    879    981    763    863    510    979    759    831    509    751    974    956    507    973    735    971    503    996    703    967    994    954    495    993    953    639    479    447    383    992    984    980    978    977    976    972    970    969    968    966    965    964    963    962    961    960    952    950    949    948    947    946    945    944    942    941    940    939    938    937    936    935    934    933    932    931    930    929    928    926    925    924    923    922    921    920    919    918    917    916    915    914    913    912    911    910    909    908    907    906    905    904    903    902    901    900    899    898    897    896    892    890    889    888    886    885    884    883    882    881    880    878    877    876    875    874    873    872    871    870    869    868    867    866    865    864    862    861    860    859    858    857    856    855    854    853    852    851    850    849    848    847    846    845    844    843    842    841    840    839    838    837    836    835    834    833    832    830    829    828    827    826    825    824    823    822    821    820    819    818    817    816    815    814    813    812    811    810    809    808    807    806    805    804    803    802    801    800    799    798    797    796    795    794    793    792    791    790    789    788    787    786    785    784    783    782    781    780    779    778    777    776    775    774    773    772    771    770    769    768    764    762    761    760    758    757    756    755    754    753    752    750    749    748    747    746    745    744    743    742    741    740    739    738    737    736    734    733    732    731    730    729    728    727    726    725    724    723    722    721    720    719    718    717    716    715    714    713    712    711    710    709    708    707    706    705    704    702    701    700    699    698    697    696    695    694    693    692    691    690    689    688    687    686    685    684    683    682    681    680    679    678    677    676    675    674    673    672    671    670    669    668    667    666    665    664    663    662    661    660    659    658    657    656    655    654    653    652    651    650    649    648    647    646    645    644    643    642    641    640    638    637    636    635    634    633    632    631    630    629    628    627    626    625    624    623    622    621    620    619    618    617    616    615    614    613    612    611    610    609    608    607    606    605    604    603    602    601    600    599    598    597    596    595    594    593    592    591    590    589    588    587    586    585    584    583    582    581    580    579    578    577    576    575    574    573    572    571    570    569    568    567    566    565    564    563    562    561    560    559    558    557    556    555    554    553    552    551    550    549    548    547    546    545    544    543    542    541    540    539    538    537    536    535    534    533    532    531    530    529    528    527    526    525    524    523    522    521    520    519    518    517    516    515    514    513    512    508    506    505    504    502    501    500    499    498    497    496    494    493    492    491    490    489    488    487    486    485    484    483    482    481    480    478    477    476    475    474    473    472    471    470    469    468    467    466    465    464    463    462    461    460    459    458    457    456    455    454    453    452    451    450    449    448    446    445    444    443    442    441    440    439    438    437    436    435    434    433    432    431    430    429    428    427    426    425    424    423    422    421    420    419    418    417    416    415    414    413    412    411    410    409    408    407    406    405    404    403    402    401    400    399    398    397    396    395    394    393    392    391    390    389    388    387    386    385    384    382    381    380    379    378    377    376    375    374    373    372    371    370    369    368    367    366    365    364    363    362    361    360    359    358    357    356    355    354    353    352    351    350    349    348    347    346    345    344    343    342    341    340    339    338    337    336    335    334    333    332    331    330    329    328    327    326    325    324    323    322    321    320    319    318    317    316    315    314    313    312    311    310    309    308    307    306    305    304    303    302    301    300    299    298    297    296    295    294    293    292    291    290    289    288    287    286    285    284    283    282    281    280    279    278    277    276    275    274    273    272    271    270    269    268    267    266    265    264    263    262    261    260    259    258    257    256    255    254    253    252    251    250    249    248    247    246    245    244    243    242    241    240    239    238    237    236    235    234    233    232    231    230    229    228    227    226    225    224    223    222    221    220    219    218    217    216    215    214    213    212    211    210    209    208    207    206    205    204    203    202    201    200    199    198    197    196    195    194    193    192    191    190    189    188    187    186    185    184    183    182    181    180    179    178    177    176    175    174    173    172    171    170    169    168    167    166    165    164    163    162    161    160    159    158    157    156    155    154    153    152    151    150    149    148    147    146    145    144    143    142    141    140    139    138    137    136    135    134    133    132    131    130    129    128    127    126    125    124    123    122    121    120    119    118    117    116    115    114    113    112    111    110    109    108    107    106    105    104    103    102    101    100     99     98     97     96     95     94     93     92     91     90     89     88     87     86     85     84     83     82     81     80     79     78     77     76     75     74     73     72     71     70     69     68     67     66     65     64     63     62     61     60     59     58     57     56     55     54     53     52     51     50     49     48     47     46     45     44     43     42     41     40     39     38     37     36     35     34     33     32     31     30     29     28     27     26     25     24     23     22     21     20     19     18     17     16     15     14     13     12     11     10      9      8      7      6      5      4      3      2      1      0 
