0   9.9609375000e-01   9.9997347593e-01
1   9.9609375000e-01   9.9997347593e-01
2   9.9609375000e-01   9.9997347593e-01
3   9.9609375000e-01   9.9997347593e-01
4   9.9609375000e-01   9.9997347593e-01
5   9.9609375000e-01   9.9997347593e-01
6   9.9609375000e-01   9.9997347593e-01
7   9.9598890543e-01   9.9825847149e-01
8   9.9609375000e-01   9.9997347593e-01
9   9.9609375000e-01   9.9997299910e-01
10   9.9609357119e-01   9.9997282028e-01
11   9.9578422308e-01   9.9583810568e-01
12   9.9609327316e-01   9.9996918440e-01
13   9.9504834414e-01   9.8936074972e-01
14   9.9192214012e-01   9.7167897224e-01
15   8.0589371920e-01   5.8744847775e-01
16   9.9609375000e-01   9.9997347593e-01
17   9.9608933926e-01   9.9991679192e-01
18   9.9608099461e-01   9.9984681606e-01
19   9.8904013634e-01   9.5632159710e-01
20   9.9597465992e-01   9.9880498648e-01
21   9.7079342604e-01   8.9947915077e-01
22   9.2082995176e-01   7.9471927881e-01
23   3.9254006743e-01   2.3265147209e-01
24   9.9225801229e-01   9.7646880150e-01
25   8.2715612650e-01   6.4664137363e-01
26   6.6061300039e-01   4.5690876245e-01
27   9.3534879386e-02   4.7027871013e-02
28   4.2756056786e-01   2.4321515858e-01
29   2.0333852619e-02   8.8365608826e-03
30   9.3635469675e-03   3.8338350132e-03
31   8.1584452971e-08   1.2506788494e-07
32   9.9608999491e-01   9.9992465973e-01
33   9.9223434925e-01   9.7163850069e-01
34   9.8156583309e-01   9.3290734291e-01
35   6.7483407259e-01   4.6348959208e-01
36   9.1407811642e-01   7.7524358034e-01
37   3.6548271775e-01   2.1401980519e-01
38   2.0775088668e-01   1.0639408231e-01
39   3.3304451499e-03   1.4025096316e-03
40   6.8941396475e-01   4.5373886824e-01
41   8.4585025907e-02   3.9608586580e-02
42   3.8722191006e-02   1.6874777153e-02
43   4.2477633542e-05   1.3767077689e-05
44   1.6715001315e-02   6.8737445399e-03
45   1.5651035028e-06   1.2602176866e-06
46   9.9475379045e-08   1.6936833447e-07
47   0.0000000000e+00   0.0000000000e+00
48   3.6825570464e-01   1.7779628932e-01
49   6.5050991252e-03   2.5482035708e-03
50   2.6539510582e-03   1.0098924395e-03
51   4.7683714616e-11   1.6513705681e-10
52   1.1414919281e-03   3.8171399501e-04
53   5.9604640668e-11   1.5462052472e-10
54   2.3841857308e-12   6.5747160320e-12
55   0.0000000000e+00   0.0000000000e+00
56   5.1330274437e-04   1.8906620971e-04
57   0.0000000000e+00   4.0313672539e-13
58   0.0000000000e+00   0.0000000000e+00
59   0.0000000000e+00   0.0000000000e+00
60   0.0000000000e+00   0.0000000000e+00
61   0.0000000000e+00   0.0000000000e+00
62   0.0000000000e+00   0.0000000000e+00
63   0.0000000000e+00   0.0000000000e+00
