511 510 509 508 507 506 505 504 503 502 501 500 499 498 497 496 495 494 493 492 491 490 489 488 487 486 485 484 483 482 481 480 479 478 477 476 475 474 473 472 471 470 469 468 467 466 465 464 463 462 461 460 459 458 457 456 455 454 453 452 451 450 449 447 446 445 444 443 442 441 440 439 438 437 436 435 434 433 432 431 430 429 428 427 426 425 424 423 422 421 420 419 418 417 415 414 413 412 411 410 409 408 407 406 405 404 403 402 401 399 398 397 396 395 391 383 382 381 380 379 378 377 376 375 374 373 372 371 370 369 368 367 366 365 364 363 362 361 360 359 358 357 355 354 351 350 349 348 347 346 345 343 342 341 339 335 334 333 331 327 319 318 317 316 315 314 313 311 310 309 307 303 302 301 299 295 287 286 285 283 255 254 253 252 251 250 249 248 247 246 245 244 243 242 241 239 238 237 236 235 234 233 231 230 229 227 223 222 221 220 219 218 217 215 214 213 211 207 206 191 190 189 188 187 183 175 127 126 125 205 186 340 279 203 394 356 344 390 181 332 182 159 338 185 393 119 123 330 353 387 199 389 326 337 179 329 312 308 325 305 298 173 323 297 171 240 306 300 294 293 228 111 216 232 174 124 271 448 212 226 225 291 416 204 284 282 400 210 122 388 202 277 184 278 157 352 209 281 392 336 385 167 328 158 180 121 386 118 117 198 201 197 275 324 178 155 304 95 322 177 296 172 115 321 292 270 110 170 195 269 224 151 169 109 290 208 280 166 267 289 120 156 63 276 165 107 200 116 143 154 94 384 274 196 176 103 93 114 263 153 163 273 320 150 108 268 113 91 194 168 62 87 149 31 79 61 59 47 193 106 55 266 147 142 105 164 288 141 265 135 102 139 92 15 101 99 262 71 162 152 39 23 90 89 261 83 259 27 161 75 29 77 85 43 30 51 86 112 78 45 272 53 46 57 54 60 58 7 148 145 131 146 192 104 67 35 19 137 11 133 140 134 138 264 97 13 14 3 100 98 69 73 81 25 37 257 21 41 49 70 88 38 22 260 82 84 74 258 26 76 28 160 42 50 44 52 129 65 17 33 9 56 5 1 144 6 132 136 130 96 12 66 68 72 18 34 24 36 80 20 10 40 256 48 128 16 64 8 32 4 2 0 

511 510 509 508 507 506 505 504 503 502 501 500 499 498 497 496 495 494 493 492 491 490 489 488 487 486 485 484 483 482 481 480 479 478 477 476 475 474 473 472 471 470 469 468 467 466 465 464 463 462 461 460 459 458 457 456 455 454 453 452 451 450 449 447 446 445 444 443 442 441 440 439 438 437 436 435 434 433 432 431 430 429 428 427 426 425 424 423 422 421 420 419 418 417 415 414 413 412 411 410 409 408 407 406 405 404 403 402 401 399 398 397 396 395 391 383 382 381 380 379 378 377 376 375 374 373 372 371 370 369 368 367 366 365 364 363 362 361 360 359 358 357 355 354 351 350 349 348 347 346 345 343 342 341 339 335 334 333 331 327 319 318 317 316 315 314 313 311 310 309 307 303 302 301 299 295 287 286 285 283 255 254 253 252 251 250 249 248 247 246 245 244 243 242 241 239 238 237 236 235 234 233 231 230 229 227 223 222 221 220 219 218 217 215 214 213 211 207 206 191 190 189 188 187 183 175 127 126 125 205 186 340 279 203 394 356 344 390 181 332 182 159 338 185 393 119 123 330 353 387 199 389 326 337 179 312 329 308 325 305 298 173 323 297 171 240 306 300 294 293 228 111 216 232 174 124 271 448 212 226 225 291 416 204 284 282 400 210 122 388 202 184 277 157 278 352 281 209 336 385 328 158 167 180 121 198 392 386 117 201 118 322 178 95 324 275 197 304 177 155 296 172 292 321 115 170 270 195 269 110 224 169 151 290 109 280 208 166 289 267 156 120 276 165 200 107 116 384 154 94 274 63 196 143 176 114 153 163 263 273 320 103 93 268 194 150 108 168 113 193 266 149 91 288 106 164 265 62 147 142 105 87 152 162 92 61 262 141 102 272 112 79 161 101 261 139 59 90 192 148 99 89 259 55 135 146 264 104 47 86 31 60 85 145 57 58 83 140 100 75 51 45 30 160 260 29 131 19 258 67 28 76 132 39 88 44 257 26 69 41 138 136 56 13 34 134 82 9 18 5 3 36 40 24 72 66 37 32 10 133 144 2 98 4 1 16 0 256 6 65 64 130 128 20 8 42 11 70 68 80 50 35 12 96 17 137 48 81 22 129 53 78 97 21 15 38 77 74 25 84 33 14 73 49 52 71 7 46 27 54 23 43 

0.000000000000 0.000000000000 0.000000000000 0.000000000000 0.000000000000 0.000000000000 0.000000000000 0.000000000000 0.000000000000 0.000000000000 0.000000000000 0.000000000000 0.000000000000 0.000000000000 0.000000000000 0.000000000000 0.000000000000 0.000000000000 0.000000000000 0.000000000000 0.000000000000 0.000000000000 0.000000000000 0.000000000000 0.000000000000 0.000000000000 0.000000000000 0.000000000000 0.000000000000 0.000000000000 0.000000000000 0.000000000000 0.000000000000 0.000000000000 0.000000000000 0.000000000000 0.000000000000 0.000000000000 0.000000000000 0.000000000000 0.000000000000 0.000000000000 0.000000000000 0.000000000000 0.000000000000 0.000000000000 0.000000000000 0.000000000000 0.000000000000 0.000000000000 0.000000000000 0.000000000000 0.000000000000 0.000000000000 0.000000000000 0.000000000000 0.000000000000 0.000000000000 0.000000000000 0.000000000000 0.000000000000 0.000000000000 0.000000000000 0.000000124960 0.000000000000 0.000000000000 0.000000000000 0.000000000000 0.000000000000 0.000000000000 0.000000000000 0.000000000000 0.000000000000 0.000000000000 0.000000000000 0.000000000000 0.000000000000 0.000000000000 0.000000000000 0.000000000000 0.000000000000 0.000000000000 0.000000000000 0.000000000000 0.000000000000 0.000000000000 0.000000000000 0.000000000000 0.000000000000 0.000000000000 0.000000000000 0.000000000000 0.000000000000 0.000000000000 0.000000000000 0.000002852300 0.000000000000 0.000000000000 0.000000000000 0.000000000000 0.000000000000 0.000000000000 0.000000000000 0.000000000000 0.000000000000 0.000000000000 0.000000000000 0.000000000000 0.000000000000 0.000000000000 0.000000000000 0.000016496000 0.000000000000 0.000000000000 0.000000000000 0.000000000000 0.000000000000 0.000000000000 0.000000000000 0.000093392000 0.000000000000 0.000000000000 0.000000000000 0.000034085000 0.000000000000 0.000410380000 0.000199040000 0.082806000000 0.000000000000 0.000000000000 0.000000000000 0.000000000000 0.000000000000 0.000000000000 0.000000000000 0.000000000000 0.000000000000 0.000000000000 0.000000000000 0.000000000000 0.000000000000 0.000000000000 0.000000000000 0.000000000000 0.000000000000 0.000000000000 0.000000000000 0.000000000000 0.000000000000 0.000000000000 0.000000000000 0.000000000000 0.000000000000 0.000000000000 0.000000000000 0.000000000000 0.000000000000 0.000000000000 0.000000000000 0.000085039000 0.000000000000 0.000000000000 0.000000000000 0.000000000000 0.000000000000 0.000000000000 0.000000000000 0.000000000000 0.000000000000 0.000000000000 0.000000000000 0.000000000000 0.000000000000 0.000000000000 0.000000000000 0.000155150000 0.000000000000 0.000000000000 0.000000000000 0.000000000000 0.000000000000 0.000000000000 0.000000000000 0.000245510000 0.000000000000 0.000000000000 0.000000000006 0.001021800000 0.000000000076 0.001606500000 0.004954400000 0.181300000000 0.000000000000 0.000000000000 0.000000000000 0.000000000000 0.000000000000 0.000000000000 0.000000000000 0.000000000000 0.000000000000 0.000000000000 0.000000000000 0.000000000001 0.000000000000 0.000000001036 0.000000000009 0.001354800000 0.000000000000 0.000000000000 0.000000000000 0.000000001094 0.000000000000 0.000000000031 0.000000000098 0.001911600000 0.000000000000 0.000000001656 0.000000006506 0.005415900000 0.000001636600 0.013993000000 0.031082000000 0.389460000000 0.000000000000 0.000000000000 0.000000000000 0.000007087500 0.000000000000 0.000014618000 0.000088164000 0.020340000000 0.000000000000 0.000071198000 0.000048540000 0.043399000000 0.000994610000 0.097206000000 0.169010000000 0.654830000000 0.000000079763 0.005431600000 0.007773100000 0.188640000000 0.029290000000 0.319540000000 0.428760000000 0.839460000000 0.127120000000 0.524030000000 0.574790000000 0.904230000000 0.579560000000 0.910640000000 0.879300000000 0.990760000000 0.000000000000 0.000000000000 0.000000000000 0.000000000000 0.000000000000 0.000000000000 0.000000000000 0.000000000000 0.000000000000 0.000000000000 0.000000000000 0.000000000000 0.000000000000 0.000000000000 0.000000000000 0.000000000822 0.000000000000 0.000000000000 0.000000000000 0.000000000000 0.000000000000 0.000000000000 0.000000000000 0.000000012873 0.000000000000 0.000000000000 0.000000000000 0.000000006928 0.000000000000 0.000000189680 0.000000911740 0.008674000000 0.000000000000 0.000000000000 0.000000000000 0.000000000000 0.000000000000 0.000000000000 0.000000000000 0.000000010415 0.000000000000 0.000000000000 0.000000000000 0.000000126950 0.000000000000 0.000017513000 0.000086778000 0.020131000000 0.000000000000 0.000000000000 0.000000000000 0.000005001600 0.000000000000 0.000042135000 0.000696120000 0.048692000000 0.000000000000 0.000569180000 0.000954140000 0.098990000000 0.007659300000 0.197240000000 0.302370000000 0.766340000000 0.000000000000 0.000000000000 0.000000000000 0.000000000000 0.000000000000 0.000000000000 0.000000000000 0.000062598000 0.000000000000 0.000000000000 0.000000000000 0.000275120000 0.000000000000 0.001271000000 0.001711700000 0.111320000000 0.000000000000 0.000000038359 0.000000000038 0.002062800000 0.000000000673 0.006831700000 0.011438000000 0.219420000000 0.000220590000 0.024205000000 0.044679000000 0.380740000000 0.131500000000 0.537080000000 0.592550000000 0.915530000000 0.000000000000 0.000255540000 0.000075903000 0.033668000000 0.001322000000 0.067183000000 0.129430000000 0.541470000000 0.010371000000 0.184200000000 0.265540000000 0.696470000000 0.352080000000 0.761680000000 0.757770000000 0.964620000000 0.066543000000 0.360080000000 0.416130000000 0.814870000000 0.455900000000 0.832430000000 0.804640000000 0.975040000000 0.444420000000 0.829370000000 0.806400000000 0.975000000000 0.758760000000 0.976430000000 0.929090000000 0.998030000000 0.000000000000 0.000000000000 0.000000000000 0.000000048856 0.000000000000 0.000022294000 0.000308070000 0.031093000000 0.000000000000 0.000419180000 0.000483720000 0.053890000000 0.004248200000 0.114400000000 0.191660000000 0.625980000000 0.000000007739 0.005944100000 0.013046000000 0.185240000000 0.044804000000 0.309910000000 0.378910000000 0.792910000000 0.111530000000 0.449220000000 0.488030000000 0.858820000000 0.507770000000 0.867320000000 0.843310000000 0.984170000000 0.001499400000 0.067938000000 0.114280000000 0.464300000000 0.194920000000 0.562080000000 0.565720000000 0.899850000000 0.248250000000 0.623100000000 0.604090000000 0.909900000000 0.577460000000 0.909380000000 0.873300000000 0.989230000000 0.271060000000 0.631320000000 0.601390000000 0.912390000000 0.593260000000 0.910450000000 0.872350000000 0.988330000000 0.536030000000 0.891500000000 0.869410000000 0.987850000000 0.799980000000 0.987520000000 0.937740000000 0.999020000000 0.041145000000 0.238800000000 0.273170000000 0.671420000000 0.299460000000 0.673870000000 0.662390000000 0.940000000000 0.310130000000 0.671250000000 0.655130000000 0.928940000000 0.621370000000 0.926450000000 0.887140000000 0.991400000000 0.301510000000 0.658440000000 0.642240000000 0.927820000000 0.612990000000 0.921750000000 0.881200000000 0.989880000000 0.553670000000 0.900240000000 0.876560000000 0.989170000000 0.803400000000 0.988470000000 0.938430000000 0.999030000000 0.268100000000 0.614180000000 0.600230000000 0.913740000000 0.585760000000 0.911840000000 0.874220000000 0.988830000000 0.555210000000 0.903070000000 0.879780000000 0.989560000000 0.803730000000 0.988410000000 0.937800000000 0.998920000000 0.464870000000 0.847130000000 0.845470000000 0.985350000000 0.806220000000 0.989770000000 0.939330000000 0.999020000000 0.694800000000 0.964990000000 0.940110000000 0.999150000000 0.851250000000 0.999180000000 0.950960000000 0.999940000000 

0.000000000000 0.000000000000 0.000000000000 0.000000000000 0.000000000000 0.000000000000 0.000000000000 0.000000000000 0.000000000000 0.000000000000 0.000000000000 0.000000000000 0.000000000000 0.000000000000 0.000000000000 0.000000000000 0.000000000000 0.000000000000 0.000000000000 0.000000000000 0.000000000000 0.000000000000 0.000000000000 0.000000000000 0.000000000000 0.000000000000 0.000000000000 0.000000000000 0.000000000000 0.000000000000 0.000000000000 0.000000000000 0.000000000000 0.000000000000 0.000000000000 0.000000000000 0.000000000000 0.000000000000 0.000000000000 0.000000000000 0.000000000000 0.000000000000 0.000000000000 0.000000000000 0.000000000000 0.000000000000 0.000000000000 0.000000000000 0.000000000000 0.000000000000 0.000000000000 0.000000000000 0.000000000000 0.000000000000 0.000000000000 0.000000000000 0.000000000000 0.000000000000 0.000000000000 0.000000000000 0.000000000000 0.000000000000 0.000000000000 0.000000046238 0.000000000000 0.000000000000 0.000000000000 0.000000000000 0.000000000000 0.000000000000 0.000000000000 0.000000000000 0.000000000000 0.000000000000 0.000000000000 0.000000000000 0.000000000000 0.000000000000 0.000000000000 0.000000000000 0.000000000000 0.000000000000 0.000000000000 0.000000000000 0.000000000000 0.000000000000 0.000000000000 0.000000000000 0.000000000000 0.000000000000 0.000000000000 0.000000000000 0.000000000000 0.000000000000 0.000000000000 0.000001629800 0.000000000000 0.000000000000 0.000000000000 0.000000000000 0.000000000000 0.000000000000 0.000000000000 0.000000000000 0.000000000000 0.000000000000 0.000000000000 0.000000000000 0.000000000000 0.000000000000 0.000000000000 0.000013818000 0.000000000000 0.000000000000 0.000000000000 0.000000000000 0.000000000000 0.000000000000 0.000000000000 0.000858350000 0.000000000000 0.000000000000 0.000000000000 0.000023498000 0.000000000000 0.000858840000 0.000178310000 0.168920000000 0.000000000000 0.000000000000 0.000000000000 0.000000000000 0.000000000000 0.000000000000 0.000000000000 0.000000000000 0.000000000000 0.000000000000 0.000000000000 0.000000000000 0.000000000000 0.000000000000 0.000000000000 0.000000000000 0.000000000000 0.000000000000 0.000000000000 0.000000000000 0.000000000000 0.000000000000 0.000000000000 0.000000000000 0.000000000000 0.000000000000 0.000000000000 0.000000000000 0.000000000000 0.000000000000 0.000000000000 0.000083460000 0.000000000000 0.000000000000 0.000000000000 0.000000000000 0.000000000000 0.000000000000 0.000000000000 0.000000000000 0.000000000000 0.000000000000 0.000000000000 0.000000000000 0.000000000000 0.000000000000 0.000000000000 0.000151390000 0.000000000000 0.000000000000 0.000000000000 0.000000000000 0.000000000000 0.000000000000 0.000000000000 0.000209420000 0.000000000000 0.000000000000 0.000000000001 0.002861100000 0.000000000018 0.002750500000 0.010782000000 0.357650000000 0.000000000000 0.000000000000 0.000000000000 0.000000000000 0.000000000000 0.000000000000 0.000000000000 0.000000000000 0.000000000000 0.000000000000 0.000000000000 0.000000000000 0.000000000000 0.000000000303 0.000000000002 0.003607500000 0.000000000000 0.000000000000 0.000000000000 0.000000000329 0.000000000000 0.000000000008 0.000000000023 0.004358200000 0.000000000000 0.000000000491 0.000000002027 0.009486700000 0.000000860620 0.035006000000 0.068606000000 0.640220000000 0.000000000000 0.000000000000 0.000000000000 0.000005458000 0.000000000000 0.000012265000 0.000085507000 0.044661000000 0.000000000000 0.000080314000 0.000045426000 0.096228000000 0.002946800000 0.204190000000 0.351890000000 0.889710000000 0.000000030390 0.015309000000 0.019657000000 0.379040000000 0.081031000000 0.575810000000 0.755810000000 0.982440000000 0.327180000000 0.869460000000 0.935160000000 0.991140000000 0.970780000000 0.991640000000 0.991950000000 0.992190000000 0.000000000000 0.000000000000 0.000000000000 0.000000000000 0.000000000000 0.000000000000 0.000000000000 0.000000000000 0.000000000000 0.000000000000 0.000000000000 0.000000000000 0.000000000000 0.000000000000 0.000000000000 0.000000000232 0.000000000000 0.000000000000 0.000000000000 0.000000000000 0.000000000000 0.000000000000 0.000000000000 0.000000004685 0.000000000000 0.000000000000 0.000000000000 0.000000002200 0.000000000000 0.000000078584 0.000000510620 0.023356000000 0.000000000000 0.000000000000 0.000000000000 0.000000000000 0.000000000000 0.000000000000 0.000000000000 0.000000003414 0.000000000000 0.000000000000 0.000000000000 0.000000051002 0.000000000000 0.000016450000 0.000089015000 0.046613000000 0.000000000000 0.000000000000 0.000000000000 0.000003081900 0.000000000000 0.000036943000 0.001253300000 0.116980000000 0.000000000000 0.000766810000 0.003145600000 0.214680000000 0.017066000000 0.391870000000 0.570670000000 0.955560000000 0.000000000000 0.000000000000 0.000000000000 0.000000000000 0.000000000000 0.000000000000 0.000000000000 0.000045261000 0.000000000000 0.000000000000 0.000000000000 0.000712130000 0.000000000000 0.002797500000 0.003931000000 0.238640000000 0.000000000000 0.000000015313 0.000000000009 0.005502200000 0.000000000178 0.015170000000 0.025849000000 0.443550000000 0.000401680000 0.065665000000 0.112280000000 0.676100000000 0.310730000000 0.851170000000 0.924990000000 0.991080000000 0.000000000000 0.000331030000 0.000075705000 0.087274000000 0.003980700000 0.174510000000 0.309900000000 0.846960000000 0.033430000000 0.424150000000 0.606860000000 0.956910000000 0.767570000000 0.979810000000 0.987330000000 0.992170000000 0.229960000000 0.779960000000 0.872090000000 0.989980000000 0.946500000000 0.991980000000 0.992300000000 0.992020000000 0.974420000000 0.992080000000 0.992170000000 0.991830000000 0.991270000000 0.992200000000 0.992370000000 0.992210000000 0.000000000000 0.000000000000 0.000000000000 0.000000018298 0.000000000000 0.000018628000 0.000737690000 0.094155000000 0.000000000000 0.001804900000 0.001106900000 0.139460000000 0.011601000000 0.291000000000 0.459570000000 0.917740000000 0.000000002505 0.019676000000 0.040790000000 0.426740000000 0.137920000000 0.661670000000 0.789800000000 0.982710000000 0.368160000000 0.873500000000 0.929210000000 0.990030000000 0.965240000000 0.992170000000 0.992400000000 0.992290000000 0.002816500000 0.202620000000 0.371310000000 0.851230000000 0.610570000000 0.951520000000 0.969030000000 0.991880000000 0.812780000000 0.985390000000 0.987050000000 0.992570000000 0.989770000000 0.992090000000 0.992320000000 0.992240000000 0.919960000000 0.992390000000 0.992480000000 0.991820000000 0.990070000000 0.992540000000 0.992660000000 0.992150000000 0.992820000000 0.992230000000 0.991960000000 0.992240000000 0.991650000000 0.992150000000 0.992200000000 0.992200000000 0.207260000000 0.759820000000 0.856570000000 0.986500000000 0.948940000000 0.989620000000 0.988990000000 0.992040000000 0.973780000000 0.993650000000 0.992390000000 0.992750000000 0.990260000000 0.992250000000 0.992720000000 0.992310000000 0.983260000000 0.993290000000 0.990320000000 0.991930000000 0.993810000000 0.992220000000 0.991960000000 0.992130000000 0.991850000000 0.992460000000 0.992160000000 0.992130000000 0.992250000000 0.992070000000 0.992570000000 0.992160000000 0.986090000000 0.990930000000 0.991190000000 0.991710000000 0.993630000000 0.991960000000 0.992560000000 0.992140000000 0.993670000000 0.992350000000 0.992420000000 0.992210000000 0.991480000000 0.992100000000 0.992290000000 0.992190000000 0.992450000000 0.992620000000 0.992050000000 0.992280000000 0.992230000000 0.992160000000 0.992090000000 0.992210000000 0.993020000000 0.992190000000 0.992100000000 0.992190000000 0.992100000000 0.992170000000 0.992190000000 0.992190000000 

N_obs: 1000

File Format:
1- most to least reliable channels (taken entropies)
2- most to least reliable channels (taken error probabilities)
3- channels entropies (flipped)
4- channels error probabilities (flipped)
5- number of MontCarlo simulations
