511 510 509 508 507 506 505 504 503 502 501 500 499 498 497 496 495 494 493 492 491 490 489 488 487 486 485 484 483 482 481 479 478 477 476 475 474 473 472 471 470 469 468 467 466 465 463 462 461 460 459 458 457 455 454 453 451 447 446 445 444 443 442 441 440 439 438 437 436 435 434 433 431 430 429 428 427 426 425 423 421 419 415 414 413 412 411 407 399 383 382 381 380 379 378 377 375 374 373 371 367 366 365 363 359 351 350 349 347 343 319 255 254 253 251 247 239 223 410 422 335 409 405 252 372 250 403 376 406 318 370 315 364 362 245 358 398 243 397 369 395 317 249 361 348 237 311 357 355 480 456 238 246 464 346 424 345 341 449 450 420 235 391 432 452 417 408 342 339 418 404 222 402 401 334 303 368 396 316 248 231 191 360 333 314 221 244 242 394 356 313 241 236 219 354 331 310 393 344 309 234 353 448 340 390 287 233 127 215 190 389 327 416 338 230 307 302 189 220 229 332 337 400 301 207 387 218 187 312 240 330 227 183 126 217 299 392 63 159 125 308 175 123 95 111 119 286 214 329 295 352 232 285 213 31 188 326 271 283 306 279 211 388 206 47 79 143 199 205 325 186 203 55 228 305 59 185 151 167 87 103 61 300 323 155 179 157 336 181 171 91 15 62 182 107 173 93 115 158 109 117 94 174 386 110 121 118 226 122 124 298 225 216 263 297 385 291 71 135 23 39 294 293 267 275 27 29 284 328 269 30 7 281 212 270 277 195 282 51 278 209 139 75 43 147 210 83 163 99 141 197 45 77 201 78 46 57 142 53 198 204 202 149 165 54 324 85 153 259 169 101 58 89 177 35 321 19 67 11 105 131 150 184 60 166 86 304 102 113 154 3 178 322 90 170 156 180 106 172 92 114 108 13 14 116 289 120 265 273 261 25 224 49 37 296 193 69 41 133 137 145 73 21 81 384 161 97 262 292 290 257 28 33 17 9 65 129 5 268 70 38 266 134 274 22 1 276 280 26 208 194 196 6 44 200 140 50 76 56 42 52 138 146 74 82 162 148 164 84 98 152 100 168 88 176 104 320 112 288 264 272 260 258 12 24 34 48 36 40 66 18 136 72 68 144 192 20 130 132 80 10 160 96 256 32 16 8 64 2 4 128 0 

511 510 509 508 507 506 505 504 503 502 501 500 499 498 497 496 495 494 493 492 491 490 489 488 487 486 485 484 483 482 481 479 478 477 476 475 474 473 472 471 470 469 468 467 466 465 463 462 461 460 459 458 457 455 454 453 451 447 446 445 444 443 442 441 440 439 438 437 436 435 434 433 431 430 429 428 427 426 425 423 421 419 415 414 413 412 411 407 399 383 382 381 380 379 378 377 375 374 373 371 367 366 365 363 359 351 350 349 347 343 319 255 254 253 251 247 239 223 410 422 335 409 405 252 372 250 403 376 406 318 370 315 364 362 245 358 398 243 397 369 395 317 249 361 348 237 311 357 355 480 456 238 246 464 346 424 345 341 449 420 450 235 391 432 417 452 408 342 339 404 401 402 418 396 303 231 368 222 360 248 316 334 191 333 221 394 314 244 356 242 313 241 236 354 219 393 331 310 344 448 309 353 390 234 340 233 389 416 287 338 327 215 230 307 190 302 127 337 220 332 400 387 189 229 301 312 218 330 240 392 207 308 227 187 299 329 217 352 232 214 388 286 326 306 183 126 295 213 188 336 325 285 228 305 386 300 125 211 206 175 323 283 186 226 385 298 216 328 123 205 185 279 159 225 297 203 182 119 271 199 294 284 293 324 181 212 304 111 95 291 209 210 107 124 179 167 171 321 122 322 158 47 31 61 384 281 195 282 91 55 174 172 115 204 278 62 177 99 277 139 224 29 7 30 33 263 131 83 58 113 63 3 178 89 184 59 11 266 163 208 180 147 82 156 26 133 41 22 27 69 56 168 101 23 275 201 14 148 138 150 28 70 85 265 84 76 296 134 46 114 273 98 129 194 74 112 258 80 264 25 160 132 262 292 161 54 4 104 196 154 78 108 2 128 44 164 146 32 274 16 136 256 0 100 162 8 34 18 64 202 72 192 6 81 36 140 10 176 48 269 66 130 272 268 145 20 12 24 68 40 260 5 52 144 259 105 96 97 9 53 276 169 280 288 42 116 200 320 21 73 88 289 193 137 152 49 197 17 198 50 13 38 35 261 270 120 65 142 86 257 290 75 37 1 67 39 106 87 166 153 267 71 102 92 173 51 149 19 135 170 165 90 151 77 45 43 103 93 60 121 110 155 57 94 117 118 141 109 157 143 79 15 

0.000000000000 0.000000000000 0.000000000000 0.000000000000 0.000000000000 0.000000000000 0.000000000000 0.000000000000 0.000000000000 0.000000000000 0.000000000000 0.000000000000 0.000000000000 0.000000000000 0.000000000000 0.000000000000 0.000000000000 0.000000000000 0.000000000000 0.000000000000 0.000000000000 0.000000000000 0.000000000000 0.000000000000 0.000000000000 0.000000000000 0.000000000000 0.000000000000 0.000000000000 0.000000000000 0.000000000000 0.000000002621 0.000000000000 0.000000000000 0.000000000000 0.000000000000 0.000000000000 0.000000000000 0.000000000000 0.000000000000 0.000000000000 0.000000000000 0.000000000000 0.000000000000 0.000000000000 0.000000000000 0.000000000000 0.000000037230 0.000000000000 0.000000000000 0.000000000000 0.000000000000 0.000000000000 0.000000000000 0.000000000000 0.000000015493 0.000000000000 0.000000000000 0.000000000000 0.000009476200 0.000000000000 0.000001786900 0.000001364900 0.016051000000 0.000000000000 0.000000000000 0.000000000000 0.000000000000 0.000000000000 0.000000000000 0.000000000000 0.000000000000 0.000000000000 0.000000000000 0.000000000000 0.000000000000 0.000000000000 0.000000000000 0.000000000000 0.000003966900 0.000000000000 0.000000000000 0.000000000000 0.000000000000 0.000000000000 0.000000000000 0.000000000000 0.000000267880 0.000000000000 0.000000000000 0.000000000000 0.000001787500 0.000000000000 0.000155360000 0.000010530000 0.040543000000 0.000000000000 0.000000000000 0.000000000000 0.000000000000 0.000000000000 0.000000000000 0.000000000000 0.000029960000 0.000000000000 0.000000000000 0.000000000000 0.000182060000 0.000000000000 0.000268480000 0.000442230000 0.091092000000 0.000000000000 0.000000000003 0.000000000005 0.000596770000 0.000000000019 0.002382200000 0.007655800000 0.197030000000 0.000003297000 0.020110000000 0.038251000000 0.382310000000 0.111250000000 0.553110000000 0.631070000000 0.927790000000 0.000000000000 0.000000000000 0.000000000000 0.000000000000 0.000000000000 0.000000000000 0.000000000000 0.000000000000 0.000000000000 0.000000000000 0.000000000000 0.000000000000 0.000000000000 0.000000000000 0.000000000009 0.000577170000 0.000000000000 0.000000000000 0.000000000000 0.000000000000 0.000000000000 0.000000000001 0.000000000064 0.001177200000 0.000000000000 0.000000000003 0.000000000519 0.003548500000 0.000000001120 0.006211100000 0.015134000000 0.275160000000 0.000000000000 0.000000000000 0.000000000000 0.000000000131 0.000000000000 0.000000062350 0.000000372860 0.008783000000 0.000000000000 0.000032409000 0.000000904820 0.019766000000 0.000092242000 0.044156000000 0.087553000000 0.500700000000 0.000000000000 0.000452070000 0.001457800000 0.087061000000 0.006397900000 0.164450000000 0.257730000000 0.712690000000 0.039860000000 0.337900000000 0.426240000000 0.825500000000 0.483400000000 0.859050000000 0.840070000000 0.983420000000 0.000000000000 0.000000000000 0.000000000024 0.000632180000 0.000000000000 0.001679300000 0.003562600000 0.123210000000 0.000000000272 0.007393800000 0.013428000000 0.222640000000 0.050916000000 0.353230000000 0.451720000000 0.850490000000 0.000565710000 0.061054000000 0.105010000000 0.482730000000 0.195940000000 0.600550000000 0.626300000000 0.924420000000 0.274630000000 0.668880000000 0.669840000000 0.936230000000 0.649050000000 0.937490000000 0.898540000000 0.993590000000 0.026258000000 0.242800000000 0.299120000000 0.712000000000 0.349210000000 0.741330000000 0.722930000000 0.955420000000 0.355960000000 0.750550000000 0.732190000000 0.954500000000 0.688250000000 0.951810000000 0.907850000000 0.994790000000 0.348380000000 0.730570000000 0.713310000000 0.950670000000 0.679870000000 0.951230000000 0.906690000000 0.994380000000 0.614920000000 0.933280000000 0.908740000000 0.995120000000 0.828920000000 0.995120000000 0.945350000000 0.999650000000 0.000000000000 0.000000000000 0.000000000000 0.000000000000 0.000000000000 0.000000000000 0.000000000044 0.000714900000 0.000000000000 0.000000030803 0.000000000003 0.001941300000 0.000000000003 0.002330500000 0.004733800000 0.146710000000 0.000000000000 0.000000016126 0.000000000165 0.005393000000 0.000002360400 0.014209000000 0.026650000000 0.279710000000 0.000739220000 0.046626000000 0.086537000000 0.447840000000 0.176980000000 0.577400000000 0.610980000000 0.923010000000 0.000000000000 0.000196010000 0.001854400000 0.061951000000 0.005976900000 0.120140000000 0.193710000000 0.612000000000 0.033368000000 0.253130000000 0.314210000000 0.727630000000 0.367900000000 0.759710000000 0.752410000000 0.965210000000 0.107140000000 0.401890000000 0.424420000000 0.815100000000 0.436070000000 0.817600000000 0.792780000000 0.971970000000 0.420530000000 0.809060000000 0.792040000000 0.970780000000 0.740300000000 0.970590000000 0.924830000000 0.997520000000 0.000755780000 0.034793000000 0.061950000000 0.333830000000 0.121890000000 0.434220000000 0.459680000000 0.845010000000 0.187810000000 0.512300000000 0.502770000000 0.868690000000 0.492340000000 0.858910000000 0.836690000000 0.982070000000 0.226200000000 0.552290000000 0.518400000000 0.874220000000 0.505240000000 0.863360000000 0.829530000000 0.980040000000 0.467140000000 0.848470000000 0.823460000000 0.977490000000 0.764830000000 0.976580000000 0.928810000000 0.997940000000 0.208740000000 0.529100000000 0.499320000000 0.866120000000 0.486750000000 0.856660000000 0.826810000000 0.979180000000 0.461830000000 0.844050000000 0.820450000000 0.976990000000 0.758420000000 0.975140000000 0.926160000000 0.997490000000 0.412950000000 0.804380000000 0.791450000000 0.972130000000 0.755120000000 0.974620000000 0.926060000000 0.997310000000 0.656290000000 0.951280000000 0.925970000000 0.997540000000 0.840810000000 0.997530000000 0.948030000000 0.999820000000 0.030392000000 0.191660000000 0.216640000000 0.582320000000 0.233610000000 0.578860000000 0.564760000000 0.904510000000 0.241240000000 0.576680000000 0.550110000000 0.888760000000 0.527800000000 0.881240000000 0.852850000000 0.985650000000 0.235310000000 0.564410000000 0.540390000000 0.883440000000 0.517260000000 0.871870000000 0.840630000000 0.982200000000 0.475720000000 0.852360000000 0.832670000000 0.979980000000 0.768380000000 0.978700000000 0.930030000000 0.998060000000 0.233850000000 0.551250000000 0.525430000000 0.875190000000 0.507890000000 0.862160000000 0.835120000000 0.980790000000 0.473290000000 0.849530000000 0.826730000000 0.978480000000 0.761990000000 0.976470000000 0.927140000000 0.997630000000 0.411620000000 0.797560000000 0.792660000000 0.972950000000 0.757280000000 0.975460000000 0.926170000000 0.997350000000 0.653540000000 0.951010000000 0.925480000000 0.997370000000 0.840160000000 0.997250000000 0.947920000000 0.999790000000 0.207420000000 0.511370000000 0.476410000000 0.847490000000 0.456700000000 0.834370000000 0.800860000000 0.973870000000 0.440440000000 0.823680000000 0.807310000000 0.974470000000 0.749490000000 0.972180000000 0.923860000000 0.997160000000 0.407710000000 0.799470000000 0.792460000000 0.971780000000 0.757570000000 0.974420000000 0.925540000000 0.997240000000 0.657670000000 0.951180000000 0.924190000000 0.997170000000 0.838240000000 0.996910000000 0.947270000000 0.999750000000 0.326910000000 0.716900000000 0.701730000000 0.946800000000 0.701080000000 0.960710000000 0.917350000000 0.996410000000 0.656870000000 0.952310000000 0.926840000000 0.997520000000 0.840100000000 0.997250000000 0.947390000000 0.999750000000 0.509410000000 0.884150000000 0.884100000000 0.995610000000 0.840580000000 0.997640000000 0.947820000000 0.999770000000 0.720150000000 0.970790000000 0.948050000000 0.999810000000 0.857870000000 0.999790000000 0.952730000000 0.999990000000 

0.000000000000 0.000000000000 0.000000000000 0.000000000000 0.000000000000 0.000000000000 0.000000000000 0.000000000000 0.000000000000 0.000000000000 0.000000000000 0.000000000000 0.000000000000 0.000000000000 0.000000000000 0.000000000000 0.000000000000 0.000000000000 0.000000000000 0.000000000000 0.000000000000 0.000000000000 0.000000000000 0.000000000000 0.000000000000 0.000000000000 0.000000000000 0.000000000000 0.000000000000 0.000000000000 0.000000000000 0.000000000783 0.000000000000 0.000000000000 0.000000000000 0.000000000000 0.000000000000 0.000000000000 0.000000000000 0.000000000000 0.000000000000 0.000000000000 0.000000000000 0.000000000000 0.000000000000 0.000000000000 0.000000000000 0.000000014755 0.000000000000 0.000000000000 0.000000000000 0.000000000000 0.000000000000 0.000000000000 0.000000000000 0.000000005177 0.000000000000 0.000000000000 0.000000000000 0.000007817900 0.000000000000 0.000001004200 0.000000746830 0.035197000000 0.000000000000 0.000000000000 0.000000000000 0.000000000000 0.000000000000 0.000000000000 0.000000000000 0.000000000000 0.000000000000 0.000000000000 0.000000000000 0.000000000000 0.000000000000 0.000000000000 0.000000000000 0.000002788500 0.000000000000 0.000000000000 0.000000000000 0.000000000000 0.000000000000 0.000000000000 0.000000000000 0.000000106440 0.000000000000 0.000000000000 0.000000000000 0.000000918560 0.000000000000 0.000534960000 0.000006935800 0.087860000000 0.000000000000 0.000000000000 0.000000000000 0.000000000000 0.000000000000 0.000000000000 0.000000000000 0.000019781000 0.000000000000 0.000000000000 0.000000000000 0.000245660000 0.000000000000 0.000473010000 0.000449620000 0.205880000000 0.000000000000 0.000000000001 0.000000000001 0.001011100000 0.000000000004 0.005848800000 0.016467000000 0.384640000000 0.000001934300 0.041654000000 0.083143000000 0.637230000000 0.236650000000 0.823490000000 0.916220000000 0.990990000000 0.000000000000 0.000000000000 0.000000000000 0.000000000000 0.000000000000 0.000000000000 0.000000000000 0.000000000000 0.000000000000 0.000000000000 0.000000000000 0.000000000000 0.000000000000 0.000000000000 0.000000000002 0.001716300000 0.000000000000 0.000000000000 0.000000000000 0.000000000000 0.000000000000 0.000000000000 0.000000000015 0.002021600000 0.000000000000 0.000000000001 0.000000000146 0.008712500000 0.000000000305 0.014756000000 0.038018000000 0.517510000000 0.000000000000 0.000000000000 0.000000000000 0.000000000030 0.000000000000 0.000000024135 0.000000152770 0.022330000000 0.000000000000 0.000034656000 0.000000405460 0.042640000000 0.000101260000 0.101330000000 0.188970000000 0.784510000000 0.000000000000 0.002606300000 0.004640000000 0.196730000000 0.020397000000 0.341020000000 0.508980000000 0.936210000000 0.104020000000 0.650720000000 0.796210000000 0.983160000000 0.901440000000 0.990470000000 0.989750000000 0.992310000000 0.000000000000 0.000000000000 0.000000000006 0.002472400000 0.000000000000 0.006497600000 0.009916600000 0.290470000000 0.000000000069 0.021793000000 0.035686000000 0.474260000000 0.136190000000 0.667490000000 0.812440000000 0.985600000000 0.001214400000 0.161440000000 0.274210000000 0.838610000000 0.503750000000 0.928220000000 0.959350000000 0.992100000000 0.756110000000 0.979390000000 0.982100000000 0.992160000000 0.987660000000 0.992470000000 0.992340000000 0.992280000000 0.096578000000 0.640370000000 0.798100000000 0.979700000000 0.906830000000 0.991050000000 0.991000000000 0.992270000000 0.951300000000 0.991480000000 0.991600000000 0.992260000000 0.992050000000 0.992180000000 0.992110000000 0.992220000000 0.976690000000 0.992440000000 0.992220000000 0.992220000000 0.992640000000 0.991900000000 0.992090000000 0.992150000000 0.991730000000 0.992150000000 0.992430000000 0.992240000000 0.992250000000 0.992140000000 0.992470000000 0.992180000000 0.000000000000 0.000000000000 0.000000000000 0.000000000000 0.000000000000 0.000000000000 0.000000000011 0.002431100000 0.000000000000 0.000000012100 0.000000000001 0.006861500000 0.000000000001 0.009259400000 0.011168000000 0.365550000000 0.000000000000 0.000000005441 0.000000000040 0.014657000000 0.000001221000 0.042383000000 0.082882000000 0.588710000000 0.001223500000 0.123890000000 0.249810000000 0.810070000000 0.478410000000 0.915600000000 0.957520000000 0.991640000000 0.000000000000 0.002002500000 0.005827800000 0.192040000000 0.016423000000 0.340360000000 0.509070000000 0.931170000000 0.120560000000 0.626750000000 0.774350000000 0.983390000000 0.880650000000 0.988350000000 0.987740000000 0.991900000000 0.410030000000 0.880710000000 0.949730000000 0.991450000000 0.965940000000 0.992200000000 0.992060000000 0.992300000000 0.979040000000 0.992390000000 0.992370000000 0.992170000000 0.991010000000 0.992110000000 0.992340000000 0.992210000000 0.002786300000 0.145980000000 0.247920000000 0.774440000000 0.485820000000 0.910750000000 0.950010000000 0.991850000000 0.739010000000 0.971000000000 0.983230000000 0.991910000000 0.989130000000 0.991840000000 0.991500000000 0.992220000000 0.892510000000 0.991280000000 0.992680000000 0.991330000000 0.989470000000 0.992800000000 0.992270000000 0.992040000000 0.989330000000 0.992600000000 0.992810000000 0.992180000000 0.991900000000 0.992190000000 0.992160000000 0.992150000000 0.954260000000 0.990590000000 0.993940000000 0.991990000000 0.993070000000 0.992180000000 0.992620000000 0.992350000000 0.992830000000 0.992070000000 0.992720000000 0.992070000000 0.991960000000 0.992180000000 0.992230000000 0.992250000000 0.994180000000 0.992470000000 0.993480000000 0.992210000000 0.991620000000 0.992070000000 0.992350000000 0.992180000000 0.992740000000 0.992100000000 0.992000000000 0.992150000000 0.991760000000 0.992220000000 0.992110000000 0.992180000000 0.176430000000 0.742760000000 0.877110000000 0.988800000000 0.946850000000 0.990370000000 0.993040000000 0.992460000000 0.975270000000 0.993450000000 0.993380000000 0.992290000000 0.991390000000 0.992110000000 0.991800000000 0.992130000000 0.986020000000 0.993060000000 0.993540000000 0.992180000000 0.988490000000 0.992580000000 0.992250000000 0.992170000000 0.992970000000 0.992660000000 0.992040000000 0.992190000000 0.991530000000 0.992110000000 0.992250000000 0.992250000000 0.987460000000 0.993330000000 0.992990000000 0.992670000000 0.991120000000 0.992820000000 0.991840000000 0.992330000000 0.992590000000 0.992470000000 0.992090000000 0.992090000000 0.991760000000 0.991990000000 0.992210000000 0.992140000000 0.994290000000 0.992180000000 0.992840000000 0.992090000000 0.992480000000 0.992120000000 0.992330000000 0.992200000000 0.992650000000 0.992080000000 0.992020000000 0.992240000000 0.992520000000 0.992220000000 0.992460000000 0.992190000000 0.991810000000 0.991480000000 0.990840000000 0.992990000000 0.991880000000 0.991800000000 0.993270000000 0.992030000000 0.991190000000 0.992170000000 0.992260000000 0.992250000000 0.992680000000 0.992400000000 0.992360000000 0.992220000000 0.990710000000 0.992100000000 0.992880000000 0.992180000000 0.992940000000 0.992290000000 0.992010000000 0.992240000000 0.992570000000 0.992420000000 0.992490000000 0.992210000000 0.992430000000 0.992190000000 0.991720000000 0.992180000000 0.990810000000 0.991720000000 0.991650000000 0.992080000000 0.992020000000 0.992000000000 0.992150000000 0.992240000000 0.992040000000 0.992020000000 0.992310000000 0.992230000000 0.992740000000 0.992190000000 0.992380000000 0.992180000000 0.994330000000 0.992060000000 0.992420000000 0.992230000000 0.991880000000 0.992220000000 0.992260000000 0.992190000000 0.991690000000 0.992210000000 0.992240000000 0.992170000000 0.991830000000 0.992180000000 0.992500000000 0.992190000000 

N_obs: 1000

File Format:
1- most to least reliable channels (taken entropies)
2- most to least reliable channels (taken error probabilities)
3- channels entropies (flipped)
4- channels error probabilities (flipped)
5- number of MontCarlo simulations
