511 510 509 508 507 506 505 504 503 502 501 499 498 495 494 493 491 487 479 478 477 475 471 463 447 446 445 492 500 497 486 490 489 443 439 485 483 476 383 474 470 473 469 431 461 467 462 496 444 442 488 382 441 484 459 438 482 381 472 481 437 468 379 466 455 415 255 435 430 465 460 375 429 458 440 380 427 457 254 367 436 378 127 253 480 414 351 319 191 223 239 251 454 247 423 377 63 434 413 374 95 453 159 287 411 111 399 407 119 373 464 123 433 31 303 207 125 175 428 335 371 311 183 451 126 359 315 187 343 317 231 215 189 363 366 365 347 219 221 349 235 318 243 237 190 245 252 350 249 47 271 222 238 143 250 79 246 426 59 15 55 425 61 456 62 103 391 419 87 295 151 279 422 327 167 376 421 199 115 91 93 403 412 283 155 395 107 285 94 157 286 158 117 397 409 109 71 110 39 331 135 410 307 299 263 203 405 23 121 171 179 398 339 355 211 118 406 7 227 301 173 122 452 205 333 302 29 372 174 309 369 206 27 334 181 30 313 370 124 185 341 357 213 310 182 361 229 314 345 217 358 186 342 233 432 214 449 230 362 316 51 450 346 364 241 218 188 234 99 75 387 43 83 139 147 291 163 275 267 323 348 195 220 242 236 244 57 35 19 67 11 131 259 3 248 46 78 142 45 77 141 270 269 53 58 13 417 60 14 101 113 54 89 424 393 105 389 401 153 281 85 149 277 165 293 297 169 325 197 305 329 201 177 337 209 353 225 418 102 420 390 86 92 294 150 278 156 166 284 326 198 25 49 90 114 97 69 37 81 41 73 21 145 116 385 282 137 154 133 273 402 396 289 161 265 394 106 261 321 193 108 404 408 17 33 65 9 5 129 257 120 1 300 306 332 172 298 170 330 28 178 204 308 202 180 338 210 354 340 368 312 212 184 356 226 70 22 38 360 134 228 262 344 216 232 6 448 240 26 56 52 50 44 76 140 416 268 98 100 88 112 392 104 74 82 386 42 388 152 146 400 280 138 84 290 274 162 148 266 296 276 164 292 168 328 322 194 324 200 196 304 176 336 208 352 224 12 24 48 34 66 18 72 36 40 68 80 96 20 136 144 10 130 272 132 264 384 288 160 260 258 320 192 32 16 8 64 2 4 128 256 0 

511 510 509 508 507 506 505 504 503 502 501 499 498 495 494 493 491 487 479 478 477 475 471 463 447 446 445 492 500 497 486 490 489 443 485 439 483 476 383 474 470 473 469 431 461 467 462 444 496 484 442 488 382 459 441 438 482 472 481 437 381 468 466 455 379 415 435 465 430 460 255 458 429 440 375 380 457 436 480 427 454 378 414 434 464 367 453 254 377 423 433 413 428 374 253 451 456 411 373 426 351 251 371 425 407 319 366 452 376 399 422 365 412 247 432 421 450 363 252 239 410 419 359 350 449 372 111 126 409 109 191 15 347 424 315 183 406 335 175 327 349 250 158 369 405 167 211 249 238 221 403 188 95 217 171 323 186 303 190 286 99 115 265 346 318 259 301 331 94 199 127 293 58 310 345 299 131 174 19 179 139 35 330 402 275 313 116 294 73 110 295 263 169 417 31 57 420 145 91 206 135 243 230 55 137 270 287 354 33 316 108 41 39 262 240 46 134 114 202 102 321 326 308 85 13 385 161 338 222 65 11 25 448 418 150 162 47 172 314 197 159 398 220 408 147 71 1 141 180 195 235 289 59 148 133 209 227 100 101 329 395 204 121 234 84 168 305 120 74 77 104 193 164 269 49 290 28 386 237 322 51 50 394 277 177 26 296 280 112 273 388 76 300 18 72 82 196 324 236 144 38 352 297 264 192 12 21 80 138 272 118 40 304 8 20 64 292 69 136 132 34 229 258 2 0 4 400 48 32 256 208 128 52 16 9 288 332 96 37 370 320 68 176 260 242 10 56 224 384 36 24 42 416 225 160 228 130 392 66 83 340 336 274 140 67 194 3 44 98 368 146 97 17 266 276 70 81 200 6 232 113 328 268 184 142 337 344 90 387 14 212 5 278 152 92 149 356 88 226 298 105 124 86 23 284 151 397 122 216 210 282 306 362 166 334 309 391 106 281 360 215 325 207 312 257 285 396 178 353 103 390 163 22 45 155 61 89 218 153 129 404 201 248 154 357 125 203 7 261 181 165 27 364 361 79 389 291 185 198 60 62 302 317 348 54 53 244 213 358 170 401 75 205 241 267 156 393 173 339 333 231 29 214 307 342 78 93 43 30 182 107 341 87 189 157 271 233 245 283 143 246 117 279 343 119 355 223 123 311 219 187 63 

0.000000000000 0.000000000000 0.000000000000 0.000000000000 0.000000000000 0.000000000000 0.000000000000 0.000000000000 0.000000000000 0.000000000000 0.000000000000 0.000000000000 0.000000000000 0.000000000000 0.000000000000 0.000188590000 0.000000000000 0.000000000000 0.000000000000 0.000000000000 0.000000000000 0.000000000000 0.000000000000 0.000383970000 0.000000000000 0.000000000000 0.000000000001 0.000575610000 0.000000000007 0.001593600000 0.003520800000 0.162830000000 0.000000000000 0.000000000000 0.000000000000 0.000000000012 0.000000000000 0.000000000042 0.000000002288 0.002725800000 0.000000000000 0.000000000159 0.000000061409 0.005475000000 0.000102260000 0.010673000000 0.026572000000 0.339220000000 0.000000000000 0.000134300000 0.000067869000 0.033826000000 0.000937450000 0.067899000000 0.125630000000 0.566750000000 0.011865000000 0.198530000000 0.300920000000 0.740090000000 0.392980000000 0.808330000000 0.799740000000 0.975550000000 0.000000000000 0.000000000000 0.000000000000 0.000245840000 0.000000000001 0.000251970000 0.000557290000 0.068149000000 0.000000000001 0.001378200000 0.003632900000 0.143450000000 0.020710000000 0.247330000000 0.348430000000 0.792580000000 0.000006859900 0.025344000000 0.056393000000 0.367600000000 0.123470000000 0.513470000000 0.549430000000 0.899140000000 0.211350000000 0.620550000000 0.628840000000 0.924520000000 0.605380000000 0.922480000000 0.887590000000 0.991710000000 0.014099000000 0.167300000000 0.248360000000 0.660130000000 0.312350000000 0.704750000000 0.693100000000 0.946870000000 0.336430000000 0.725890000000 0.708050000000 0.946860000000 0.659270000000 0.943940000000 0.901320000000 0.993890000000 0.327110000000 0.713680000000 0.692670000000 0.944060000000 0.662310000000 0.944390000000 0.899830000000 0.993300000000 0.600490000000 0.924940000000 0.900100000000 0.993570000000 0.821870000000 0.993490000000 0.943430000000 0.999510000000 0.000000000013 0.000496660000 0.002651300000 0.075642000000 0.009917400000 0.148980000000 0.217570000000 0.628780000000 0.049531000000 0.287520000000 0.338660000000 0.746870000000 0.373940000000 0.766340000000 0.754610000000 0.964670000000 0.132560000000 0.418020000000 0.419160000000 0.812200000000 0.417150000000 0.803210000000 0.779310000000 0.968230000000 0.401400000000 0.791180000000 0.774130000000 0.966340000000 0.717910000000 0.964050000000 0.918870000000 0.996780000000 0.182320000000 0.475200000000 0.445560000000 0.829960000000 0.421230000000 0.810560000000 0.785410000000 0.969980000000 0.403480000000 0.792310000000 0.768720000000 0.964350000000 0.716100000000 0.962280000000 0.915680000000 0.995950000000 0.369620000000 0.756020000000 0.742000000000 0.957730000000 0.703100000000 0.958770000000 0.912320000000 0.995130000000 0.620880000000 0.937180000000 0.911270000000 0.995240000000 0.828880000000 0.995150000000 0.945100000000 0.999630000000 0.183990000000 0.451330000000 0.405900000000 0.804340000000 0.402410000000 0.784510000000 0.765830000000 0.965140000000 0.387230000000 0.775060000000 0.751760000000 0.960410000000 0.706210000000 0.957190000000 0.912230000000 0.995500000000 0.358750000000 0.746610000000 0.735080000000 0.957160000000 0.706250000000 0.958210000000 0.910190000000 0.994840000000 0.612370000000 0.933380000000 0.909680000000 0.994970000000 0.826060000000 0.994270000000 0.944250000000 0.999520000000 0.309450000000 0.684760000000 0.668430000000 0.936740000000 0.661330000000 0.943510000000 0.902330000000 0.993950000000 0.617050000000 0.934250000000 0.909090000000 0.994860000000 0.826750000000 0.994410000000 0.943780000000 0.999470000000 0.480990000000 0.867760000000 0.871880000000 0.991820000000 0.826780000000 0.994700000000 0.944340000000 0.999500000000 0.706890000000 0.969060000000 0.944680000000 0.999570000000 0.854480000000 0.999590000000 0.952010000000 0.999970000000 0.014387000000 0.127240000000 0.162090000000 0.474580000000 0.197760000000 0.489210000000 0.479380000000 0.863020000000 0.203270000000 0.501540000000 0.460940000000 0.844750000000 0.456310000000 0.835520000000 0.812300000000 0.978200000000 0.197240000000 0.487020000000 0.457630000000 0.838380000000 0.446700000000 0.817370000000 0.792410000000 0.971190000000 0.407440000000 0.800710000000 0.781960000000 0.968550000000 0.733390000000 0.967350000000 0.920710000000 0.996910000000 0.188370000000 0.483510000000 0.444790000000 0.834620000000 0.424400000000 0.812690000000 0.787920000000 0.970570000000 0.409220000000 0.796540000000 0.774250000000 0.965150000000 0.721830000000 0.962430000000 0.915840000000 0.996010000000 0.364590000000 0.755000000000 0.740970000000 0.959430000000 0.707900000000 0.960530000000 0.913310000000 0.995270000000 0.629960000000 0.937660000000 0.911630000000 0.995480000000 0.830810000000 0.995210000000 0.945250000000 0.999630000000 0.184930000000 0.459760000000 0.416290000000 0.814800000000 0.402710000000 0.791780000000 0.767370000000 0.965760000000 0.391350000000 0.778090000000 0.756320000000 0.961810000000 0.712600000000 0.959350000000 0.913640000000 0.995750000000 0.365470000000 0.750750000000 0.736210000000 0.957790000000 0.711600000000 0.958660000000 0.911250000000 0.995050000000 0.626620000000 0.936560000000 0.909380000000 0.994950000000 0.826280000000 0.994410000000 0.944290000000 0.999530000000 0.303890000000 0.687610000000 0.671780000000 0.935700000000 0.661440000000 0.943700000000 0.901770000000 0.993760000000 0.613260000000 0.934080000000 0.908150000000 0.994650000000 0.825390000000 0.993880000000 0.943240000000 0.999440000000 0.488360000000 0.865620000000 0.867130000000 0.990740000000 0.824610000000 0.994100000000 0.943530000000 0.999420000000 0.704150000000 0.968280000000 0.943710000000 0.999490000000 0.854260000000 0.999470000000 0.951780000000 0.999960000000 0.154020000000 0.400460000000 0.365000000000 0.767350000000 0.342600000000 0.736490000000 0.709670000000 0.952130000000 0.336610000000 0.723500000000 0.690000000000 0.943360000000 0.650010000000 0.940450000000 0.897830000000 0.993260000000 0.320550000000 0.702890000000 0.694450000000 0.946490000000 0.667810000000 0.944400000000 0.899840000000 0.993310000000 0.592770000000 0.922550000000 0.897450000000 0.993110000000 0.819770000000 0.992700000000 0.942160000000 0.999390000000 0.293780000000 0.669660000000 0.654860000000 0.930880000000 0.652610000000 0.940260000000 0.898540000000 0.993160000000 0.610030000000 0.930290000000 0.905130000000 0.994230000000 0.822540000000 0.993470000000 0.942740000000 0.999370000000 0.489730000000 0.864240000000 0.866360000000 0.990400000000 0.820760000000 0.993440000000 0.942790000000 0.999340000000 0.702140000000 0.967650000000 0.942470000000 0.999360000000 0.852500000000 0.999320000000 0.951270000000 0.999950000000 0.244300000000 0.570860000000 0.552360000000 0.889310000000 0.526070000000 0.885250000000 0.850400000000 0.983910000000 0.541410000000 0.898230000000 0.878610000000 0.989670000000 0.807810000000 0.990270000000 0.940060000000 0.999180000000 0.479610000000 0.863620000000 0.865900000000 0.990280000000 0.822310000000 0.993510000000 0.942750000000 0.999350000000 0.702900000000 0.967800000000 0.942490000000 0.999340000000 0.851450000000 0.999280000000 0.951140000000 0.999940000000 0.354650000000 0.757830000000 0.746730000000 0.959260000000 0.755580000000 0.982310000000 0.938690000000 0.999140000000 0.709030000000 0.967790000000 0.943200000000 0.999410000000 0.851670000000 0.999330000000 0.951030000000 0.999940000000 0.531280000000 0.892990000000 0.887380000000 0.998920000000 0.853620000000 0.999440000000 0.951340000000 0.999950000000 0.728300000000 0.971550000000 0.951670000000 0.999950000000 0.859450000000 0.999950000000 0.953630000000 1.000000000000 

0.000000000000 0.000000000000 0.000000000000 0.000000000000 0.000000000000 0.000000000000 0.000000000000 0.000000000000 0.000000000000 0.000000000000 0.000000000000 0.000000000000 0.000000000000 0.000000000000 0.000000000000 0.000610850000 0.000000000000 0.000000000000 0.000000000000 0.000000000000 0.000000000000 0.000000000000 0.000000000000 0.000885730000 0.000000000000 0.000000000000 0.000000000000 0.000693480000 0.000000000001 0.003735000000 0.008003700000 0.329480000000 0.000000000000 0.000000000000 0.000000000000 0.000000000003 0.000000000000 0.000000000010 0.000000000719 0.007524300000 0.000000000000 0.000000000039 0.000000024544 0.013003000000 0.000196430000 0.024504000000 0.064694000000 0.581970000000 0.000000000000 0.000211760000 0.000076284000 0.080123000000 0.002187800000 0.145190000000 0.262780000000 0.837180000000 0.028316000000 0.406660000000 0.599430000000 0.950940000000 0.793130000000 0.978600000000 0.986430000000 0.992040000000 0.000000000000 0.000000000000 0.000000000000 0.000525220000 0.000000000000 0.000823560000 0.003163600000 0.170660000000 0.000000000000 0.003495400000 0.009255800000 0.313710000000 0.057195000000 0.501370000000 0.673690000000 0.971530000000 0.000003636100 0.071398000000 0.152470000000 0.698970000000 0.341530000000 0.858470000000 0.933360000000 0.990180000000 0.618950000000 0.964460000000 0.975850000000 0.991850000000 0.985050000000 0.992040000000 0.991820000000 0.992210000000 0.051994000000 0.490250000000 0.673840000000 0.966030000000 0.842020000000 0.984000000000 0.989040000000 0.992070000000 0.938590000000 0.990370000000 0.990730000000 0.992470000000 0.990900000000 0.991680000000 0.992630000000 0.992190000000 0.963840000000 0.992060000000 0.992330000000 0.992420000000 0.992100000000 0.992140000000 0.992710000000 0.992220000000 0.992370000000 0.992430000000 0.992510000000 0.992150000000 0.992270000000 0.992130000000 0.992010000000 0.992200000000 0.000000000003 0.001560300000 0.011333000000 0.251000000000 0.033265000000 0.437340000000 0.606150000000 0.953840000000 0.195570000000 0.733100000000 0.851250000000 0.987050000000 0.925050000000 0.992190000000 0.990720000000 0.992240000000 0.585340000000 0.948540000000 0.965510000000 0.992510000000 0.981090000000 0.992360000000 0.992510000000 0.992380000000 0.986290000000 0.992620000000 0.992480000000 0.992290000000 0.993750000000 0.991920000000 0.992430000000 0.992170000000 0.875990000000 0.986330000000 0.990520000000 0.992600000000 0.990140000000 0.991410000000 0.991600000000 0.992270000000 0.993590000000 0.992900000000 0.993040000000 0.992220000000 0.992720000000 0.992030000000 0.992260000000 0.992220000000 0.990370000000 0.992360000000 0.992750000000 0.992190000000 0.991480000000 0.991680000000 0.992100000000 0.992250000000 0.990460000000 0.991990000000 0.992390000000 0.992150000000 0.991260000000 0.992140000000 0.991990000000 0.992200000000 0.940780000000 0.991410000000 0.992590000000 0.991920000000 0.990180000000 0.992060000000 0.991700000000 0.992410000000 0.995140000000 0.991600000000 0.992360000000 0.991990000000 0.992890000000 0.992360000000 0.992110000000 0.992180000000 0.991280000000 0.992580000000 0.991450000000 0.992150000000 0.991610000000 0.992300000000 0.992170000000 0.992140000000 0.991790000000 0.991770000000 0.991570000000 0.992180000000 0.992530000000 0.992120000000 0.992090000000 0.992190000000 0.991920000000 0.991320000000 0.992420000000 0.992320000000 0.993300000000 0.992360000000 0.992380000000 0.992150000000 0.993470000000 0.992280000000 0.992140000000 0.992240000000 0.991690000000 0.992230000000 0.992150000000 0.992180000000 0.993230000000 0.991920000000 0.992120000000 0.992260000000 0.992660000000 0.992240000000 0.991400000000 0.992170000000 0.991800000000 0.991930000000 0.992500000000 0.992200000000 0.991410000000 0.992190000000 0.992410000000 0.992190000000 0.092538000000 0.604710000000 0.782320000000 0.982060000000 0.910060000000 0.990660000000 0.990820000000 0.992470000000 0.967760000000 0.993370000000 0.993270000000 0.992610000000 0.991900000000 0.992200000000 0.992660000000 0.991940000000 0.983910000000 0.990830000000 0.992130000000 0.992160000000 0.992080000000 0.992110000000 0.993250000000 0.992250000000 0.992850000000 0.991910000000 0.992190000000 0.992210000000 0.992100000000 0.992300000000 0.992210000000 0.992200000000 0.994010000000 0.992030000000 0.990840000000 0.992070000000 0.995340000000 0.992450000000 0.991230000000 0.992340000000 0.992390000000 0.992880000000 0.992610000000 0.992280000000 0.990810000000 0.992350000000 0.992090000000 0.992190000000 0.992400000000 0.991870000000 0.992660000000 0.992100000000 0.992490000000 0.991960000000 0.992470000000 0.992250000000 0.991540000000 0.992550000000 0.992060000000 0.992150000000 0.992080000000 0.992230000000 0.992120000000 0.992170000000 0.989520000000 0.991280000000 0.993140000000 0.990930000000 0.995750000000 0.991260000000 0.992540000000 0.992260000000 0.990330000000 0.992990000000 0.992500000000 0.992070000000 0.991640000000 0.992420000000 0.992140000000 0.992200000000 0.990370000000 0.991610000000 0.992720000000 0.992060000000 0.991250000000 0.992620000000 0.991810000000 0.992110000000 0.990740000000 0.992360000000 0.992500000000 0.992120000000 0.992430000000 0.992050000000 0.992020000000 0.992210000000 0.992060000000 0.990690000000 0.993150000000 0.992670000000 0.992440000000 0.992480000000 0.992450000000 0.992290000000 0.992320000000 0.992050000000 0.992290000000 0.992090000000 0.992070000000 0.992240000000 0.991850000000 0.992160000000 0.993370000000 0.992260000000 0.992070000000 0.992230000000 0.991650000000 0.992180000000 0.991910000000 0.992180000000 0.991890000000 0.991950000000 0.992090000000 0.992190000000 0.991610000000 0.992210000000 0.992460000000 0.992190000000 0.991560000000 0.988670000000 0.992490000000 0.992310000000 0.994240000000 0.992340000000 0.992110000000 0.992110000000 0.993680000000 0.992180000000 0.993380000000 0.991750000000 0.991400000000 0.991960000000 0.992250000000 0.992150000000 0.988560000000 0.991790000000 0.989340000000 0.991930000000 0.993020000000 0.992380000000 0.992310000000 0.992120000000 0.992430000000 0.991970000000 0.992100000000 0.992100000000 0.991350000000 0.992230000000 0.992240000000 0.992190000000 0.991220000000 0.991500000000 0.992930000000 0.992290000000 0.991870000000 0.992270000000 0.992440000000 0.992300000000 0.993060000000 0.992320000000 0.992000000000 0.992110000000 0.992220000000 0.992150000000 0.992240000000 0.992170000000 0.992510000000 0.992930000000 0.992120000000 0.992150000000 0.992650000000 0.992120000000 0.991780000000 0.992150000000 0.992070000000 0.992240000000 0.992180000000 0.992200000000 0.992230000000 0.992220000000 0.992030000000 0.992180000000 0.996090000000 0.992570000000 0.992440000000 0.992560000000 0.992090000000 0.991590000000 0.991840000000 0.992200000000 0.991910000000 0.992600000000 0.992600000000 0.992190000000 0.992140000000 0.992140000000 0.992120000000 0.992190000000 0.992060000000 0.991950000000 0.992430000000 0.992230000000 0.992930000000 0.992210000000 0.991930000000 0.992180000000 0.991930000000 0.992160000000 0.992190000000 0.992200000000 0.991660000000 0.992190000000 0.991920000000 0.992190000000 0.991830000000 0.992960000000 0.992860000000 0.992120000000 0.992500000000 0.992140000000 0.992040000000 0.992210000000 0.992320000000 0.992430000000 0.992170000000 0.992180000000 0.991610000000 0.992150000000 0.992240000000 0.992190000000 0.989570000000 0.992280000000 0.992010000000 0.992170000000 0.992030000000 0.992200000000 0.992190000000 0.992180000000 0.992490000000 0.992250000000 0.992280000000 0.992190000000 0.992230000000 0.992190000000 0.992070000000 0.992190000000 

N_obs: 1000

File Format:
1- most to least reliable channels (taken entropies)
2- most to least reliable channels (taken error probabilities)
3- channels entropies (flipped)
4- channels error probabilities (flipped)
5- number of MontCarlo simulations
