511 510 509 508 507 506 505 504 503 502 501 500 499 498 497 496 495 494 493 492 491 490 489 488 487 486 485 484 483 482 481 479 478 477 476 475 474 473 472 471 470 469 468 467 466 465 463 462 461 460 459 458 457 455 454 453 447 446 445 444 443 442 441 440 439 438 437 436 435 434 433 431 430 429 428 427 426 423 415 414 413 411 407 399 383 382 381 380 379 378 377 375 374 373 371 367 366 365 363 359 351 319 255 254 253 251 247 425 451 350 421 419 412 349 410 409 422 406 405 239 347 376 403 370 372 464 252 343 249 364 456 480 369 250 362 397 432 398 452 361 450 358 449 424 420 318 395 246 408 348 317 357 417 404 245 418 345 346 335 315 355 243 223 402 368 391 238 401 248 342 237 396 311 360 341 448 235 394 316 191 244 356 127 334 339 222 393 416 303 242 314 231 354 333 221 287 344 219 313 241 390 236 353 215 207 190 331 189 310 175 159 187 183 125 95 123 111 119 126 63 400 340 389 234 327 309 233 307 302 387 301 338 230 299 229 295 220 283 286 227 285 337 279 271 392 332 218 217 214 213 240 312 211 203 206 205 173 174 199 171 185 186 179 181 188 182 167 155 158 157 93 117 330 118 151 329 121 103 107 143 115 124 109 91 122 94 87 79 352 110 62 61 59 55 326 47 325 31 308 388 323 306 305 232 300 298 386 385 293 297 294 228 282 226 291 278 281 284 277 275 336 270 269 225 267 204 263 216 212 202 210 201 169 198 170 172 209 178 180 154 184 166 156 153 197 150 147 165 106 149 105 102 163 85 116 90 83 177 89 75 142 101 86 78 141 108 77 114 195 92 139 328 120 54 99 53 51 71 60 113 58 57 135 43 39 46 45 324 30 29 27 23 322 15 321 304 292 296 384 276 290 280 274 289 268 273 266 265 262 224 148 261 84 200 164 168 146 196 74 145 140 82 152 104 259 100 76 73 81 208 88 162 138 137 52 176 50 44 161 41 194 98 49 42 69 70 56 37 134 38 67 35 97 133 26 112 28 25 193 131 21 19 22 14 13 11 7 320 272 264 288 260 72 68 144 36 258 136 80 40 132 257 34 24 48 20 66 33 160 18 65 17 96 130 12 192 129 9 10 5 6 3 256 32 16 8 64 4 128 2 1 0 

511 510 509 508 507 506 505 504 503 502 501 500 499 498 497 496 495 494 493 492 491 490 489 488 487 486 485 484 483 482 481 479 478 477 476 475 474 473 472 471 470 469 468 467 466 465 463 462 461 460 459 458 457 455 454 453 447 446 445 444 443 442 441 440 439 438 437 436 435 434 433 431 430 429 428 427 426 423 415 414 413 411 407 399 383 382 381 380 379 378 377 375 374 373 371 367 366 365 363 359 351 319 255 254 253 251 247 425 451 350 421 419 412 349 410 409 422 406 405 239 347 376 403 370 372 464 252 343 249 364 456 480 369 250 362 397 432 398 452 361 450 358 449 424 318 246 404 417 317 357 418 420 395 408 345 245 348 335 346 402 355 243 315 368 391 401 342 223 238 396 360 237 248 341 448 311 394 316 356 244 235 334 393 339 416 354 314 344 242 333 390 222 303 191 353 231 313 241 400 236 389 221 340 310 331 127 234 287 338 309 219 233 327 387 392 332 337 215 190 312 307 302 352 230 240 229 388 189 301 295 220 183 330 227 207 308 119 218 299 187 329 123 326 325 95 286 159 283 155 175 323 386 203 211 126 94 232 115 92 185 122 336 285 225 284 167 55 172 291 177 53 83 328 213 171 101 178 267 125 270 90 226 114 139 154 103 52 181 202 23 293 304 60 206 277 141 29 133 108 71 110 50 268 208 265 197 216 76 58 276 149 210 140 45 261 42 384 194 61 99 279 137 264 147 36 131 33 35 12 228 288 74 25 166 162 262 13 66 18 136 88 224 27 217 28 129 324 22 258 269 257 256 3 6 209 198 4 196 1 320 104 201 98 8 169 128 84 2 290 130 0 17 168 134 32 274 20 16 26 160 64 81 132 173 14 112 292 49 10 170 82 263 272 19 96 138 80 48 102 11 5 89 24 21 145 212 37 9 47 41 72 161 144 73 176 68 296 259 179 192 34 7 40 65 70 152 321 105 280 260 100 97 77 186 67 193 38 39 86 273 146 78 200 56 266 44 69 305 148 106 164 15 43 51 322 30 156 116 54 163 289 120 153 300 282 113 111 180 117 275 142 385 150 62 85 184 59 143 165 195 57 135 306 75 182 298 294 297 46 204 278 124 281 214 79 188 93 107 31 118 174 121 87 205 151 271 158 199 157 109 91 63 

0.000000000000 0.000000000000 0.000000000000 0.000000000000 0.000000000000 0.000000000000 0.000000000000 0.000000000000 0.000000000000 0.000000000000 0.000000000000 0.000000000000 0.000000000000 0.000000000000 0.000000000000 0.000000000000 0.000000000000 0.000000000000 0.000000000000 0.000000000000 0.000000000000 0.000000000000 0.000000000000 0.000000000000 0.000000000000 0.000000000000 0.000000000000 0.000000000000 0.000000000000 0.000000000000 0.000000000000 0.000000177730 0.000000000000 0.000000000000 0.000000000000 0.000000000000 0.000000000000 0.000000000000 0.000000000000 0.000000000000 0.000000000000 0.000000000000 0.000000000000 0.000000000000 0.000000000000 0.000000000000 0.000000000000 0.000000021376 0.000000000000 0.000000000000 0.000000000000 0.000000000000 0.000000000000 0.000000000000 0.000000000000 0.000000108320 0.000000000000 0.000000000000 0.000000000000 0.000005155600 0.000000000000 0.000012103000 0.000017531000 0.055181000000 0.000000000000 0.000000000000 0.000000000000 0.000000000000 0.000000000000 0.000000000000 0.000000000000 0.000000000000 0.000000000000 0.000000000000 0.000000000000 0.000000000000 0.000000000000 0.000000000000 0.000000000000 0.000002449300 0.000000000000 0.000000000000 0.000000000000 0.000000000000 0.000000000000 0.000000000000 0.000000000000 0.000021350000 0.000000000000 0.000000000001 0.000000000000 0.000190330000 0.000000000000 0.002397000000 0.001563200000 0.132870000000 0.000000000000 0.000000000000 0.000000000000 0.000000000000 0.000000000000 0.000000000000 0.000000000000 0.000966060000 0.000000000000 0.000000000002 0.000000000002 0.001639700000 0.000000000867 0.009363100000 0.018969000000 0.355310000000 0.000000000000 0.000004401600 0.000002316200 0.029787000000 0.000219990000 0.067571000000 0.129880000000 0.613460000000 0.014651000000 0.224790000000 0.359910000000 0.805850000000 0.490710000000 0.872360000000 0.874640000000 0.981020000000 0.000000000000 0.000000000000 0.000000000000 0.000000000000 0.000000000000 0.000000000000 0.000000000000 0.000000000056 0.000000000000 0.000000000000 0.000000000000 0.000000001631 0.000000000000 0.000000001393 0.000000552920 0.014106000000 0.000000000000 0.000000000000 0.000000000000 0.000000105190 0.000000000000 0.000001059200 0.000011577000 0.037379000000 0.000000000000 0.000015256000 0.001341600000 0.087758000000 0.007258000000 0.158650000000 0.267910000000 0.747860000000 0.000000000000 0.000000000000 0.000000000000 0.001052100000 0.000000000032 0.004905500000 0.004105600000 0.195560000000 0.000000040731 0.024101000000 0.044626000000 0.356200000000 0.117080000000 0.505210000000 0.581240000000 0.908920000000 0.004977300000 0.108520000000 0.165300000000 0.631470000000 0.284830000000 0.724440000000 0.729420000000 0.952120000000 0.371350000000 0.772600000000 0.786560000000 0.960870000000 0.815680000000 0.967660000000 0.972330000000 0.996460000000 0.000000000000 0.000216170000 0.001190300000 0.070260000000 0.005477700000 0.147210000000 0.220780000000 0.670720000000 0.034547000000 0.305460000000 0.404200000000 0.797560000000 0.457760000000 0.837620000000 0.845050000000 0.976120000000 0.133740000000 0.485820000000 0.496270000000 0.864510000000 0.525340000000 0.869830000000 0.878090000000 0.979910000000 0.540210000000 0.878220000000 0.877570000000 0.977700000000 0.895270000000 0.982230000000 0.984110000000 0.997690000000 0.192290000000 0.565630000000 0.566680000000 0.897410000000 0.563810000000 0.893520000000 0.897180000000 0.982930000000 0.591410000000 0.896460000000 0.902000000000 0.981880000000 0.905140000000 0.983600000000 0.984610000000 0.997670000000 0.602630000000 0.910880000000 0.913910000000 0.984550000000 0.919210000000 0.984900000000 0.985790000000 0.997670000000 0.929840000000 0.988340000000 0.989110000000 0.998100000000 0.990570000000 0.998540000000 0.998740000000 0.999830000000 0.000000000000 0.000000000000 0.000000000000 0.000000031359 0.000000000000 0.000000809120 0.000000097378 0.022573000000 0.000000000000 0.000807420000 0.002331600000 0.077562000000 0.008615500000 0.145650000000 0.221680000000 0.670590000000 0.000000000003 0.015391000000 0.025601000000 0.258130000000 0.065524000000 0.362320000000 0.417440000000 0.850150000000 0.152610000000 0.518960000000 0.534150000000 0.885540000000 0.565820000000 0.894340000000 0.915240000000 0.988380000000 0.008812500000 0.122660000000 0.188650000000 0.542750000000 0.220430000000 0.635030000000 0.638200000000 0.931460000000 0.271810000000 0.658620000000 0.667730000000 0.932020000000 0.674530000000 0.932630000000 0.938850000000 0.991020000000 0.283010000000 0.685560000000 0.687570000000 0.928720000000 0.684560000000 0.932120000000 0.937420000000 0.989450000000 0.695980000000 0.938470000000 0.942480000000 0.990180000000 0.950580000000 0.992050000000 0.993140000000 0.999100000000 0.074340000000 0.283980000000 0.286540000000 0.704060000000 0.308300000000 0.702690000000 0.701760000000 0.941410000000 0.309880000000 0.709380000000 0.703230000000 0.939220000000 0.702710000000 0.939050000000 0.946440000000 0.991690000000 0.306670000000 0.694520000000 0.692770000000 0.938690000000 0.701680000000 0.938610000000 0.937750000000 0.989860000000 0.710720000000 0.942000000000 0.943340000000 0.989570000000 0.945560000000 0.991170000000 0.991940000000 0.998930000000 0.308240000000 0.713040000000 0.714520000000 0.942150000000 0.710990000000 0.940700000000 0.942190000000 0.990440000000 0.728680000000 0.942640000000 0.943760000000 0.989070000000 0.943200000000 0.990030000000 0.990400000000 0.998530000000 0.736480000000 0.948410000000 0.949330000000 0.990400000000 0.952080000000 0.991170000000 0.991500000000 0.998560000000 0.956100000000 0.992420000000 0.993000000000 0.998730000000 0.993640000000 0.999030000000 0.999170000000 0.999900000000 0.104560000000 0.344140000000 0.313960000000 0.737510000000 0.330960000000 0.740660000000 0.731680000000 0.952480000000 0.335800000000 0.726060000000 0.724380000000 0.945580000000 0.736480000000 0.950450000000 0.953780000000 0.993070000000 0.331400000000 0.748560000000 0.737920000000 0.949370000000 0.736330000000 0.943510000000 0.945110000000 0.990520000000 0.733910000000 0.945130000000 0.948510000000 0.990620000000 0.952720000000 0.992080000000 0.992830000000 0.999010000000 0.321780000000 0.740690000000 0.722930000000 0.951130000000 0.739920000000 0.946110000000 0.947250000000 0.991080000000 0.740830000000 0.948890000000 0.945570000000 0.989410000000 0.946380000000 0.990420000000 0.990930000000 0.998630000000 0.743200000000 0.949210000000 0.950090000000 0.990760000000 0.947900000000 0.990340000000 0.990780000000 0.998430000000 0.953430000000 0.992170000000 0.992120000000 0.998510000000 0.992680000000 0.998880000000 0.998970000000 0.999860000000 0.346050000000 0.756150000000 0.760610000000 0.953530000000 0.768470000000 0.954490000000 0.954610000000 0.992320000000 0.769480000000 0.952610000000 0.952840000000 0.991600000000 0.953030000000 0.991740000000 0.992090000000 0.998830000000 0.784060000000 0.958200000000 0.958490000000 0.991930000000 0.956180000000 0.992110000000 0.991960000000 0.998640000000 0.957190000000 0.992590000000 0.992340000000 0.998530000000 0.992760000000 0.998760000000 0.998890000000 0.999840000000 0.795330000000 0.961540000000 0.963090000000 0.993110000000 0.964000000000 0.993050000000 0.993130000000 0.998770000000 0.965670000000 0.994050000000 0.993890000000 0.998830000000 0.993980000000 0.998970000000 0.999000000000 0.999850000000 0.969550000000 0.995110000000 0.995210000000 0.999090000000 0.995450000000 0.999210000000 0.999200000000 0.999860000000 0.995900000000 0.999390000000 0.999380000000 0.999890000000 0.999470000000 0.999920000000 0.999930000000 0.999990000000 

0.000000000000 0.000000000000 0.000000000000 0.000000000000 0.000000000000 0.000000000000 0.000000000000 0.000000000000 0.000000000000 0.000000000000 0.000000000000 0.000000000000 0.000000000000 0.000000000000 0.000000000000 0.000000000000 0.000000000000 0.000000000000 0.000000000000 0.000000000000 0.000000000000 0.000000000000 0.000000000000 0.000000000000 0.000000000000 0.000000000000 0.000000000000 0.000000000000 0.000000000000 0.000000000000 0.000000000000 0.000000080697 0.000000000000 0.000000000000 0.000000000000 0.000000000000 0.000000000000 0.000000000000 0.000000000000 0.000000000000 0.000000000000 0.000000000000 0.000000000000 0.000000000000 0.000000000000 0.000000000000 0.000000000000 0.000000007195 0.000000000000 0.000000000000 0.000000000000 0.000000000000 0.000000000000 0.000000000000 0.000000000000 0.000000039716 0.000000000000 0.000000000000 0.000000000000 0.000003272300 0.000000000000 0.000008540200 0.000010777000 0.121500000000 0.000000000000 0.000000000000 0.000000000000 0.000000000000 0.000000000000 0.000000000000 0.000000000000 0.000000000000 0.000000000000 0.000000000000 0.000000000000 0.000000000000 0.000000000000 0.000000000000 0.000000000000 0.000001312300 0.000000000000 0.000000000000 0.000000000000 0.000000000000 0.000000000000 0.000000000000 0.000000000000 0.000014385000 0.000000000000 0.000000000000 0.000000000000 0.004977700000 0.000000000000 0.004376200000 0.002300500000 0.311380000000 0.000000000000 0.000000000000 0.000000000000 0.000000000000 0.000000000000 0.000000000000 0.000000000000 0.005279600000 0.000000000000 0.000000000000 0.000000000000 0.001825600000 0.000000000263 0.021550000000 0.046983000000 0.644360000000 0.000000000000 0.000002653400 0.000001242000 0.072617000000 0.005068500000 0.166960000000 0.289080000000 0.898440000000 0.038608000000 0.461830000000 0.666710000000 0.976890000000 0.895110000000 0.994120000000 0.996350000000 0.996000000000 0.000000000000 0.000000000000 0.000000000000 0.000000000000 0.000000000000 0.000000000000 0.000000000000 0.000000000014 0.000000000000 0.000000000000 0.000000000000 0.000000000502 0.000000000000 0.000000000401 0.000000282050 0.038586000000 0.000000000000 0.000000000000 0.000000000000 0.000000038366 0.000000000000 0.000000477860 0.000006754400 0.087427000000 0.000000000000 0.000009370500 0.003091600000 0.226540000000 0.028987000000 0.377060000000 0.571700000000 0.964580000000 0.000000000000 0.000000000000 0.000000000000 0.009216100000 0.000000000008 0.017591000000 0.006083500000 0.416320000000 0.000000015653 0.052484000000 0.120610000000 0.700470000000 0.309250000000 0.854110000000 0.926870000000 0.995170000000 0.013085000000 0.285440000000 0.461580000000 0.913110000000 0.726650000000 0.986870000000 0.991770000000 0.995710000000 0.891420000000 0.991900000000 0.993070000000 0.996070000000 0.994090000000 0.996260000000 0.996160000000 0.996080000000 0.000000000000 0.000212530000 0.002655100000 0.215530000000 0.032350000000 0.390980000000 0.607380000000 0.954570000000 0.158440000000 0.707370000000 0.863890000000 0.988800000000 0.956510000000 0.996500000000 0.996220000000 0.995900000000 0.545420000000 0.962520000000 0.979220000000 0.996300000000 0.990790000000 0.996540000000 0.996590000000 0.996140000000 0.983710000000 0.996560000000 0.995900000000 0.996110000000 0.995620000000 0.996090000000 0.996280000000 0.996040000000 0.832320000000 0.993420000000 0.995320000000 0.995470000000 0.993740000000 0.996310000000 0.996690000000 0.996160000000 0.996030000000 0.996670000000 0.995930000000 0.995980000000 0.996340000000 0.996100000000 0.996190000000 0.996110000000 0.997260000000 0.995800000000 0.996070000000 0.995960000000 0.995740000000 0.996220000000 0.995970000000 0.996030000000 0.996110000000 0.996050000000 0.996000000000 0.996160000000 0.996140000000 0.996070000000 0.996070000000 0.996070000000 0.000000000000 0.000000000000 0.000000000000 0.000000011741 0.000000000000 0.000000381000 0.000000036409 0.105500000000 0.000000000000 0.001084700000 0.007801400000 0.256800000000 0.030781000000 0.431630000000 0.627900000000 0.976520000000 0.000000000001 0.061439000000 0.100260000000 0.648660000000 0.263750000000 0.799900000000 0.887440000000 0.994580000000 0.589790000000 0.966230000000 0.976570000000 0.996040000000 0.987900000000 0.995830000000 0.995390000000 0.996060000000 0.056355000000 0.504940000000 0.694110000000 0.984360000000 0.872560000000 0.990650000000 0.996060000000 0.995980000000 0.945900000000 0.996730000000 0.995710000000 0.996130000000 0.994250000000 0.995990000000 0.996080000000 0.995970000000 0.987960000000 0.995920000000 0.997030000000 0.996630000000 0.994220000000 0.995880000000 0.996090000000 0.996210000000 0.997330000000 0.996080000000 0.995970000000 0.996080000000 0.996460000000 0.996010000000 0.996170000000 0.996140000000 0.558550000000 0.947840000000 0.977340000000 0.996780000000 0.991710000000 0.996170000000 0.995090000000 0.996430000000 0.985580000000 0.996510000000 0.995870000000 0.996330000000 0.996140000000 0.995730000000 0.995630000000 0.996130000000 0.994010000000 0.996950000000 0.996100000000 0.995580000000 0.995720000000 0.996110000000 0.996090000000 0.996100000000 0.995480000000 0.996050000000 0.996450000000 0.996240000000 0.996270000000 0.996050000000 0.996130000000 0.996100000000 0.993650000000 0.997320000000 0.997390000000 0.996260000000 0.993820000000 0.995860000000 0.996300000000 0.996160000000 0.997140000000 0.996400000000 0.995990000000 0.996230000000 0.996030000000 0.996190000000 0.996120000000 0.996130000000 0.996440000000 0.996340000000 0.995930000000 0.995990000000 0.995840000000 0.996110000000 0.996030000000 0.996060000000 0.996490000000 0.996100000000 0.995940000000 0.996100000000 0.996040000000 0.996090000000 0.996070000000 0.996090000000 0.762430000000 0.994380000000 0.995750000000 0.996680000000 0.991880000000 0.995100000000 0.996960000000 0.996290000000 0.990120000000 0.996910000000 0.996330000000 0.996260000000 0.994630000000 0.995830000000 0.996310000000 0.996110000000 0.996310000000 0.995950000000 0.997660000000 0.995940000000 0.996830000000 0.996240000000 0.996160000000 0.996090000000 0.995870000000 0.996110000000 0.995730000000 0.996160000000 0.996020000000 0.996090000000 0.996160000000 0.996110000000 0.993170000000 0.994430000000 0.996790000000 0.994970000000 0.997790000000 0.995800000000 0.996120000000 0.996060000000 0.996980000000 0.996190000000 0.996420000000 0.996090000000 0.995680000000 0.996110000000 0.996100000000 0.996110000000 0.996740000000 0.996200000000 0.996170000000 0.995980000000 0.996500000000 0.996050000000 0.996130000000 0.996130000000 0.995940000000 0.996160000000 0.996220000000 0.996140000000 0.996170000000 0.996060000000 0.996150000000 0.996100000000 0.997900000000 0.996400000000 0.996010000000 0.995920000000 0.996430000000 0.995980000000 0.996460000000 0.996210000000 0.995530000000 0.996270000000 0.995640000000 0.995870000000 0.996250000000 0.995960000000 0.996110000000 0.996110000000 0.996130000000 0.996600000000 0.995990000000 0.996220000000 0.996240000000 0.996000000000 0.996130000000 0.996150000000 0.996180000000 0.996170000000 0.996130000000 0.996030000000 0.996040000000 0.996150000000 0.996040000000 0.996100000000 0.996870000000 0.996260000000 0.995930000000 0.996070000000 0.996060000000 0.996100000000 0.996050000000 0.996120000000 0.995890000000 0.996070000000 0.996120000000 0.996100000000 0.996110000000 0.996060000000 0.996090000000 0.996100000000 0.996240000000 0.996100000000 0.996050000000 0.996040000000 0.996120000000 0.996110000000 0.996130000000 0.996090000000 0.996150000000 0.996070000000 0.996120000000 0.996080000000 0.996070000000 0.996090000000 0.996080000000 0.996090000000 

N_obs: 200

File Format:
1- most to least reliable channels (taken entropies)
2- most to least reliable channels (taken error probabilities)
3- channels entropies (flipped)
4- channels error probabilities (flipped)
5- number of MontCarlo simulations
