511 510 509 508 507 506 505 504 503 502 501 500 499 498 497 496 495 494 493 492 491 490 489 488 487 486 485 484 483 482 481 480 479 478 477 476 475 474 473 472 471 470 469 468 467 466 465 464 463 462 461 460 459 458 457 456 455 454 453 452 451 450 449 447 446 445 444 443 442 441 440 439 438 437 436 435 434 433 432 431 430 429 428 427 426 425 424 423 422 421 420 419 418 417 415 414 413 412 411 410 409 408 407 406 405 404 403 402 401 399 398 397 396 395 394 393 391 390 389 387 383 382 381 380 379 378 377 376 375 374 373 372 371 370 369 368 367 366 365 364 363 362 361 360 359 358 357 356 355 354 353 351 350 349 348 347 346 345 344 343 342 341 340 339 338 337 335 334 333 332 331 330 329 327 326 325 323 319 318 317 316 315 314 313 312 311 310 309 308 307 306 305 303 302 301 300 299 298 297 295 294 293 291 287 286 285 284 283 282 281 279 278 277 275 271 255 254 253 252 251 250 249 248 247 246 245 244 243 242 241 240 239 238 237 236 235 234 233 232 231 230 229 228 227 226 225 223 222 221 220 219 218 217 216 215 214 213 212 211 210 209 207 206 205 204 203 199 191 190 189 188 187 186 185 183 182 181 179 175 174 173 171 167 159 158 157 155 151 143 127 126 125 124 123 122 121 119 118 117 115 111 110 109 107 95 202 198 63 184 201 197 270 177 269 178 195 170 180 103 448 416 267 169 172 400 166 392 165 93 352 94 388 156 336 385 328 163 304 321 150 154 324 386 116 322 153 292 296 91 263 290 120 149 147 280 114 208 276 113 224 289 196 200 142 106 268 108 274 87 105 273 176 194 266 102 168 62 141 101 92 265 193 164 61 162 152 384 90 79 139 59 262 99 161 320 89 148 261 288 86 112 146 135 55 85 272 104 145 60 140 259 100 192 83 264 78 47 138 58 77 98 31 88 57 137 160 260 75 54 97 134 84 53 71 51 133 144 258 46 45 43 82 39 131 29 30 27 81 23 257 15 76 56 136 74 73 96 70 69 52 67 50 132 49 44 42 41 38 37 130 35 28 26 129 22 25 21 19 80 14 256 13 11 7 72 68 66 65 48 40 36 34 20 18 24 33 17 12 128 10 9 6 5 3 64 16 32 8 4 2 1 0 

511 510 509 508 507 506 505 504 503 502 501 500 499 498 497 496 495 494 493 492 491 490 489 488 487 486 485 484 483 482 481 480 479 478 477 476 475 474 473 472 471 470 469 468 467 466 465 464 463 462 461 460 459 458 457 456 455 454 453 452 451 450 449 447 446 445 444 443 442 441 440 439 438 437 436 435 434 433 432 431 430 429 428 427 426 425 424 423 422 421 420 419 418 417 415 414 413 412 411 410 409 408 407 406 405 404 403 402 401 399 398 397 396 395 394 393 391 390 389 387 383 382 381 380 379 378 377 376 375 374 373 372 371 370 369 368 367 366 365 364 363 362 361 360 359 358 357 356 355 354 353 351 350 349 348 347 346 345 344 343 342 341 340 339 338 337 335 334 333 332 331 330 329 327 326 325 323 319 318 317 316 315 314 313 312 311 310 309 308 307 306 305 303 302 301 300 299 298 297 295 294 293 291 287 286 285 284 283 282 281 279 278 277 275 271 255 254 253 252 251 250 249 248 247 246 245 244 243 242 241 240 239 238 237 236 235 234 233 232 231 230 229 228 227 226 225 223 222 221 220 219 218 217 216 215 214 213 212 211 210 209 207 206 205 204 203 199 191 190 189 188 187 186 185 183 182 181 179 175 174 173 171 167 159 158 157 155 151 143 127 126 125 124 123 122 121 119 118 117 115 111 110 109 107 95 202 198 63 184 201 197 270 177 269 178 195 170 180 103 448 416 267 169 172 400 166 392 165 93 352 94 388 156 336 385 328 163 304 321 154 150 324 386 116 322 153 292 296 91 263 290 120 149 280 208 114 276 113 224 289 196 200 142 268 106 108 274 87 194 266 176 168 273 147 102 105 62 141 193 265 101 61 92 164 162 152 384 79 90 262 139 161 320 99 59 261 89 148 86 288 146 112 135 272 85 145 104 55 259 140 60 100 264 192 138 83 78 58 98 88 137 160 77 260 47 57 97 134 84 54 75 144 258 133 31 53 82 257 71 81 131 76 51 136 46 56 96 45 74 43 73 52 132 39 30 27 256 29 69 80 15 50 67 49 130 21 42 13 70 129 37 68 26 7 25 72 32 9 11 34 20 64 35 4 2 17 128 6 8 0 12 48 1 65 16 3 28 10 36 38 5 66 41 33 18 44 24 40 14 22 19 23 

0.000000000000 0.000000000000 0.000000000000 0.000000000000 0.000000000000 0.000000000000 0.000000000000 0.000000000000 0.000000000000 0.000000000000 0.000000000000 0.000000000000 0.000000000000 0.000000000000 0.000000000000 0.000000000000 0.000000000000 0.000000000000 0.000000000000 0.000000000000 0.000000000000 0.000000000000 0.000000000000 0.000000000000 0.000000000000 0.000000000000 0.000000000000 0.000000000000 0.000000000000 0.000000000000 0.000000000000 0.000000000000 0.000000000000 0.000000000000 0.000000000000 0.000000000000 0.000000000000 0.000000000000 0.000000000000 0.000000000000 0.000000000000 0.000000000000 0.000000000000 0.000000000000 0.000000000000 0.000000000000 0.000000000000 0.000000000000 0.000000000000 0.000000000000 0.000000000000 0.000000000000 0.000000000000 0.000000000000 0.000000000000 0.000000000000 0.000000000000 0.000000000000 0.000000000000 0.000000000000 0.000000000000 0.000000000000 0.000000000000 0.000000000000 0.000000000000 0.000000000000 0.000000000000 0.000000000000 0.000000000000 0.000000000000 0.000000000000 0.000000000000 0.000000000000 0.000000000000 0.000000000000 0.000000000000 0.000000000000 0.000000000000 0.000000000000 0.000000000000 0.000000000000 0.000000000000 0.000000000000 0.000000000000 0.000000000000 0.000000000000 0.000000000000 0.000000000000 0.000000000000 0.000000000000 0.000000000000 0.000000000000 0.000000000000 0.000000000000 0.000000000000 0.000000000000 0.000000000000 0.000000000000 0.000000000000 0.000000000000 0.000000000000 0.000000000000 0.000000000000 0.000000000000 0.000000000000 0.000000000000 0.000000000000 0.000000000000 0.000000000000 0.000000000000 0.000000000000 0.000000000001 0.000000000000 0.000000000000 0.000000000000 0.000000000000 0.000000000000 0.000000000000 0.000000000000 0.000000000002 0.000000000000 0.000000000000 0.000000000000 0.000000000010 0.000000000000 0.000000002974 0.000000000142 0.003602300000 0.000000000000 0.000000000000 0.000000000000 0.000000000000 0.000000000000 0.000000000000 0.000000000000 0.000000000000 0.000000000000 0.000000000000 0.000000000000 0.000000000000 0.000000000000 0.000000000000 0.000000000000 0.000000000000 0.000000000000 0.000000000000 0.000000000000 0.000000000000 0.000000000000 0.000000000000 0.000000000000 0.000000000000 0.000000000000 0.000000000000 0.000000000000 0.000000000000 0.000000000000 0.000000000000 0.000000000000 0.000000000008 0.000000000000 0.000000000000 0.000000000000 0.000000000000 0.000000000000 0.000000000000 0.000000000000 0.000000000000 0.000000000000 0.000000000000 0.000000000000 0.000000000000 0.000000000000 0.000000000000 0.000000000000 0.000000000030 0.000000000000 0.000000000000 0.000000000000 0.000000000000 0.000000000000 0.000000000000 0.000000000000 0.000000000168 0.000000000000 0.000000000000 0.000000000000 0.000000002692 0.000000000000 0.000000004532 0.000000001391 0.007541600000 0.000000000000 0.000000000000 0.000000000000 0.000000000000 0.000000000000 0.000000000000 0.000000000000 0.000000000000 0.000000000000 0.000000000000 0.000000000000 0.000000000000 0.000000000000 0.000000000000 0.000000000000 0.000000000417 0.000000000000 0.000000000000 0.000000000000 0.000000000000 0.000000000000 0.000000000000 0.000000000000 0.000000063374 0.000000000000 0.000000000000 0.000000000000 0.000000058586 0.000000000000 0.000000385660 0.000021839000 0.016550000000 0.000000000000 0.000000000000 0.000000000000 0.000000000000 0.000000000000 0.000000000000 0.000000000000 0.000007237900 0.000000000000 0.000000000000 0.000000000000 0.000010982000 0.000000000000 0.000151670000 0.000192300000 0.039880000000 0.000000000000 0.000000000000 0.000000000000 0.000089106000 0.000000000000 0.000364640000 0.000825920000 0.110730000000 0.000000098888 0.005711800000 0.012225000000 0.265890000000 0.066635000000 0.449400000000 0.581870000000 0.911780000000 0.000000000000 0.000000000000 0.000000000000 0.000000000000 0.000000000000 0.000000000000 0.000000000000 0.000000000000 0.000000000000 0.000000000000 0.000000000000 0.000000000000 0.000000000000 0.000000000000 0.000000000000 0.000000000000 0.000000000000 0.000000000000 0.000000000000 0.000000000000 0.000000000000 0.000000000000 0.000000000000 0.000000000000 0.000000000000 0.000000000000 0.000000000000 0.000000000000 0.000000000000 0.000000000000 0.000000000000 0.000015613000 0.000000000000 0.000000000000 0.000000000000 0.000000000000 0.000000000000 0.000000000000 0.000000000000 0.000000000000 0.000000000000 0.000000000000 0.000000000000 0.000000000000 0.000000000000 0.000000000000 0.000000000000 0.000008193500 0.000000000000 0.000000000000 0.000000000000 0.000000000000 0.000000000000 0.000000000000 0.000000000000 0.000041238000 0.000000000000 0.000000000000 0.000000000000 0.000030730000 0.000000000000 0.000301060000 0.000953400000 0.103070000000 0.000000000000 0.000000000000 0.000000000000 0.000000000000 0.000000000000 0.000000000000 0.000000000000 0.000000000000 0.000000000000 0.000000000000 0.000000000000 0.000000000000 0.000000000000 0.000000000000 0.000000000000 0.000291010000 0.000000000000 0.000000000000 0.000000000000 0.000000000001 0.000000000000 0.000000000000 0.000000000001 0.000466680000 0.000000000000 0.000000000001 0.000000000004 0.001377700000 0.000000000281 0.002632200000 0.007421100000 0.228110000000 0.000000000000 0.000000000000 0.000000000000 0.000000000018 0.000000000000 0.000000001804 0.000000032746 0.003562400000 0.000000000000 0.000000001801 0.000000620420 0.010689000000 0.000003859600 0.024622000000 0.048895000000 0.440820000000 0.000000000000 0.000070125000 0.000643860000 0.064622000000 0.004580500000 0.128820000000 0.213760000000 0.697730000000 0.033587000000 0.312400000000 0.429790000000 0.833940000000 0.527490000000 0.878480000000 0.893520000000 0.985100000000 0.000000000000 0.000000000000 0.000000000000 0.000000000000 0.000000000000 0.000000000000 0.000000000000 0.000000433180 0.000000000000 0.000000000000 0.000000000000 0.000000004066 0.000000000000 0.000008166900 0.000013771000 0.021900000000 0.000000000000 0.000000000000 0.000000000000 0.000091854000 0.000000000000 0.000083818000 0.000185310000 0.043127000000 0.000000000000 0.000430290000 0.000772470000 0.089357000000 0.006592600000 0.185150000000 0.292180000000 0.759260000000 0.000000000000 0.000000000009 0.000000000007 0.000779070000 0.000000071271 0.003632400000 0.008759000000 0.193080000000 0.000154850000 0.016583000000 0.037103000000 0.352890000000 0.105910000000 0.502300000000 0.572860000000 0.908740000000 0.003808600000 0.113560000000 0.182930000000 0.604520000000 0.281600000000 0.713860000000 0.732290000000 0.952510000000 0.369460000000 0.768000000000 0.778730000000 0.958670000000 0.804600000000 0.965440000000 0.970520000000 0.996020000000 0.000000000000 0.000570040000 0.001553800000 0.063355000000 0.005437800000 0.132120000000 0.210640000000 0.648710000000 0.036748000000 0.289020000000 0.359160000000 0.780650000000 0.420720000000 0.819780000000 0.836470000000 0.974340000000 0.121780000000 0.457100000000 0.484790000000 0.857400000000 0.497650000000 0.859210000000 0.868000000000 0.977620000000 0.524320000000 0.871450000000 0.877710000000 0.977990000000 0.887660000000 0.980940000000 0.983070000000 0.997700000000 0.190680000000 0.548430000000 0.548240000000 0.888460000000 0.558440000000 0.890410000000 0.896780000000 0.983000000000 0.575770000000 0.894770000000 0.899090000000 0.981550000000 0.904270000000 0.982820000000 0.984330000000 0.997610000000 0.602480000000 0.908760000000 0.914580000000 0.984470000000 0.921030000000 0.985760000000 0.986360000000 0.997800000000 0.933480000000 0.989380000000 0.989790000000 0.998220000000 0.991370000000 0.998740000000 0.998930000000 0.999870000000 

0.000000000000 0.000000000000 0.000000000000 0.000000000000 0.000000000000 0.000000000000 0.000000000000 0.000000000000 0.000000000000 0.000000000000 0.000000000000 0.000000000000 0.000000000000 0.000000000000 0.000000000000 0.000000000000 0.000000000000 0.000000000000 0.000000000000 0.000000000000 0.000000000000 0.000000000000 0.000000000000 0.000000000000 0.000000000000 0.000000000000 0.000000000000 0.000000000000 0.000000000000 0.000000000000 0.000000000000 0.000000000000 0.000000000000 0.000000000000 0.000000000000 0.000000000000 0.000000000000 0.000000000000 0.000000000000 0.000000000000 0.000000000000 0.000000000000 0.000000000000 0.000000000000 0.000000000000 0.000000000000 0.000000000000 0.000000000000 0.000000000000 0.000000000000 0.000000000000 0.000000000000 0.000000000000 0.000000000000 0.000000000000 0.000000000000 0.000000000000 0.000000000000 0.000000000000 0.000000000000 0.000000000000 0.000000000000 0.000000000000 0.000000000000 0.000000000000 0.000000000000 0.000000000000 0.000000000000 0.000000000000 0.000000000000 0.000000000000 0.000000000000 0.000000000000 0.000000000000 0.000000000000 0.000000000000 0.000000000000 0.000000000000 0.000000000000 0.000000000000 0.000000000000 0.000000000000 0.000000000000 0.000000000000 0.000000000000 0.000000000000 0.000000000000 0.000000000000 0.000000000000 0.000000000000 0.000000000000 0.000000000000 0.000000000000 0.000000000000 0.000000000000 0.000000000000 0.000000000000 0.000000000000 0.000000000000 0.000000000000 0.000000000000 0.000000000000 0.000000000000 0.000000000000 0.000000000000 0.000000000000 0.000000000000 0.000000000000 0.000000000000 0.000000000000 0.000000000000 0.000000000000 0.000000000000 0.000000000000 0.000000000000 0.000000000000 0.000000000000 0.000000000000 0.000000000000 0.000000000000 0.000000000000 0.000000000000 0.000000000000 0.000000000002 0.000000000000 0.000000001105 0.000000000041 0.009781100000 0.000000000000 0.000000000000 0.000000000000 0.000000000000 0.000000000000 0.000000000000 0.000000000000 0.000000000000 0.000000000000 0.000000000000 0.000000000000 0.000000000000 0.000000000000 0.000000000000 0.000000000000 0.000000000000 0.000000000000 0.000000000000 0.000000000000 0.000000000000 0.000000000000 0.000000000000 0.000000000000 0.000000000000 0.000000000000 0.000000000000 0.000000000000 0.000000000000 0.000000000000 0.000000000000 0.000000000000 0.000000000002 0.000000000000 0.000000000000 0.000000000000 0.000000000000 0.000000000000 0.000000000000 0.000000000000 0.000000000000 0.000000000000 0.000000000000 0.000000000000 0.000000000000 0.000000000000 0.000000000000 0.000000000000 0.000000000008 0.000000000000 0.000000000000 0.000000000000 0.000000000000 0.000000000000 0.000000000000 0.000000000000 0.000000000048 0.000000000000 0.000000000000 0.000000000000 0.000000000937 0.000000000000 0.000000001737 0.000000000430 0.018871000000 0.000000000000 0.000000000000 0.000000000000 0.000000000000 0.000000000000 0.000000000000 0.000000000000 0.000000000000 0.000000000000 0.000000000000 0.000000000000 0.000000000000 0.000000000000 0.000000000000 0.000000000000 0.000000000127 0.000000000000 0.000000000000 0.000000000000 0.000000000000 0.000000000000 0.000000000000 0.000000000000 0.000000028029 0.000000000000 0.000000000000 0.000000000000 0.000000025191 0.000000000000 0.000000218560 0.000024862000 0.048037000000 0.000000000000 0.000000000000 0.000000000000 0.000000000000 0.000000000000 0.000000000000 0.000000000000 0.000005809900 0.000000000000 0.000000000000 0.000000000000 0.000008842600 0.000000000000 0.000201930000 0.000645980000 0.104060000000 0.000000000000 0.000000000000 0.000000000000 0.000121320000 0.000000000000 0.000534310000 0.002278800000 0.245000000000 0.000000050242 0.014904000000 0.027922000000 0.496850000000 0.156350000000 0.740810000000 0.881560000000 0.994430000000 0.000000000000 0.000000000000 0.000000000000 0.000000000000 0.000000000000 0.000000000000 0.000000000000 0.000000000000 0.000000000000 0.000000000000 0.000000000000 0.000000000000 0.000000000000 0.000000000000 0.000000000000 0.000000000000 0.000000000000 0.000000000000 0.000000000000 0.000000000000 0.000000000000 0.000000000000 0.000000000000 0.000000000000 0.000000000000 0.000000000000 0.000000000000 0.000000000000 0.000000000000 0.000000000000 0.000000000000 0.000014815000 0.000000000000 0.000000000000 0.000000000000 0.000000000000 0.000000000000 0.000000000000 0.000000000000 0.000000000000 0.000000000000 0.000000000000 0.000000000000 0.000000000000 0.000000000000 0.000000000000 0.000000000000 0.000007009700 0.000000000000 0.000000000000 0.000000000000 0.000000000000 0.000000000000 0.000000000000 0.000000000000 0.000054106000 0.000000000000 0.000000000000 0.000000000000 0.000030916000 0.000000000000 0.000494030000 0.002207200000 0.246700000000 0.000000000000 0.000000000000 0.000000000000 0.000000000000 0.000000000000 0.000000000000 0.000000000000 0.000000000000 0.000000000000 0.000000000000 0.000000000000 0.000000000000 0.000000000000 0.000000000000 0.000000000000 0.000543050000 0.000000000000 0.000000000000 0.000000000000 0.000000000000 0.000000000000 0.000000000000 0.000000000000 0.000565100000 0.000000000000 0.000000000000 0.000000000001 0.005516800000 0.000000000088 0.005838000000 0.017493000000 0.470510000000 0.000000000000 0.000000000000 0.000000000000 0.000000000005 0.000000000000 0.000000000596 0.000000014373 0.009495200000 0.000000000000 0.000000000609 0.000000379960 0.030066000000 0.001000700000 0.061963000000 0.115930000000 0.740390000000 0.000000000000 0.000076038000 0.001861500000 0.171620000000 0.015883000000 0.290180000000 0.448130000000 0.936120000000 0.102250000000 0.638580000000 0.799440000000 0.990680000000 0.929150000000 0.995570000000 0.995800000000 0.996090000000 0.000000000000 0.000000000000 0.000000000000 0.000000000000 0.000000000000 0.000000000000 0.000000000000 0.000000243250 0.000000000000 0.000000000000 0.000000000000 0.000000001338 0.000000000000 0.000007206300 0.000011592000 0.062750000000 0.000000000000 0.000000000000 0.000000000000 0.000183610000 0.000000000000 0.000155220000 0.001057300000 0.120770000000 0.000000000000 0.001037600000 0.003388100000 0.230710000000 0.020533000000 0.421930000000 0.605320000000 0.966540000000 0.000000000000 0.000000000002 0.000000000002 0.005132000000 0.000000032954 0.014317000000 0.028260000000 0.429490000000 0.000288180000 0.047794000000 0.107760000000 0.677680000000 0.304920000000 0.853670000000 0.928140000000 0.995180000000 0.013397000000 0.324770000000 0.484680000000 0.930940000000 0.715030000000 0.981710000000 0.986490000000 0.995980000000 0.894570000000 0.995790000000 0.994650000000 0.995900000000 0.995520000000 0.996130000000 0.996100000000 0.996070000000 0.000000000000 0.001066800000 0.005120100000 0.210620000000 0.024096000000 0.364720000000 0.542280000000 0.944810000000 0.139340000000 0.695040000000 0.834480000000 0.990190000000 0.931620000000 0.995440000000 0.995530000000 0.996090000000 0.532110000000 0.942030000000 0.973380000000 0.996150000000 0.981780000000 0.995680000000 0.996130000000 0.996160000000 0.990750000000 0.996120000000 0.995880000000 0.996120000000 0.996070000000 0.996070000000 0.996140000000 0.996030000000 0.810820000000 0.991610000000 0.994590000000 0.996110000000 0.993330000000 0.995910000000 0.995940000000 0.996160000000 0.996430000000 0.996180000000 0.995590000000 0.996070000000 0.996410000000 0.996140000000 0.996090000000 0.996100000000 0.995190000000 0.996170000000 0.995730000000 0.996090000000 0.996060000000 0.996110000000 0.996050000000 0.996090000000 0.995940000000 0.996090000000 0.996130000000 0.996080000000 0.996100000000 0.996090000000 0.996100000000 0.996090000000 

N_obs: 1000

File Format:
1- most to least reliable channels (taken entropies)
2- most to least reliable channels (taken error probabilities)
3- channels entropies (flipped)
4- channels error probabilities (flipped)
5- number of MontCarlo simulations
