511 510 509 508 507 506 505 504 503 502 501 500 499 498 497 496 495 494 493 492 491 490 489 488 487 486 485 484 483 482 481 479 478 477 476 475 474 473 472 471 470 469 468 467 466 465 463 462 461 460 459 455 447 446 445 444 443 442 441 439 438 437 435 431 430 429 427 423 415 414 413 411 383 382 381 380 379 378 377 375 374 373 371 367 351 255 254 457 458 251 253 453 407 434 365 433 428 454 440 426 363 366 425 436 422 421 399 451 419 319 409 349 372 410 350 412 247 376 347 456 480 359 464 452 405 370 364 450 406 369 252 432 449 424 420 250 362 398 403 239 343 361 418 397 249 417 246 318 348 408 358 317 245 357 395 404 223 346 335 243 402 368 345 238 355 315 191 127 248 391 448 342 237 401 360 311 396 235 341 303 287 244 231 222 316 221 219 356 175 394 215 183 159 207 190 339 416 125 189 126 334 95 123 187 119 63 111 242 314 333 393 241 313 331 344 327 354 236 310 390 309 353 307 299 301 389 234 233 295 302 283 286 285 230 279 400 229 387 271 340 227 205 220 218 217 213 206 214 211 182 203 157 186 171 158 167 173 174 155 188 185 179 121 199 151 181 122 118 87 117 115 143 79 94 109 338 93 107 103 110 91 124 62 61 337 59 55 47 31 332 392 330 240 312 329 326 325 323 308 306 298 352 300 297 305 388 294 282 293 277 232 281 284 291 275 278 386 228 270 269 226 267 385 204 225 202 170 212 210 216 169 263 156 201 166 172 165 154 209 153 180 83 147 85 178 150 86 163 149 198 108 101 114 102 89 105 90 106 116 92 197 141 177 78 75 99 142 120 57 77 139 60 58 184 113 71 43 51 195 53 54 39 45 336 46 135 30 27 29 23 15 328 324 322 321 296 276 292 304 274 280 290 273 268 289 265 266 84 164 168 152 262 148 82 200 100 146 140 261 145 384 74 81 73 88 224 196 162 76 137 41 208 138 104 52 42 50 44 259 56 98 161 70 49 37 69 97 38 176 35 67 194 134 28 112 26 133 25 21 193 19 22 131 13 14 11 7 320 272 264 288 260 72 36 40 80 144 136 68 132 20 34 48 258 24 33 66 18 96 160 17 257 65 130 12 10 192 9 129 6 5 3 16 32 64 8 256 4 128 2 1 0 

511 510 509 508 507 506 505 504 503 502 501 500 499 498 497 496 495 494 493 492 491 490 489 488 487 486 485 484 483 482 481 479 478 477 476 475 474 473 472 471 470 469 468 467 466 465 463 462 461 460 459 455 447 446 445 444 443 442 441 439 438 437 435 431 430 429 427 423 415 414 413 411 383 382 381 380 379 378 377 375 374 373 371 367 351 255 254 458 457 251 453 253 407 434 365 433 428 454 440 426 363 366 425 436 422 421 399 451 419 319 409 349 372 410 350 412 247 376 347 456 480 359 464 452 405 370 364 450 432 369 424 449 406 362 252 420 250 398 403 361 418 397 343 239 417 408 249 318 348 358 246 395 245 357 404 317 346 402 368 335 345 243 355 448 223 401 391 360 315 248 238 342 396 237 341 356 416 394 311 244 316 339 393 334 191 235 344 354 242 314 303 333 222 390 231 400 127 221 241 313 353 236 340 287 331 389 310 219 327 392 338 234 387 215 187 125 309 295 111 233 301 183 240 230 63 337 332 190 181 123 59 329 110 207 107 286 126 55 297 94 307 182 285 204 352 62 78 232 124 293 263 228 325 275 189 158 312 47 120 388 117 118 23 198 142 155 169 164 114 101 154 156 82 217 139 83 140 166 77 216 113 273 268 100 184 269 384 201 92 85 385 135 208 35 119 162 106 53 46 56 176 262 39 212 304 290 60 266 68 57 168 261 280 19 98 281 54 193 25 42 178 13 69 11 67 136 84 86 34 192 40 282 116 129 157 3 14 289 79 26 66 258 96 28 288 6 65 200 199 102 320 104 74 64 33 260 256 80 272 146 37 8 270 9 17 1 0 197 326 322 4 128 161 12 36 130 72 2 48 16 264 149 5 76 257 133 50 194 73 131 22 20 112 49 38 32 27 10 294 144 145 24 225 196 15 160 259 203 150 321 177 18 70 336 195 276 7 132 323 165 52 41 71 134 81 152 224 21 29 138 148 324 99 97 292 88 137 43 274 89 306 141 58 267 278 328 202 163 296 30 108 44 284 185 265 45 170 279 90 153 172 291 51 209 300 122 226 105 75 91 305 151 180 298 147 213 210 386 179 174 227 61 87 218 299 121 115 93 277 188 308 220 173 330 229 214 31 167 302 171 103 205 271 186 109 206 143 95 283 211 159 175 

0.000000000000 0.000000000000 0.000000000000 0.000000000000 0.000000000000 0.000000000000 0.000000000000 0.000000000000 0.000000000000 0.000000000000 0.000000000000 0.000000000000 0.000000000000 0.000000000000 0.000000000000 0.000000000000 0.000000000000 0.000000000000 0.000000000000 0.000000000000 0.000000000000 0.000000000000 0.000000000000 0.000000000000 0.000000000000 0.000000000000 0.000000000000 0.000000000000 0.000000000000 0.000000000000 0.000000000000 0.000006543400 0.000000000000 0.000000000000 0.000000000000 0.000000000000 0.000000000000 0.000000000000 0.000000000000 0.000000000000 0.000000000000 0.000000000000 0.000000000000 0.000000000000 0.000000000000 0.000000000000 0.000000000000 0.000009644300 0.000000000000 0.000000000000 0.000000000000 0.000000000000 0.000000000000 0.000000000000 0.000000000000 0.000005099000 0.000000000000 0.000000000000 0.000000000000 0.000027745000 0.000000000040 0.000490850000 0.001652200000 0.147170000000 0.000000000000 0.000000000000 0.000000000000 0.000000000000 0.000000000000 0.000000000000 0.000000000000 0.000000000000 0.000000000000 0.000000000000 0.000000000000 0.000000000003 0.000000000000 0.000000000000 0.000000000000 0.001100600000 0.000000000000 0.000000000000 0.000000000000 0.000000000000 0.000000000000 0.000000000000 0.000000000001 0.001792600000 0.000000000000 0.000000000004 0.000000000022 0.002434200000 0.000000000083 0.005872100000 0.011665000000 0.352400000000 0.000000000000 0.000000000000 0.000000000000 0.000001382100 0.000000000000 0.000000174150 0.000000008340 0.018682000000 0.000000000000 0.000490890000 0.000046782000 0.041281000000 0.003474400000 0.080266000000 0.173040000000 0.663510000000 0.000000000024 0.003370100000 0.009173600000 0.200090000000 0.034685000000 0.338600000000 0.454660000000 0.854900000000 0.146520000000 0.561130000000 0.617590000000 0.913960000000 0.678390000000 0.930820000000 0.942640000000 0.992380000000 0.000000000000 0.000000000000 0.000000000000 0.000000000000 0.000000000000 0.000000000000 0.000000000000 0.000003047800 0.000000000000 0.000000000000 0.000000000000 0.000000157960 0.000000000000 0.000110240000 0.000859360000 0.084868000000 0.000000000000 0.000000000000 0.000000000000 0.000223510000 0.000000000000 0.002969700000 0.005687800000 0.182000000000 0.000009354400 0.020074000000 0.034437000000 0.328320000000 0.110400000000 0.512900000000 0.585590000000 0.907480000000 0.000000000000 0.000000686340 0.000000027202 0.016481000000 0.000004742700 0.056232000000 0.106570000000 0.504940000000 0.005045600000 0.149160000000 0.235430000000 0.689470000000 0.348880000000 0.776380000000 0.790940000000 0.964850000000 0.057810000000 0.361730000000 0.425120000000 0.832850000000 0.491340000000 0.857840000000 0.863460000000 0.977690000000 0.506680000000 0.865560000000 0.874750000000 0.977720000000 0.885640000000 0.981430000000 0.984160000000 0.998030000000 0.000000002594 0.014143000000 0.024101000000 0.283000000000 0.110450000000 0.424530000000 0.486010000000 0.862150000000 0.185640000000 0.551780000000 0.579820000000 0.891270000000 0.594840000000 0.902350000000 0.910000000000 0.986450000000 0.238740000000 0.628580000000 0.611710000000 0.908320000000 0.609040000000 0.904160000000 0.909670000000 0.984220000000 0.626160000000 0.914520000000 0.922940000000 0.986110000000 0.926920000000 0.987720000000 0.989180000000 0.998450000000 0.248350000000 0.647620000000 0.650620000000 0.926410000000 0.641470000000 0.921370000000 0.925000000000 0.987330000000 0.657630000000 0.928510000000 0.923700000000 0.985770000000 0.928060000000 0.986990000000 0.988130000000 0.998190000000 0.681360000000 0.934990000000 0.935870000000 0.988720000000 0.942020000000 0.989810000000 0.989800000000 0.998230000000 0.950060000000 0.991810000000 0.992280000000 0.998680000000 0.993300000000 0.999020000000 0.999160000000 0.999900000000 0.000000000000 0.000000000000 0.000000000000 0.001081500000 0.000000000000 0.002598600000 0.009205400000 0.127320000000 0.000001534900 0.013961000000 0.025574000000 0.262810000000 0.077778000000 0.400540000000 0.459330000000 0.858500000000 0.004344800000 0.109730000000 0.163570000000 0.529510000000 0.213760000000 0.621240000000 0.622680000000 0.924920000000 0.281690000000 0.656350000000 0.664490000000 0.933410000000 0.696780000000 0.937860000000 0.947160000000 0.992580000000 0.055287000000 0.281720000000 0.323870000000 0.716520000000 0.326970000000 0.723240000000 0.728560000000 0.949620000000 0.342640000000 0.737490000000 0.733880000000 0.948400000000 0.739880000000 0.948540000000 0.951670000000 0.992900000000 0.345770000000 0.734780000000 0.714120000000 0.943350000000 0.744840000000 0.947730000000 0.950900000000 0.992030000000 0.763120000000 0.955600000000 0.957810000000 0.992630000000 0.962650000000 0.994160000000 0.994860000000 0.999340000000 0.120500000000 0.347350000000 0.359160000000 0.759130000000 0.366580000000 0.749530000000 0.761540000000 0.960290000000 0.343130000000 0.743810000000 0.767510000000 0.953410000000 0.761860000000 0.954590000000 0.958020000000 0.993760000000 0.335240000000 0.755440000000 0.753830000000 0.951200000000 0.751930000000 0.948140000000 0.949850000000 0.991590000000 0.753070000000 0.951030000000 0.951640000000 0.991460000000 0.955360000000 0.992700000000 0.993480000000 0.999130000000 0.343680000000 0.752280000000 0.749070000000 0.950360000000 0.758790000000 0.951670000000 0.953260000000 0.991760000000 0.764670000000 0.954610000000 0.955560000000 0.991960000000 0.954270000000 0.992080000000 0.992320000000 0.998810000000 0.774680000000 0.959520000000 0.957950000000 0.992150000000 0.960150000000 0.992910000000 0.992850000000 0.998820000000 0.964910000000 0.994230000000 0.994420000000 0.998980000000 0.995080000000 0.999230000000 0.999350000000 0.999910000000 0.123840000000 0.361690000000 0.352450000000 0.789050000000 0.365230000000 0.767540000000 0.761960000000 0.959780000000 0.370320000000 0.769860000000 0.771610000000 0.956910000000 0.773890000000 0.956220000000 0.961760000000 0.994370000000 0.375770000000 0.780980000000 0.776160000000 0.955870000000 0.777410000000 0.956810000000 0.956620000000 0.993040000000 0.778410000000 0.956510000000 0.955970000000 0.992030000000 0.959410000000 0.993420000000 0.993650000000 0.999110000000 0.364160000000 0.775780000000 0.777010000000 0.957010000000 0.782490000000 0.956800000000 0.956550000000 0.992520000000 0.770070000000 0.954700000000 0.954420000000 0.991380000000 0.953980000000 0.991970000000 0.992410000000 0.998810000000 0.775700000000 0.958630000000 0.960080000000 0.992720000000 0.958990000000 0.992400000000 0.992470000000 0.998730000000 0.962010000000 0.993480000000 0.993540000000 0.998820000000 0.994090000000 0.999070000000 0.999180000000 0.999890000000 0.372580000000 0.789540000000 0.789810000000 0.960220000000 0.799980000000 0.960240000000 0.959940000000 0.993310000000 0.803640000000 0.962810000000 0.962650000000 0.993080000000 0.962290000000 0.993210000000 0.993490000000 0.999010000000 0.805250000000 0.964890000000 0.964190000000 0.993220000000 0.962100000000 0.993120000000 0.992890000000 0.998790000000 0.963740000000 0.993660000000 0.993510000000 0.998790000000 0.993830000000 0.998990000000 0.999060000000 0.999870000000 0.827130000000 0.969350000000 0.969630000000 0.994340000000 0.969580000000 0.994380000000 0.994490000000 0.999030000000 0.971400000000 0.995060000000 0.994830000000 0.998980000000 0.994890000000 0.999090000000 0.999140000000 0.999870000000 0.975110000000 0.996060000000 0.996030000000 0.999260000000 0.996270000000 0.999330000000 0.999350000000 0.999890000000 0.996640000000 0.999480000000 0.999490000000 0.999910000000 0.999570000000 0.999940000000 0.999950000000 0.999990000000 

0.000000000000 0.000000000000 0.000000000000 0.000000000000 0.000000000000 0.000000000000 0.000000000000 0.000000000000 0.000000000000 0.000000000000 0.000000000000 0.000000000000 0.000000000000 0.000000000000 0.000000000000 0.000000000000 0.000000000000 0.000000000000 0.000000000000 0.000000000000 0.000000000000 0.000000000000 0.000000000000 0.000000000000 0.000000000000 0.000000000000 0.000000000000 0.000000000000 0.000000000000 0.000000000000 0.000000000000 0.000003965400 0.000000000000 0.000000000000 0.000000000000 0.000000000000 0.000000000000 0.000000000000 0.000000000000 0.000000000000 0.000000000000 0.000000000000 0.000000000000 0.000000000000 0.000000000000 0.000000000000 0.000000000000 0.000006899300 0.000000000000 0.000000000000 0.000000000000 0.000000000000 0.000000000000 0.000000000000 0.000000000000 0.000002668600 0.000000000000 0.000000000000 0.000000000000 0.000018067000 0.000000000010 0.000650010000 0.002636600000 0.328600000000 0.000000000000 0.000000000000 0.000000000000 0.000000000000 0.000000000000 0.000000000000 0.000000000000 0.000000000000 0.000000000000 0.000000000000 0.000000000000 0.000000000001 0.000000000000 0.000000000000 0.000000000000 0.001273200000 0.000000000000 0.000000000000 0.000000000000 0.000000000000 0.000000000000 0.000000000000 0.000000000000 0.002374700000 0.000000000000 0.000000000001 0.000000000005 0.008055700000 0.000000000021 0.012578000000 0.031726000000 0.611030000000 0.000000000000 0.000000000000 0.000000000000 0.000000699290 0.000000000000 0.000000074893 0.000000002577 0.037234000000 0.000000000000 0.003862600000 0.000036544000 0.104180000000 0.008590300000 0.180990000000 0.352630000000 0.907020000000 0.000000000006 0.008421900000 0.018266000000 0.424250000000 0.086193000000 0.647080000000 0.781120000000 0.986130000000 0.378250000000 0.903790000000 0.965980000000 0.995790000000 0.988470000000 0.996520000000 0.995980000000 0.995950000000 0.000000000000 0.000000000000 0.000000000000 0.000000000000 0.000000000000 0.000000000000 0.000000000000 0.000001614500 0.000000000000 0.000000000000 0.000000000000 0.000000060385 0.000000000000 0.000108330000 0.001683300000 0.224340000000 0.000000000000 0.000000000000 0.000000000000 0.000241750000 0.000000000000 0.006207900000 0.012081000000 0.387230000000 0.000006782200 0.052547000000 0.100390000000 0.602840000000 0.303820000000 0.849940000000 0.937920000000 0.995480000000 0.000000000000 0.000000323500 0.000000009890 0.049438000000 0.000002582400 0.170160000000 0.280620000000 0.830340000000 0.018443000000 0.415890000000 0.583640000000 0.952500000000 0.776740000000 0.987100000000 0.994070000000 0.996140000000 0.228640000000 0.785320000000 0.888030000000 0.994090000000 0.965960000000 0.996820000000 0.994900000000 0.996250000000 0.985650000000 0.996090000000 0.995670000000 0.996190000000 0.996160000000 0.996090000000 0.996140000000 0.996070000000 0.000000000858 0.048386000000 0.132220000000 0.697310000000 0.388330000000 0.860700000000 0.936380000000 0.995710000000 0.655180000000 0.971760000000 0.990290000000 0.996790000000 0.995430000000 0.996220000000 0.996440000000 0.996010000000 0.882350000000 0.996970000000 0.992660000000 0.996380000000 0.996680000000 0.996480000000 0.995340000000 0.996250000000 0.990450000000 0.996120000000 0.995570000000 0.996200000000 0.996370000000 0.996010000000 0.996060000000 0.996070000000 0.963970000000 0.995210000000 0.995470000000 0.996270000000 0.997520000000 0.996050000000 0.996030000000 0.996030000000 0.996310000000 0.996240000000 0.996740000000 0.996140000000 0.995670000000 0.996210000000 0.995940000000 0.996090000000 0.997110000000 0.996090000000 0.995950000000 0.995950000000 0.996240000000 0.996010000000 0.996270000000 0.996100000000 0.995630000000 0.996000000000 0.996030000000 0.996080000000 0.996130000000 0.996070000000 0.996110000000 0.996080000000 0.000000000000 0.000000000000 0.000000000000 0.007442600000 0.000000000000 0.008318200000 0.045074000000 0.394430000000 0.000000845560 0.064037000000 0.091497000000 0.665870000000 0.296510000000 0.854930000000 0.934910000000 0.993540000000 0.031129000000 0.407640000000 0.581400000000 0.937930000000 0.827820000000 0.988270000000 0.992270000000 0.995510000000 0.906090000000 0.993690000000 0.996830000000 0.995640000000 0.996600000000 0.996390000000 0.996130000000 0.996170000000 0.329970000000 0.891640000000 0.933800000000 0.996800000000 0.980650000000 0.996650000000 0.995910000000 0.995940000000 0.988650000000 0.996860000000 0.996490000000 0.996010000000 0.997950000000 0.996510000000 0.996380000000 0.995990000000 0.994980000000 0.997280000000 0.997090000000 0.995480000000 0.996130000000 0.996250000000 0.995960000000 0.996070000000 0.996070000000 0.995830000000 0.996090000000 0.996130000000 0.996140000000 0.996110000000 0.996030000000 0.996050000000 0.800540000000 0.994290000000 0.995680000000 0.996790000000 0.988790000000 0.997230000000 0.996270000000 0.995950000000 0.993410000000 0.995450000000 0.994310000000 0.996450000000 0.996540000000 0.996040000000 0.996140000000 0.996000000000 0.998830000000 0.996580000000 0.996810000000 0.996340000000 0.996980000000 0.996300000000 0.995870000000 0.996020000000 0.996940000000 0.995920000000 0.996160000000 0.995880000000 0.996250000000 0.995990000000 0.996090000000 0.996130000000 0.998340000000 0.995710000000 0.996050000000 0.995910000000 0.995860000000 0.995900000000 0.996320000000 0.996170000000 0.996450000000 0.996130000000 0.996110000000 0.996180000000 0.996480000000 0.996090000000 0.996120000000 0.996120000000 0.997350000000 0.995850000000 0.996230000000 0.995920000000 0.995920000000 0.996180000000 0.996210000000 0.996040000000 0.995980000000 0.996160000000 0.996110000000 0.996150000000 0.996110000000 0.996100000000 0.996050000000 0.996090000000 0.928630000000 0.995260000000 0.989950000000 0.995560000000 0.994710000000 0.996390000000 0.996680000000 0.995790000000 0.995990000000 0.995820000000 0.995800000000 0.996050000000 0.996710000000 0.995890000000 0.995940000000 0.996110000000 0.991890000000 0.994970000000 0.997270000000 0.996260000000 0.995180000000 0.995990000000 0.996390000000 0.996070000000 0.997040000000 0.996070000000 0.995890000000 0.995950000000 0.996200000000 0.996030000000 0.996200000000 0.996070000000 0.997490000000 0.995390000000 0.996740000000 0.995960000000 0.996440000000 0.996320000000 0.996220000000 0.996210000000 0.996630000000 0.996050000000 0.995960000000 0.996050000000 0.995920000000 0.995910000000 0.996170000000 0.996080000000 0.996060000000 0.995500000000 0.995930000000 0.996110000000 0.996410000000 0.996080000000 0.996110000000 0.996100000000 0.996160000000 0.996140000000 0.996040000000 0.996020000000 0.996040000000 0.996060000000 0.996070000000 0.996080000000 0.993760000000 0.995500000000 0.996600000000 0.996010000000 0.994890000000 0.996230000000 0.996020000000 0.996000000000 0.995290000000 0.996030000000 0.996000000000 0.996160000000 0.996380000000 0.996110000000 0.996110000000 0.996100000000 0.995770000000 0.996000000000 0.996290000000 0.996260000000 0.996210000000 0.996040000000 0.996160000000 0.996050000000 0.996010000000 0.996110000000 0.996090000000 0.996100000000 0.995990000000 0.996050000000 0.996080000000 0.996120000000 0.996930000000 0.996250000000 0.996170000000 0.996070000000 0.996120000000 0.996060000000 0.996030000000 0.996130000000 0.995820000000 0.996110000000 0.996170000000 0.996110000000 0.996030000000 0.996140000000 0.996090000000 0.996100000000 0.996130000000 0.996050000000 0.996040000000 0.996100000000 0.996040000000 0.996120000000 0.996090000000 0.996090000000 0.996150000000 0.996070000000 0.996110000000 0.996090000000 0.996050000000 0.996100000000 0.996090000000 0.996090000000 

N_obs: 200

File Format:
1- most to least reliable channels (taken entropies)
2- most to least reliable channels (taken error probabilities)
3- channels entropies (flipped)
4- channels error probabilities (flipped)
5- number of MontCarlo simulations
