511 510 509 508 507 506 505 503 502 501 499 495 494 493 491 487 479 478 477 447 475 471 504 500 498 497 490 492 486 489 463 485 445 446 483 476 474 443 383 473 470 469 496 439 488 467 462 444 484 461 442 382 482 431 472 441 381 255 481 459 468 438 379 415 437 127 466 455 375 191 319 223 239 251 253 351 247 254 367 63 435 465 430 460 95 287 380 159 429 111 123 119 125 31 399 427 423 175 303 440 335 207 407 126 411 311 183 378 315 414 187 215 458 413 231 343 377 189 317 359 219 235 347 237 371 363 221 190 480 243 318 79 47 373 365 349 245 222 457 143 271 374 238 246 350 15 249 366 250 59 55 61 436 252 454 62 451 453 103 151 87 391 295 279 167 327 199 434 91 115 433 93 157 155 283 285 286 107 94 158 71 39 419 23 263 135 117 403 395 109 307 121 7 179 464 110 171 203 299 211 331 118 122 428 339 29 227 425 397 421 355 398 27 30 173 301 205 422 426 124 333 405 206 302 185 174 181 409 334 313 309 406 213 182 310 229 341 410 217 186 233 314 357 345 51 214 412 361 369 230 342 99 75 188 43 83 139 147 218 241 163 387 291 275 358 267 323 195 316 234 376 346 220 370 362 57 67 236 19 35 131 242 11 348 259 372 3 364 244 46 45 77 78 270 141 456 142 269 449 53 248 13 58 14 60 113 54 89 105 153 101 281 85 417 393 149 452 401 389 165 293 177 277 297 197 305 201 209 169 325 450 329 337 225 353 102 92 86 25 390 150 49 284 156 294 278 432 166 97 37 69 81 41 73 198 21 137 145 114 133 161 289 273 265 326 261 193 385 321 90 116 154 33 65 17 9 5 129 257 106 282 1 108 120 418 28 420 424 396 394 402 172 300 404 178 204 170 306 298 180 210 332 202 330 70 308 22 38 134 184 408 262 312 212 338 6 226 228 354 340 232 356 216 344 360 368 240 26 56 448 52 76 44 50 140 268 112 98 104 88 100 152 74 82 280 42 146 84 138 162 392 290 148 274 386 416 400 164 296 292 168 266 388 200 194 176 276 196 322 304 328 208 324 336 224 352 12 24 48 34 66 72 36 18 40 80 68 96 136 20 10 144 130 132 272 264 160 288 258 260 384 192 320 32 16 8 2 64 4 128 256 0 

511 510 509 508 507 506 505 503 502 501 499 495 494 493 491 487 479 478 477 447 475 471 504 500 498 497 490 492 486 489 463 485 445 446 483 476 474 443 473 383 470 469 496 439 488 467 462 484 444 461 482 442 472 382 431 481 441 459 468 381 438 466 437 255 379 455 415 465 460 435 430 440 480 458 380 375 429 457 427 378 436 254 367 414 454 464 377 434 253 423 453 413 351 433 451 251 428 374 411 319 247 373 399 456 426 407 315 245 252 425 243 207 287 366 347 231 187 123 126 343 285 335 359 419 115 63 127 214 334 410 143 311 345 7 223 405 174 211 179 27 71 109 342 362 119 350 250 103 191 409 421 391 363 279 307 273 452 221 376 397 169 156 185 297 91 78 31 422 67 269 102 222 357 333 124 89 5 346 28 293 150 122 6 389 54 312 230 371 186 329 85 93 295 37 432 113 365 341 70 360 323 202 73 184 69 241 306 45 246 238 354 340 177 57 170 56 265 21 450 23 166 171 195 58 149 385 368 364 50 402 396 9 299 324 393 370 302 133 139 344 276 356 358 326 226 176 268 88 209 147 216 325 1 108 82 388 66 277 134 448 322 49 228 38 196 74 321 296 193 201 386 328 352 418 304 338 172 264 160 11 272 220 44 72 262 18 398 294 130 278 266 84 208 192 310 298 164 136 24 64 140 144 162 4 48 146 128 384 138 282 0 80 292 10 290 320 8 32 2 34 16 240 256 12 288 274 86 132 112 13 36 96 260 400 98 17 20 200 300 258 372 406 26 284 22 159 40 148 392 270 120 42 181 280 401 416 161 289 394 224 291 52 327 65 190 145 125 194 68 168 100 25 308 424 336 116 412 217 104 301 14 60 76 259 204 353 215 420 152 225 248 404 110 369 114 137 236 35 178 330 92 275 417 305 332 97 212 390 408 142 229 19 199 198 261 106 183 83 3 257 210 154 349 90 403 313 141 101 75 203 61 81 331 41 244 129 234 218 33 197 51 153 165 361 105 53 157 213 189 121 232 316 242 180 235 233 387 449 158 29 163 263 309 355 77 30 314 281 43 337 46 167 39 318 94 151 286 205 99 87 131 182 155 135 395 117 283 227 47 267 339 173 188 118 62 55 206 348 15 79 59 219 107 95 303 271 249 237 111 317 175 239 

0.000000000000 0.000000000000 0.000000000000 0.000000000000 0.000000000000 0.000000000000 0.000000000000 0.000000000015 0.000000000000 0.000000000000 0.000000000000 0.000000000024 0.000000000000 0.000000000537 0.000000000732 0.002167200000 0.000000000000 0.000000000000 0.000000000000 0.000000005550 0.000000000000 0.000000000804 0.000000049331 0.006541200000 0.000000000000 0.000000029497 0.000000082280 0.013919000000 0.000008625800 0.029044000000 0.067385000000 0.482750000000 0.000000000000 0.000000000000 0.000000000000 0.000024006000 0.000000000000 0.000154290000 0.000462980000 0.041654000000 0.000000000002 0.000693530000 0.001777000000 0.092811000000 0.008500800000 0.171790000000 0.267100000000 0.729810000000 0.000000063834 0.009896000000 0.023871000000 0.274830000000 0.074689000000 0.430930000000 0.499530000000 0.874590000000 0.177840000000 0.580170000000 0.606950000000 0.916370000000 0.597670000000 0.919880000000 0.883130000000 0.991310000000 0.000000000000 0.000000439470 0.000000339030 0.011196000000 0.000176720000 0.028212000000 0.055732000000 0.386410000000 0.002404100000 0.095280000000 0.162320000000 0.569330000000 0.251300000000 0.663260000000 0.672930000000 0.943460000000 0.034680000000 0.270750000000 0.332730000000 0.743770000000 0.375390000000 0.771510000000 0.749070000000 0.961090000000 0.378980000000 0.769330000000 0.751540000000 0.959770000000 0.705630000000 0.959470000000 0.914840000000 0.996030000000 0.127800000000 0.427910000000 0.432060000000 0.817660000000 0.414760000000 0.805970000000 0.782430000000 0.969770000000 0.411110000000 0.790930000000 0.774840000000 0.965510000000 0.718390000000 0.962910000000 0.916530000000 0.996050000000 0.371580000000 0.759410000000 0.749200000000 0.961520000000 0.720390000000 0.962230000000 0.915870000000 0.995800000000 0.634550000000 0.940950000000 0.916570000000 0.996220000000 0.832890000000 0.996010000000 0.946490000000 0.999710000000 0.000209940000 0.028825000000 0.058374000000 0.316650000000 0.112930000000 0.424240000000 0.445350000000 0.839170000000 0.192100000000 0.507270000000 0.492420000000 0.856330000000 0.474310000000 0.850270000000 0.823570000000 0.980590000000 0.221930000000 0.534860000000 0.496560000000 0.862470000000 0.475890000000 0.851660000000 0.818350000000 0.977710000000 0.450860000000 0.833580000000 0.812640000000 0.975530000000 0.752430000000 0.974180000000 0.926500000000 0.997600000000 0.219610000000 0.525590000000 0.496850000000 0.854830000000 0.471930000000 0.839320000000 0.813970000000 0.976700000000 0.441390000000 0.824930000000 0.804830000000 0.974270000000 0.744700000000 0.970760000000 0.922280000000 0.996930000000 0.388960000000 0.783380000000 0.774590000000 0.967500000000 0.738260000000 0.968690000000 0.920710000000 0.996470000000 0.640700000000 0.945940000000 0.919730000000 0.996560000000 0.834770000000 0.996440000000 0.946810000000 0.999720000000 0.197550000000 0.487770000000 0.450180000000 0.835920000000 0.427860000000 0.811790000000 0.783610000000 0.970110000000 0.415200000000 0.800410000000 0.784810000000 0.968850000000 0.726240000000 0.966430000000 0.918630000000 0.996460000000 0.384380000000 0.779820000000 0.766340000000 0.965280000000 0.732650000000 0.967010000000 0.918480000000 0.996100000000 0.636470000000 0.943010000000 0.917120000000 0.996130000000 0.833180000000 0.995870000000 0.945600000000 0.999650000000 0.316400000000 0.689300000000 0.688580000000 0.942300000000 0.684130000000 0.953570000000 0.909560000000 0.995150000000 0.637170000000 0.943300000000 0.918120000000 0.996330000000 0.833480000000 0.995880000000 0.945700000000 0.999630000000 0.501620000000 0.873390000000 0.877440000000 0.993520000000 0.834200000000 0.996200000000 0.945920000000 0.999630000000 0.710020000000 0.970090000000 0.946240000000 0.999690000000 0.856290000000 0.999680000000 0.952330000000 0.999980000000 0.059576000000 0.220750000000 0.219160000000 0.576090000000 0.212890000000 0.545190000000 0.533620000000 0.888100000000 0.220570000000 0.520570000000 0.498420000000 0.864480000000 0.486220000000 0.854570000000 0.831710000000 0.981960000000 0.206250000000 0.510500000000 0.472530000000 0.853290000000 0.460680000000 0.838100000000 0.811620000000 0.975500000000 0.437200000000 0.824850000000 0.803040000000 0.973540000000 0.745950000000 0.971880000000 0.924960000000 0.997470000000 0.200740000000 0.499460000000 0.477530000000 0.848080000000 0.455680000000 0.831490000000 0.807320000000 0.975570000000 0.429900000000 0.817420000000 0.794010000000 0.970480000000 0.737780000000 0.967490000000 0.919400000000 0.996510000000 0.389470000000 0.778030000000 0.768940000000 0.965690000000 0.730670000000 0.967590000000 0.918970000000 0.996230000000 0.642680000000 0.944900000000 0.918490000000 0.996430000000 0.835050000000 0.996300000000 0.946430000000 0.999720000000 0.196440000000 0.478180000000 0.447760000000 0.828710000000 0.428330000000 0.808920000000 0.780930000000 0.969750000000 0.417300000000 0.799270000000 0.782010000000 0.967020000000 0.728490000000 0.965680000000 0.917970000000 0.996320000000 0.380430000000 0.781060000000 0.763930000000 0.964570000000 0.730290000000 0.966410000000 0.919490000000 0.996190000000 0.637740000000 0.943780000000 0.917080000000 0.996100000000 0.831760000000 0.995570000000 0.945410000000 0.999640000000 0.322570000000 0.695030000000 0.679430000000 0.942320000000 0.680690000000 0.951060000000 0.907460000000 0.994790000000 0.625450000000 0.941090000000 0.916130000000 0.995880000000 0.831450000000 0.995370000000 0.945040000000 0.999560000000 0.500490000000 0.874870000000 0.874320000000 0.992730000000 0.830580000000 0.995510000000 0.944980000000 0.999550000000 0.710140000000 0.969610000000 0.945220000000 0.999620000000 0.854400000000 0.999600000000 0.952210000000 0.999970000000 0.162690000000 0.412230000000 0.365360000000 0.773070000000 0.348840000000 0.739810000000 0.727040000000 0.956260000000 0.358340000000 0.738330000000 0.715190000000 0.949640000000 0.671190000000 0.945200000000 0.902510000000 0.993850000000 0.339630000000 0.730140000000 0.721450000000 0.954650000000 0.690760000000 0.953420000000 0.907110000000 0.994270000000 0.609300000000 0.933630000000 0.908090000000 0.994770000000 0.825070000000 0.994200000000 0.943860000000 0.999520000000 0.316380000000 0.693980000000 0.674880000000 0.937920000000 0.671000000000 0.947120000000 0.905880000000 0.994540000000 0.626590000000 0.938560000000 0.913690000000 0.995500000000 0.829460000000 0.994920000000 0.944430000000 0.999510000000 0.488220000000 0.873280000000 0.872950000000 0.991940000000 0.828120000000 0.994860000000 0.944500000000 0.999480000000 0.703620000000 0.968800000000 0.944210000000 0.999510000000 0.853050000000 0.999470000000 0.951510000000 0.999960000000 0.250850000000 0.589360000000 0.567640000000 0.897880000000 0.545490000000 0.889690000000 0.852860000000 0.984860000000 0.546050000000 0.905430000000 0.887450000000 0.991330000000 0.814950000000 0.992240000000 0.942100000000 0.999350000000 0.489640000000 0.868600000000 0.871050000000 0.992030000000 0.828770000000 0.995180000000 0.944500000000 0.999500000000 0.705340000000 0.969200000000 0.944090000000 0.999490000000 0.853910000000 0.999450000000 0.951400000000 0.999950000000 0.367150000000 0.761420000000 0.745810000000 0.959510000000 0.759780000000 0.984700000000 0.940950000000 0.999320000000 0.708950000000 0.969190000000 0.944940000000 0.999550000000 0.853630000000 0.999500000000 0.951680000000 0.999950000000 0.530400000000 0.893870000000 0.889100000000 0.999170000000 0.854830000000 0.999560000000 0.951710000000 0.999960000000 0.727420000000 0.971570000000 0.952060000000 0.999970000000 0.859910000000 0.999960000000 0.953700000000 1.000000000000 

0.000000000000 0.000000000000 0.000000000000 0.000000000000 0.000000000000 0.000000000000 0.000000000000 0.000000000003 0.000000000000 0.000000000000 0.000000000000 0.000000000005 0.000000000000 0.000000000149 0.000000000204 0.004972300000 0.000000000000 0.000000000000 0.000000000000 0.000000001754 0.000000000000 0.000000000224 0.000000019617 0.015244000000 0.000000000000 0.000000009869 0.000000028147 0.032065000000 0.000005059800 0.070469000000 0.148600000000 0.754640000000 0.000000000000 0.000000000000 0.000000000000 0.000018866000 0.000000000000 0.000267770000 0.001159600000 0.099746000000 0.000000000000 0.003159600000 0.003746000000 0.201840000000 0.019052000000 0.359820000000 0.524180000000 0.942810000000 0.000000025593 0.029104000000 0.058985000000 0.546170000000 0.178790000000 0.760280000000 0.859800000000 0.988400000000 0.474940000000 0.927650000000 0.964700000000 0.991740000000 0.979630000000 0.992050000000 0.992640000000 0.992140000000 0.000000000000 0.000000199860 0.000000165820 0.036251000000 0.000292960000 0.073380000000 0.151330000000 0.710010000000 0.009761100000 0.262480000000 0.411490000000 0.909180000000 0.632750000000 0.958700000000 0.975240000000 0.991950000000 0.124660000000 0.670370000000 0.807800000000 0.982060000000 0.907180000000 0.988530000000 0.989410000000 0.992260000000 0.962110000000 0.991800000000 0.991620000000 0.992300000000 0.990520000000 0.992160000000 0.992340000000 0.992230000000 0.500760000000 0.927060000000 0.967420000000 0.992260000000 0.982920000000 0.991030000000 0.991620000000 0.992350000000 0.988970000000 0.992210000000 0.991300000000 0.992310000000 0.992420000000 0.992080000000 0.992230000000 0.992200000000 0.987920000000 0.992170000000 0.991760000000 0.992080000000 0.993010000000 0.992230000000 0.992090000000 0.992220000000 0.991630000000 0.992350000000 0.991910000000 0.992140000000 0.992630000000 0.992160000000 0.992070000000 0.992190000000 0.001969100000 0.124080000000 0.233230000000 0.778320000000 0.468690000000 0.908130000000 0.955960000000 0.991750000000 0.792340000000 0.982720000000 0.987390000000 0.992210000000 0.991920000000 0.992090000000 0.992320000000 0.992070000000 0.923430000000 0.989750000000 0.991970000000 0.992070000000 0.991630000000 0.991420000000 0.992520000000 0.991980000000 0.990450000000 0.992110000000 0.991850000000 0.992110000000 0.992720000000 0.992010000000 0.992290000000 0.992160000000 0.974030000000 0.991480000000 0.992410000000 0.993230000000 0.989850000000 0.991880000000 0.991120000000 0.992100000000 0.990380000000 0.991400000000 0.991980000000 0.992020000000 0.993140000000 0.992160000000 0.992770000000 0.992260000000 0.990440000000 0.991010000000 0.991850000000 0.992340000000 0.992460000000 0.992330000000 0.991930000000 0.992160000000 0.992230000000 0.992110000000 0.992130000000 0.992090000000 0.991980000000 0.992140000000 0.992150000000 0.992190000000 0.984010000000 0.992790000000 0.994630000000 0.992570000000 0.989040000000 0.992750000000 0.992420000000 0.991920000000 0.991080000000 0.992180000000 0.992680000000 0.992260000000 0.991640000000 0.991990000000 0.992340000000 0.992160000000 0.993970000000 0.992090000000 0.992270000000 0.992210000000 0.992080000000 0.992180000000 0.991780000000 0.992150000000 0.991940000000 0.992170000000 0.991890000000 0.992190000000 0.992230000000 0.992190000000 0.992230000000 0.992190000000 0.989690000000 0.992810000000 0.990410000000 0.992220000000 0.993050000000 0.992190000000 0.992760000000 0.992220000000 0.991630000000 0.992180000000 0.992140000000 0.992100000000 0.992340000000 0.992190000000 0.991740000000 0.992170000000 0.993990000000 0.992220000000 0.991830000000 0.992120000000 0.993110000000 0.992180000000 0.992040000000 0.992160000000 0.992680000000 0.992170000000 0.992370000000 0.992200000000 0.992290000000 0.992210000000 0.992390000000 0.992190000000 0.427940000000 0.910080000000 0.960460000000 0.989380000000 0.981970000000 0.991520000000 0.994320000000 0.992310000000 0.986760000000 0.992000000000 0.989170000000 0.992460000000 0.989530000000 0.992580000000 0.991990000000 0.992190000000 0.995610000000 0.992010000000 0.994350000000 0.992320000000 0.992600000000 0.992470000000 0.992630000000 0.992570000000 0.989890000000 0.991920000000 0.992360000000 0.992140000000 0.993100000000 0.992120000000 0.992300000000 0.992230000000 0.991260000000 0.991850000000 0.991750000000 0.992170000000 0.993620000000 0.992470000000 0.992260000000 0.992130000000 0.992300000000 0.990950000000 0.992550000000 0.992350000000 0.991340000000 0.992400000000 0.992120000000 0.992180000000 0.989540000000 0.993190000000 0.992820000000 0.992290000000 0.992450000000 0.991980000000 0.992150000000 0.992210000000 0.992370000000 0.992370000000 0.992480000000 0.992150000000 0.992060000000 0.992240000000 0.992150000000 0.992180000000 0.991600000000 0.992240000000 0.992560000000 0.993150000000 0.990000000000 0.991930000000 0.991770000000 0.991980000000 0.992380000000 0.992940000000 0.992220000000 0.992600000000 0.991380000000 0.992330000000 0.992030000000 0.992120000000 0.994810000000 0.991310000000 0.993150000000 0.992160000000 0.992050000000 0.992030000000 0.991760000000 0.992250000000 0.992780000000 0.992050000000 0.992510000000 0.992180000000 0.992670000000 0.992180000000 0.992230000000 0.992160000000 0.992220000000 0.992640000000 0.992550000000 0.991770000000 0.993000000000 0.992400000000 0.992500000000 0.992300000000 0.992800000000 0.991890000000 0.992070000000 0.992220000000 0.992120000000 0.992190000000 0.992240000000 0.992180000000 0.991030000000 0.992360000000 0.992420000000 0.992180000000 0.992100000000 0.992190000000 0.992320000000 0.992180000000 0.993010000000 0.992140000000 0.992090000000 0.992200000000 0.992910000000 0.992180000000 0.992470000000 0.992190000000 0.990690000000 0.990250000000 0.992240000000 0.991860000000 0.990200000000 0.991890000000 0.992570000000 0.992220000000 0.991440000000 0.993160000000 0.993010000000 0.992260000000 0.990550000000 0.992320000000 0.991970000000 0.992200000000 0.994600000000 0.992310000000 0.991390000000 0.992130000000 0.993750000000 0.992370000000 0.992520000000 0.992270000000 0.991560000000 0.991840000000 0.992420000000 0.992250000000 0.992880000000 0.992200000000 0.992340000000 0.992200000000 0.993780000000 0.992790000000 0.991930000000 0.992330000000 0.991780000000 0.992420000000 0.991860000000 0.992120000000 0.992880000000 0.992200000000 0.991930000000 0.992180000000 0.992390000000 0.992130000000 0.992450000000 0.992190000000 0.993520000000 0.991790000000 0.992730000000 0.992290000000 0.992440000000 0.992150000000 0.991980000000 0.992170000000 0.991390000000 0.991980000000 0.991980000000 0.992240000000 0.991810000000 0.992140000000 0.992240000000 0.992180000000 0.990620000000 0.993170000000 0.992450000000 0.992280000000 0.993580000000 0.992060000000 0.992030000000 0.992040000000 0.993180000000 0.991910000000 0.992540000000 0.992230000000 0.992500000000 0.992080000000 0.992140000000 0.992190000000 0.993100000000 0.992770000000 0.992000000000 0.992170000000 0.992770000000 0.992220000000 0.992460000000 0.992220000000 0.992790000000 0.992140000000 0.991940000000 0.992200000000 0.992320000000 0.992190000000 0.992480000000 0.992190000000 0.991800000000 0.992730000000 0.992640000000 0.991880000000 0.991390000000 0.992220000000 0.992250000000 0.992180000000 0.992050000000 0.992220000000 0.992050000000 0.992210000000 0.992370000000 0.992170000000 0.992210000000 0.992190000000 0.993250000000 0.992280000000 0.992200000000 0.992190000000 0.992170000000 0.992190000000 0.992080000000 0.992190000000 0.991230000000 0.991910000000 0.991870000000 0.992190000000 0.992390000000 0.992190000000 0.992130000000 0.992190000000 

N_obs: 1000

File Format:
1- most to least reliable channels (taken entropies)
2- most to least reliable channels (taken error probabilities)
3- channels entropies (flipped)
4- channels error probabilities (flipped)
5- number of MontCarlo simulations
