511 510 509 507 503 495 506 508 479 502 505 501 493 494 499 491 487 504 500 478 498 477 447 497 475 492 490 489 471 486 446 476 485 383 445 463 474 496 255 483 443 127 473 319 191 223 439 488 239 470 247 63 415 431 351 251 367 253 379 382 381 375 254 95 159 469 287 111 119 31 123 467 125 444 484 207 462 399 175 303 126 335 455 183 231 311 459 461 315 187 215 189 407 317 219 423 235 442 47 143 343 79 359 318 271 221 190 441 243 411 237 15 435 413 427 347 245 222 482 238 349 363 437 59 429 438 246 55 414 371 249 250 61 365 430 350 373 62 472 481 366 377 374 378 252 103 380 199 87 151 167 279 295 327 391 115 93 91 157 155 71 23 285 283 39 94 263 135 158 107 7 286 117 121 468 109 29 451 110 179 211 118 27 227 203 307 122 171 30 403 395 299 465 331 419 339 355 124 466 205 173 206 453 301 174 457 185 397 181 302 313 398 333 334 229 309 454 51 213 217 233 99 182 43 75 460 83 186 139 147 458 163 195 291 275 405 267 230 409 387 323 314 421 310 214 425 241 345 357 188 341 19 67 35 11 131 316 433 259 57 361 218 3 406 234 422 369 220 342 410 358 242 142 45 46 236 77 141 440 78 270 269 434 426 412 346 244 13 436 348 428 14 362 58 53 370 60 364 372 113 248 54 105 89 153 101 480 281 376 85 149 177 165 201 197 209 449 305 225 169 293 277 401 393 297 389 325 329 337 417 353 102 25 49 97 92 69 73 37 81 41 145 21 137 133 161 289 193 273 265 261 321 385 156 284 114 86 33 65 17 5 129 9 150 198 257 166 1 116 278 294 390 326 28 90 120 108 154 106 282 22 38 464 70 134 262 6 204 450 172 178 452 210 180 184 202 456 300 226 306 312 396 228 332 308 170 212 402 216 232 394 298 330 338 418 404 408 420 354 424 340 344 356 240 56 360 432 26 368 52 112 76 44 140 50 104 268 88 98 100 152 74 280 82 42 146 162 138 84 200 148 194 176 164 274 196 290 208 168 304 292 266 276 392 296 448 224 400 322 328 386 324 388 336 416 352 12 24 48 34 18 72 66 96 36 40 68 80 20 144 136 10 130 132 160 272 264 288 192 258 260 320 384 2 32 16 8 64 4 128 256 0 

511 510 509 507 503 495 506 508 479 502 505 501 493 494 499 491 487 498 500 504 478 447 477 497 492 475 490 489 471 486 485 476 446 496 474 445 483 463 383 473 488 443 470 484 469 439 444 462 467 255 482 382 472 431 442 481 381 461 441 415 459 468 379 438 455 254 375 367 466 435 239 253 437 380 465 343 399 219 223 407 151 221 227 430 371 158 229 378 249 319 351 427 94 222 480 429 111 451 310 318 213 279 171 15 125 263 109 115 406 110 245 230 365 333 411 359 317 126 419 27 14 457 87 58 242 325 99 179 434 238 62 281 385 30 198 173 302 235 251 189 374 121 174 210 123 183 93 363 412 141 376 182 217 259 456 186 11 428 452 225 63 425 163 394 265 131 147 402 389 387 233 70 424 326 204 314 137 278 13 358 139 21 9 356 69 464 401 159 112 191 226 342 460 165 313 404 355 450 56 193 26 153 44 248 67 301 261 414 124 38 73 116 41 337 216 282 214 42 294 290 138 113 149 6 418 47 388 440 194 400 292 152 201 74 156 432 104 274 267 332 396 84 416 48 241 224 91 129 82 22 105 353 180 176 162 168 458 10 132 377 144 92 60 322 384 12 76 280 232 262 66 386 155 130 256 297 304 166 20 140 36 2 8 260 170 160 34 72 136 0 64 52 96 25 272 32 240 288 398 4 16 18 296 177 192 68 128 453 405 320 208 258 80 392 328 448 264 40 24 372 268 300 354 276 108 209 266 200 323 146 426 148 50 284 352 408 449 53 100 422 336 184 196 329 312 98 321 164 338 97 324 28 181 277 361 228 88 142 220 81 360 35 188 298 357 134 90 275 19 306 101 55 364 45 169 397 252 218 120 236 410 154 368 172 350 212 161 293 273 49 150 362 303 51 330 349 133 390 348 391 421 393 344 413 197 17 103 271 269 433 43 178 86 305 417 270 340 202 145 234 369 102 85 420 46 345 33 334 106 315 436 316 289 65 199 37 307 1 308 257 5 244 118 114 57 246 3 291 61 195 89 341 299 78 54 117 211 75 7 454 185 203 346 83 206 309 347 370 423 23 327 403 59 409 205 79 331 77 215 339 167 122 395 286 250 175 29 135 287 39 231 143 127 71 107 207 366 119 335 285 311 283 237 295 247 157 373 95 187 243 190 31 

0.000000000000 0.000000000000 0.000000000000 0.000000000000 0.000000000000 0.000000000000 0.000000000000 0.000321440000 0.000000000000 0.000000000000 0.000000000005 0.000330550000 0.000000030172 0.000631960000 0.002344800000 0.110460000000 0.000000000000 0.000000012223 0.000000000910 0.003923700000 0.000000116110 0.005904100000 0.011587000000 0.229460000000 0.000018357000 0.031048000000 0.059803000000 0.410320000000 0.144830000000 0.554740000000 0.608320000000 0.920250000000 0.000000000000 0.000515640000 0.001084000000 0.053927000000 0.003583100000 0.101940000000 0.181180000000 0.604040000000 0.025025000000 0.238670000000 0.328340000000 0.751000000000 0.390880000000 0.787080000000 0.775830000000 0.970400000000 0.100550000000 0.418910000000 0.462880000000 0.837650000000 0.461540000000 0.839500000000 0.811290000000 0.976350000000 0.446960000000 0.828120000000 0.809300000000 0.975500000000 0.752950000000 0.974270000000 0.928100000000 0.997910000000 0.001211400000 0.048651000000 0.091844000000 0.399900000000 0.161210000000 0.505550000000 0.519390000000 0.882490000000 0.227130000000 0.569260000000 0.561560000000 0.892310000000 0.535610000000 0.884810000000 0.857020000000 0.986050000000 0.246200000000 0.584230000000 0.566810000000 0.894410000000 0.539260000000 0.886500000000 0.849780000000 0.983870000000 0.497790000000 0.866910000000 0.845990000000 0.982300000000 0.778400000000 0.981840000000 0.932510000000 0.998410000000 0.244200000000 0.573000000000 0.536460000000 0.887090000000 0.523590000000 0.877240000000 0.843540000000 0.982220000000 0.487200000000 0.864140000000 0.842050000000 0.982030000000 0.771310000000 0.979050000000 0.929950000000 0.997930000000 0.419200000000 0.816210000000 0.811470000000 0.977590000000 0.772370000000 0.980350000000 0.930080000000 0.997860000000 0.671340000000 0.956020000000 0.930430000000 0.998070000000 0.843650000000 0.998040000000 0.948900000000 0.999860000000 0.064314000000 0.269630000000 0.269800000000 0.654640000000 0.267930000000 0.626640000000 0.611800000000 0.924260000000 0.271580000000 0.626500000000 0.590580000000 0.906630000000 0.573040000000 0.902850000000 0.869710000000 0.988730000000 0.261250000000 0.610700000000 0.584090000000 0.905400000000 0.558290000000 0.896530000000 0.859740000000 0.985680000000 0.510530000000 0.877300000000 0.853370000000 0.984390000000 0.784590000000 0.983010000000 0.934010000000 0.998530000000 0.251610000000 0.586510000000 0.557080000000 0.894040000000 0.539820000000 0.887850000000 0.853320000000 0.984210000000 0.508590000000 0.876050000000 0.854630000000 0.984070000000 0.780700000000 0.981570000000 0.931310000000 0.998120000000 0.432390000000 0.820640000000 0.817350000000 0.978310000000 0.777550000000 0.981180000000 0.930870000000 0.997990000000 0.669400000000 0.956540000000 0.930810000000 0.998070000000 0.843920000000 0.997960000000 0.948820000000 0.999840000000 0.215660000000 0.515090000000 0.491020000000 0.856990000000 0.467020000000 0.845480000000 0.815760000000 0.977230000000 0.461050000000 0.847450000000 0.826850000000 0.978460000000 0.765220000000 0.977140000000 0.928110000000 0.997800000000 0.422110000000 0.814630000000 0.809670000000 0.976640000000 0.775190000000 0.980450000000 0.930080000000 0.997870000000 0.668910000000 0.955790000000 0.928880000000 0.997810000000 0.841390000000 0.997600000000 0.947950000000 0.999800000000 0.340480000000 0.731740000000 0.713480000000 0.950560000000 0.714560000000 0.964610000000 0.920970000000 0.996950000000 0.664350000000 0.955520000000 0.929590000000 0.997860000000 0.841430000000 0.997580000000 0.948060000000 0.999780000000 0.516300000000 0.883080000000 0.884770000000 0.996080000000 0.842290000000 0.997840000000 0.948420000000 0.999790000000 0.717380000000 0.971280000000 0.948490000000 0.999820000000 0.857720000000 0.999800000000 0.952820000000 0.999990000000 0.111620000000 0.292530000000 0.267050000000 0.638540000000 0.252310000000 0.578080000000 0.577280000000 0.910330000000 0.243430000000 0.571050000000 0.543400000000 0.888500000000 0.520860000000 0.878960000000 0.851240000000 0.985040000000 0.231940000000 0.556950000000 0.530360000000 0.880270000000 0.502460000000 0.864990000000 0.831790000000 0.980250000000 0.458730000000 0.842550000000 0.826350000000 0.978300000000 0.762190000000 0.977080000000 0.928550000000 0.997930000000 0.221960000000 0.551070000000 0.516590000000 0.870930000000 0.494540000000 0.860190000000 0.830220000000 0.980060000000 0.479710000000 0.848760000000 0.830030000000 0.978760000000 0.760270000000 0.975900000000 0.927140000000 0.997610000000 0.411420000000 0.804700000000 0.795580000000 0.973610000000 0.762810000000 0.976340000000 0.926760000000 0.997410000000 0.657410000000 0.952720000000 0.926850000000 0.997590000000 0.839980000000 0.997460000000 0.947990000000 0.999800000000 0.219390000000 0.518650000000 0.486990000000 0.853800000000 0.468050000000 0.838610000000 0.811330000000 0.976170000000 0.449220000000 0.835730000000 0.814300000000 0.975950000000 0.759440000000 0.974740000000 0.926270000000 0.997490000000 0.420020000000 0.810430000000 0.802690000000 0.974410000000 0.767880000000 0.978610000000 0.928600000000 0.997610000000 0.663180000000 0.953250000000 0.926720000000 0.997520000000 0.839880000000 0.997190000000 0.947590000000 0.999770000000 0.323620000000 0.721500000000 0.707940000000 0.948940000000 0.711380000000 0.962540000000 0.918020000000 0.996550000000 0.659850000000 0.952530000000 0.926080000000 0.997440000000 0.839240000000 0.997120000000 0.947050000000 0.999730000000 0.506600000000 0.879380000000 0.881970000000 0.995060000000 0.838980000000 0.997270000000 0.947420000000 0.999730000000 0.718150000000 0.970600000000 0.947450000000 0.999750000000 0.856870000000 0.999740000000 0.952420000000 0.999980000000 0.180890000000 0.422310000000 0.394950000000 0.786680000000 0.385390000000 0.765500000000 0.749130000000 0.960710000000 0.366520000000 0.760450000000 0.734840000000 0.955300000000 0.692370000000 0.951710000000 0.907480000000 0.994700000000 0.364880000000 0.758220000000 0.752030000000 0.962270000000 0.725090000000 0.963820000000 0.916380000000 0.995930000000 0.640410000000 0.943610000000 0.918800000000 0.996420000000 0.835470000000 0.996300000000 0.946370000000 0.999690000000 0.316840000000 0.716740000000 0.700730000000 0.946610000000 0.703920000000 0.960300000000 0.916580000000 0.996290000000 0.657560000000 0.951750000000 0.925780000000 0.997340000000 0.838520000000 0.996960000000 0.946840000000 0.999710000000 0.509390000000 0.882770000000 0.880710000000 0.994770000000 0.837350000000 0.996930000000 0.946660000000 0.999690000000 0.712640000000 0.970400000000 0.946650000000 0.999700000000 0.855500000000 0.999690000000 0.952310000000 0.999980000000 0.244200000000 0.591230000000 0.578430000000 0.903870000000 0.561870000000 0.898610000000 0.859430000000 0.985650000000 0.572270000000 0.915440000000 0.900600000000 0.993820000000 0.828420000000 0.995180000000 0.944980000000 0.999610000000 0.506230000000 0.880110000000 0.880030000000 0.994810000000 0.837290000000 0.996990000000 0.946880000000 0.999700000000 0.714940000000 0.970320000000 0.946690000000 0.999700000000 0.855560000000 0.999660000000 0.951950000000 0.999970000000 0.370140000000 0.769680000000 0.752820000000 0.960030000000 0.762020000000 0.987910000000 0.944050000000 0.999590000000 0.713310000000 0.970180000000 0.947050000000 0.999730000000 0.855450000000 0.999690000000 0.952360000000 0.999970000000 0.530630000000 0.895400000000 0.888740000000 0.999470000000 0.855680000000 0.999730000000 0.952500000000 0.999970000000 0.730800000000 0.971360000000 0.952410000000 0.999980000000 0.860480000000 0.999970000000 0.953790000000 1.000000000000 

0.000000000000 0.000000000000 0.000000000000 0.000000000000 0.000000000000 0.000000000000 0.000000000000 0.001731300000 0.000000000000 0.000000000000 0.000000000001 0.001489000000 0.000000011752 0.001452300000 0.005775900000 0.249500000000 0.000000000000 0.000000004369 0.000000000267 0.008752200000 0.000000051694 0.015659000000 0.036623000000 0.473010000000 0.001012200000 0.085317000000 0.144360000000 0.711420000000 0.360930000000 0.882440000000 0.945650000000 0.991260000000 0.000000000000 0.001869400000 0.004199700000 0.164010000000 0.014107000000 0.268500000000 0.439220000000 0.906700000000 0.085095000000 0.571220000000 0.738250000000 0.974170000000 0.876580000000 0.987790000000 0.989680000000 0.992080000000 0.372390000000 0.874430000000 0.949480000000 0.992090000000 0.972500000000 0.992170000000 0.991770000000 0.991960000000 0.982030000000 0.992690000000 0.992190000000 0.991980000000 0.991320000000 0.992090000000 0.992220000000 0.992200000000 0.002776600000 0.171330000000 0.322850000000 0.836390000000 0.560830000000 0.945100000000 0.970790000000 0.992140000000 0.824000000000 0.981420000000 0.989140000000 0.992470000000 0.988070000000 0.991810000000 0.992390000000 0.992140000000 0.925310000000 0.990830000000 0.991300000000 0.991980000000 0.991150000000 0.992220000000 0.992000000000 0.992020000000 0.992780000000 0.992220000000 0.992360000000 0.992430000000 0.991760000000 0.992140000000 0.992410000000 0.992150000000 0.972020000000 0.992110000000 0.992370000000 0.991920000000 0.991690000000 0.992300000000 0.992880000000 0.992220000000 0.990580000000 0.991590000000 0.992190000000 0.992090000000 0.992830000000 0.992010000000 0.992080000000 0.992140000000 0.989780000000 0.992190000000 0.992280000000 0.992150000000 0.992950000000 0.992000000000 0.992360000000 0.992200000000 0.992340000000 0.992340000000 0.992010000000 0.992140000000 0.992020000000 0.992180000000 0.991830000000 0.992170000000 0.392510000000 0.893510000000 0.946530000000 0.989540000000 0.980090000000 0.991030000000 0.992170000000 0.991920000000 0.985050000000 0.991890000000 0.994040000000 0.992200000000 0.990990000000 0.992780000000 0.992430000000 0.992300000000 0.986370000000 0.993250000000 0.991670000000 0.992280000000 0.991910000000 0.992330000000 0.992250000000 0.992250000000 0.991700000000 0.992050000000 0.992260000000 0.992070000000 0.992090000000 0.992210000000 0.992160000000 0.992220000000 0.991150000000 0.992310000000 0.992340000000 0.992340000000 0.992780000000 0.992720000000 0.992440000000 0.992360000000 0.989740000000 0.992080000000 0.992590000000 0.992410000000 0.992910000000 0.992230000000 0.992120000000 0.992230000000 0.993320000000 0.992460000000 0.991690000000 0.992150000000 0.992880000000 0.992340000000 0.992230000000 0.992200000000 0.992820000000 0.992030000000 0.991780000000 0.992240000000 0.992210000000 0.992170000000 0.992230000000 0.992200000000 0.991140000000 0.991360000000 0.991730000000 0.992470000000 0.992470000000 0.992040000000 0.992090000000 0.992230000000 0.993410000000 0.991340000000 0.992760000000 0.992500000000 0.992490000000 0.992270000000 0.992410000000 0.992180000000 0.992330000000 0.991870000000 0.992110000000 0.992210000000 0.992600000000 0.992260000000 0.992180000000 0.992190000000 0.993680000000 0.992130000000 0.992310000000 0.992140000000 0.992570000000 0.992130000000 0.992480000000 0.992190000000 0.993060000000 0.992990000000 0.993390000000 0.992220000000 0.993510000000 0.992130000000 0.991830000000 0.992170000000 0.991380000000 0.992040000000 0.992240000000 0.992210000000 0.992270000000 0.992150000000 0.992320000000 0.992190000000 0.992390000000 0.992410000000 0.992390000000 0.992200000000 0.992150000000 0.992210000000 0.992010000000 0.992200000000 0.991480000000 0.992180000000 0.992110000000 0.992180000000 0.991950000000 0.992200000000 0.992500000000 0.992180000000 0.881670000000 0.982250000000 0.989100000000 0.992280000000 0.991880000000 0.993010000000 0.991030000000 0.992100000000 0.993880000000 0.992560000000 0.991630000000 0.992510000000 0.994450000000 0.991780000000 0.992160000000 0.992190000000 0.988690000000 0.991820000000 0.993600000000 0.992290000000 0.991870000000 0.992430000000 0.992020000000 0.992170000000 0.993080000000 0.991670000000 0.991000000000 0.992250000000 0.990760000000 0.992080000000 0.991990000000 0.992160000000 0.990460000000 0.991240000000 0.990620000000 0.992250000000 0.989980000000 0.992290000000 0.991940000000 0.992130000000 0.992900000000 0.992130000000 0.991370000000 0.992310000000 0.992640000000 0.991900000000 0.992210000000 0.992200000000 0.993230000000 0.992750000000 0.992880000000 0.992030000000 0.992720000000 0.992410000000 0.992140000000 0.992210000000 0.992480000000 0.991860000000 0.992380000000 0.992230000000 0.992580000000 0.992140000000 0.992090000000 0.992190000000 0.992080000000 0.994610000000 0.991890000000 0.992260000000 0.994150000000 0.991970000000 0.992700000000 0.992230000000 0.991910000000 0.991930000000 0.992240000000 0.992170000000 0.991800000000 0.992400000000 0.992190000000 0.992170000000 0.993020000000 0.991890000000 0.991860000000 0.992310000000 0.991390000000 0.992180000000 0.992280000000 0.992170000000 0.992920000000 0.992180000000 0.992090000000 0.992230000000 0.992000000000 0.992170000000 0.992310000000 0.992190000000 0.992080000000 0.991000000000 0.993920000000 0.992140000000 0.992180000000 0.992300000000 0.992100000000 0.992140000000 0.990600000000 0.992320000000 0.992130000000 0.992220000000 0.992010000000 0.992210000000 0.992420000000 0.992170000000 0.993130000000 0.992250000000 0.991920000000 0.992180000000 0.992050000000 0.992130000000 0.992040000000 0.992190000000 0.993050000000 0.992260000000 0.992340000000 0.992170000000 0.992010000000 0.992180000000 0.992160000000 0.992190000000 0.993200000000 0.991760000000 0.991450000000 0.992110000000 0.991900000000 0.992950000000 0.991890000000 0.992290000000 0.993320000000 0.992530000000 0.992640000000 0.992110000000 0.991570000000 0.992530000000 0.992130000000 0.992080000000 0.991310000000 0.991610000000 0.991500000000 0.992210000000 0.993220000000 0.992460000000 0.992160000000 0.992140000000 0.992390000000 0.992430000000 0.992280000000 0.992220000000 0.991800000000 0.992230000000 0.992230000000 0.992190000000 0.994050000000 0.991210000000 0.991910000000 0.992170000000 0.992160000000 0.992260000000 0.992590000000 0.992250000000 0.991780000000 0.992410000000 0.992430000000 0.992150000000 0.992740000000 0.992160000000 0.992250000000 0.992200000000 0.992880000000 0.992630000000 0.992900000000 0.992170000000 0.992670000000 0.992140000000 0.992110000000 0.992190000000 0.993220000000 0.992020000000 0.992070000000 0.992190000000 0.992110000000 0.992180000000 0.992480000000 0.992190000000 0.992000000000 0.991820000000 0.992580000000 0.992170000000 0.992870000000 0.991780000000 0.992540000000 0.992090000000 0.992280000000 0.992640000000 0.992220000000 0.992190000000 0.992340000000 0.992220000000 0.992320000000 0.992160000000 0.992140000000 0.992440000000 0.992280000000 0.992100000000 0.992400000000 0.992130000000 0.992110000000 0.992200000000 0.993060000000 0.992110000000 0.992490000000 0.992180000000 0.992250000000 0.992190000000 0.992460000000 0.992190000000 0.996150000000 0.991830000000 0.993040000000 0.992240000000 0.991770000000 0.992100000000 0.992190000000 0.992200000000 0.992810000000 0.992160000000 0.992060000000 0.992180000000 0.992270000000 0.992190000000 0.992380000000 0.992190000000 0.991430000000 0.991770000000 0.992040000000 0.992170000000 0.991970000000 0.992170000000 0.992070000000 0.992180000000 0.992670000000 0.992130000000 0.992510000000 0.992190000000 0.992560000000 0.992180000000 0.992500000000 0.992190000000 

N_obs: 1000

File Format:
1- most to least reliable channels (taken entropies)
2- most to least reliable channels (taken error probabilities)
3- channels entropies (flipped)
4- channels error probabilities (flipped)
5- number of MontCarlo simulations
