511 510 509 508 507 506 503 501 495 479 505 502 494 493 499 491 487 504 447 477 478 500 498 475 492 497 490 489 471 486 446 485 476 445 474 383 463 483 496 473 443 470 255 488 127 439 469 191 382 319 431 415 223 351 239 484 247 381 251 63 444 375 367 253 379 467 254 462 95 159 287 111 119 123 31 461 442 482 125 175 459 207 455 472 399 303 126 335 441 311 183 231 187 215 315 423 407 189 317 481 219 235 343 435 190 47 411 359 438 271 79 221 437 143 427 318 347 237 413 243 414 429 222 15 245 349 430 371 363 238 246 59 249 350 365 61 373 55 250 468 377 62 366 374 380 378 252 103 151 87 199 167 279 391 295 327 115 91 466 93 465 94 157 155 283 39 23 107 285 71 135 263 286 158 451 7 117 109 121 110 179 118 203 211 307 29 171 227 122 27 395 299 403 419 331 30 460 339 457 355 453 124 205 173 206 458 397 174 454 301 185 302 398 333 313 181 334 309 229 213 217 51 182 233 440 421 99 186 405 409 310 75 43 83 139 433 163 147 341 291 195 425 314 230 275 267 323 387 345 214 188 357 241 406 316 361 67 35 422 11 19 131 259 218 57 3 234 369 220 410 342 480 434 358 436 426 236 242 346 412 78 46 142 45 77 141 270 428 269 348 244 362 13 370 58 14 53 364 372 60 248 113 54 89 105 376 101 153 281 449 85 149 177 165 197 201 305 209 169 293 277 297 401 389 393 225 325 329 337 417 353 102 25 92 49 97 37 81 69 73 41 145 21 133 137 161 156 273 289 193 265 321 261 385 284 86 150 166 114 198 33 65 17 9 5 464 129 257 278 294 390 116 1 326 90 108 154 120 106 28 282 450 456 452 70 38 22 134 262 6 204 172 178 210 396 202 300 306 184 180 312 308 170 332 226 298 394 228 402 212 418 330 216 404 338 232 420 408 340 424 354 432 344 356 360 240 56 26 368 52 76 44 50 112 140 268 104 88 98 100 152 74 82 280 42 146 162 84 138 148 194 200 448 290 164 176 274 168 196 208 292 296 304 276 266 392 322 400 328 386 388 324 224 336 416 352 12 24 48 34 72 66 80 96 36 40 18 68 136 144 20 10 130 132 160 272 264 288 192 258 260 320 384 16 32 8 64 4 2 128 256 0 

511 510 509 508 507 506 503 501 495 479 505 502 494 493 499 491 487 504 447 477 478 492 475 500 497 498 489 490 471 486 485 476 446 445 474 483 496 463 473 383 488 443 470 469 484 439 444 467 462 482 472 382 442 461 255 481 431 381 468 441 459 415 438 379 466 455 437 465 375 435 460 351 429 480 254 319 287 189 458 440 253 215 93 399 219 221 374 315 223 143 247 318 87 363 413 430 367 191 457 398 122 118 103 380 347 79 343 310 174 377 427 349 235 250 297 249 126 183 403 411 127 339 3 43 51 389 233 410 173 123 30 301 313 391 205 187 329 99 46 120 342 277 60 37 451 309 464 150 234 436 269 115 198 449 11 372 119 369 110 370 337 113 418 57 405 5 434 58 270 90 38 151 241 229 420 125 211 278 340 354 321 350 71 77 338 371 35 163 424 212 107 108 213 402 261 147 184 88 396 281 177 145 259 401 171 209 456 180 355 218 172 210 344 159 112 170 204 106 226 52 140 236 426 282 69 100 273 262 335 390 216 82 214 83 388 165 305 42 178 56 193 86 266 406 158 386 274 166 324 387 66 22 21 44 304 154 308 36 101 272 290 48 224 264 328 104 68 260 164 133 40 258 74 16 168 320 2 24 384 138 10 306 284 160 64 144 4 161 263 0 256 128 20 416 26 400 448 334 202 162 32 97 8 136 34 201 385 288 132 393 176 80 394 312 208 408 72 336 192 200 96 130 298 376 240 152 392 268 1 18 19 280 276 352 12 75 292 196 117 232 89 98 296 195 114 356 131 92 194 267 146 17 248 9 84 7 346 134 70 345 228 49 325 50 368 326 322 378 332 73 417 330 129 432 188 148 245 76 300 102 289 357 422 13 302 265 81 450 197 307 149 316 311 360 182 238 257 62 353 25 65 181 153 105 33 428 452 121 199 361 358 227 230 6 116 323 414 244 454 294 293 364 185 409 433 141 366 14 169 156 109 137 275 186 61 341 41 28 314 453 425 404 78 54 299 207 331 53 111 412 85 237 167 291 217 39 45 91 190 179 395 139 419 348 246 225 359 203 135 333 242 27 206 55 362 142 327 29 421 397 124 220 59 15 67 279 365 317 373 285 157 239 175 23 243 251 407 94 303 231 252 271 286 63 47 31 283 222 423 155 295 95 

0.000000000000 0.000000000000 0.000000000000 0.000000000000 0.000000000000 0.000000000000 0.000000000000 0.000006118700 0.000000000000 0.000000000000 0.000000000000 0.000278030000 0.000000000002 0.000360070000 0.000433310000 0.053157000000 0.000000000000 0.000000000000 0.000000000000 0.000375060000 0.000000000002 0.000992350000 0.001206500000 0.113400000000 0.000000241590 0.007682000000 0.012986000000 0.235910000000 0.048829000000 0.387990000000 0.480790000000 0.866280000000 0.000000000000 0.000022896000 0.000011936000 0.016444000000 0.000364710000 0.029897000000 0.057368000000 0.412510000000 0.003101600000 0.104900000000 0.177510000000 0.591390000000 0.272000000000 0.694350000000 0.700890000000 0.952480000000 0.037698000000 0.292460000000 0.372550000000 0.770810000000 0.405170000000 0.798550000000 0.776840000000 0.968190000000 0.410140000000 0.802690000000 0.783070000000 0.968370000000 0.732360000000 0.967510000000 0.922460000000 0.997210000000 0.000007886100 0.012704000000 0.024993000000 0.251250000000 0.076653000000 0.375250000000 0.433050000000 0.830300000000 0.168740000000 0.505260000000 0.516330000000 0.871370000000 0.495450000000 0.867760000000 0.837710000000 0.982440000000 0.218870000000 0.550400000000 0.535710000000 0.881810000000 0.517800000000 0.873600000000 0.839320000000 0.981860000000 0.475690000000 0.854920000000 0.830370000000 0.979680000000 0.766720000000 0.978190000000 0.930080000000 0.998050000000 0.219220000000 0.529770000000 0.523760000000 0.876450000000 0.502070000000 0.865680000000 0.832840000000 0.980290000000 0.475810000000 0.850770000000 0.832670000000 0.979060000000 0.764410000000 0.977320000000 0.927900000000 0.997700000000 0.413790000000 0.808430000000 0.798650000000 0.974610000000 0.763310000000 0.977050000000 0.928130000000 0.997630000000 0.660730000000 0.953560000000 0.927960000000 0.997820000000 0.842470000000 0.997770000000 0.948520000000 0.999840000000 0.034419000000 0.205720000000 0.241420000000 0.606340000000 0.260650000000 0.613310000000 0.592700000000 0.914350000000 0.253940000000 0.601020000000 0.571690000000 0.900970000000 0.551790000000 0.894470000000 0.864270000000 0.987650000000 0.253960000000 0.597630000000 0.567360000000 0.896590000000 0.552220000000 0.887190000000 0.852660000000 0.984240000000 0.502230000000 0.869220000000 0.847770000000 0.983210000000 0.778930000000 0.981920000000 0.932800000000 0.998450000000 0.234020000000 0.566580000000 0.547590000000 0.883990000000 0.519830000000 0.875320000000 0.843630000000 0.982540000000 0.494020000000 0.866110000000 0.838890000000 0.981180000000 0.772460000000 0.979440000000 0.929760000000 0.997950000000 0.420820000000 0.814710000000 0.809500000000 0.976370000000 0.767930000000 0.978210000000 0.928970000000 0.997740000000 0.666790000000 0.954570000000 0.928480000000 0.997820000000 0.841820000000 0.997660000000 0.948150000000 0.999830000000 0.213190000000 0.518700000000 0.479930000000 0.852120000000 0.465750000000 0.839810000000 0.809600000000 0.975690000000 0.443750000000 0.834960000000 0.816170000000 0.976010000000 0.756970000000 0.974920000000 0.925960000000 0.997530000000 0.414020000000 0.807450000000 0.804510000000 0.974920000000 0.763550000000 0.977010000000 0.927610000000 0.997520000000 0.665400000000 0.953540000000 0.926600000000 0.997500000000 0.838990000000 0.997260000000 0.947480000000 0.999770000000 0.339360000000 0.721930000000 0.713020000000 0.949790000000 0.708980000000 0.962560000000 0.919300000000 0.996670000000 0.656520000000 0.952870000000 0.927320000000 0.997590000000 0.840470000000 0.997290000000 0.947310000000 0.999750000000 0.506540000000 0.881390000000 0.882800000000 0.995460000000 0.840940000000 0.997620000000 0.947880000000 0.999770000000 0.716860000000 0.970800000000 0.948180000000 0.999800000000 0.856700000000 0.999800000000 0.952730000000 0.999990000000 0.106000000000 0.281580000000 0.256660000000 0.627330000000 0.247200000000 0.579280000000 0.566390000000 0.904690000000 0.239260000000 0.558290000000 0.544670000000 0.884660000000 0.525090000000 0.874480000000 0.849520000000 0.984710000000 0.234520000000 0.558170000000 0.523410000000 0.873790000000 0.493300000000 0.861490000000 0.830100000000 0.979570000000 0.459710000000 0.840260000000 0.821140000000 0.977200000000 0.761190000000 0.976540000000 0.928270000000 0.997860000000 0.223250000000 0.538940000000 0.511610000000 0.864760000000 0.488780000000 0.857950000000 0.823850000000 0.978650000000 0.464650000000 0.844850000000 0.821510000000 0.977680000000 0.755980000000 0.974210000000 0.926190000000 0.997470000000 0.408970000000 0.797380000000 0.789740000000 0.971920000000 0.755850000000 0.974660000000 0.925600000000 0.997180000000 0.654330000000 0.951380000000 0.925080000000 0.997380000000 0.839020000000 0.997170000000 0.947700000000 0.999780000000 0.204830000000 0.498660000000 0.476280000000 0.847460000000 0.463940000000 0.832660000000 0.805150000000 0.975160000000 0.450050000000 0.829900000000 0.809920000000 0.975170000000 0.750870000000 0.973050000000 0.924570000000 0.997260000000 0.403840000000 0.801580000000 0.794270000000 0.972950000000 0.758740000000 0.976220000000 0.926430000000 0.997320000000 0.654940000000 0.951030000000 0.924680000000 0.997260000000 0.837970000000 0.996910000000 0.947200000000 0.999740000000 0.330420000000 0.723940000000 0.704630000000 0.947290000000 0.705020000000 0.960440000000 0.916880000000 0.996220000000 0.648250000000 0.950170000000 0.924110000000 0.997080000000 0.838510000000 0.996720000000 0.946620000000 0.999690000000 0.516540000000 0.878910000000 0.880340000000 0.994620000000 0.837260000000 0.996980000000 0.946950000000 0.999690000000 0.716430000000 0.970460000000 0.946890000000 0.999720000000 0.856480000000 0.999720000000 0.952530000000 0.999980000000 0.167730000000 0.418290000000 0.397100000000 0.789550000000 0.370300000000 0.761970000000 0.741060000000 0.960690000000 0.362890000000 0.754040000000 0.733500000000 0.953600000000 0.684870000000 0.951180000000 0.905720000000 0.994600000000 0.360830000000 0.750290000000 0.737730000000 0.958390000000 0.712900000000 0.961470000000 0.914260000000 0.995580000000 0.634390000000 0.941750000000 0.916290000000 0.996060000000 0.832060000000 0.995860000000 0.945620000000 0.999650000000 0.320640000000 0.701790000000 0.694950000000 0.944240000000 0.692290000000 0.957230000000 0.913410000000 0.995850000000 0.650610000000 0.949980000000 0.923010000000 0.996920000000 0.836220000000 0.996470000000 0.946100000000 0.999650000000 0.507730000000 0.878740000000 0.880200000000 0.994190000000 0.835520000000 0.996430000000 0.946250000000 0.999650000000 0.713660000000 0.969730000000 0.946100000000 0.999670000000 0.854820000000 0.999650000000 0.952050000000 0.999970000000 0.248320000000 0.593180000000 0.569660000000 0.901070000000 0.558710000000 0.895700000000 0.859740000000 0.985500000000 0.572480000000 0.912680000000 0.896430000000 0.993140000000 0.825940000000 0.994580000000 0.944400000000 0.999540000000 0.499320000000 0.878800000000 0.879080000000 0.994220000000 0.835720000000 0.996710000000 0.946410000000 0.999660000000 0.710170000000 0.969820000000 0.946040000000 0.999660000000 0.854900000000 0.999630000000 0.951890000000 0.999970000000 0.371190000000 0.770030000000 0.757720000000 0.961880000000 0.762290000000 0.987050000000 0.943370000000 0.999530000000 0.710950000000 0.970380000000 0.946650000000 0.999700000000 0.855800000000 0.999660000000 0.952190000000 0.999970000000 0.540050000000 0.896430000000 0.889540000000 0.999420000000 0.855710000000 0.999710000000 0.952280000000 0.999970000000 0.733170000000 0.971600000000 0.952370000000 0.999980000000 0.860740000000 0.999980000000 0.953940000000 1.000000000000 

0.000000000000 0.000000000000 0.000000000000 0.000000000000 0.000000000000 0.000000000000 0.000000000000 0.000003533900 0.000000000000 0.000000000000 0.000000000000 0.000737620000 0.000000000000 0.001322600000 0.000965440000 0.128000000000 0.000000000000 0.000000000000 0.000000000000 0.000626660000 0.000000000000 0.004686000000 0.003992700000 0.253610000000 0.000000099931 0.019644000000 0.035222000000 0.464380000000 0.125950000000 0.703180000000 0.852610000000 0.986980000000 0.000000000000 0.000021825000 0.000009160800 0.045829000000 0.000727640000 0.092496000000 0.154670000000 0.726620000000 0.011661000000 0.265080000000 0.434100000000 0.900360000000 0.658680000000 0.962120000000 0.977420000000 0.991850000000 0.133350000000 0.688150000000 0.833870000000 0.984810000000 0.922700000000 0.988910000000 0.990910000000 0.992070000000 0.967980000000 0.992410000000 0.992510000000 0.992380000000 0.991810000000 0.992320000000 0.991880000000 0.992190000000 0.000004983300 0.046698000000 0.090469000000 0.626120000000 0.254240000000 0.819620000000 0.900850000000 0.988980000000 0.613910000000 0.953590000000 0.975320000000 0.991860000000 0.983040000000 0.991950000000 0.992450000000 0.992280000000 0.862820000000 0.990710000000 0.986720000000 0.992380000000 0.991320000000 0.992110000000 0.992530000000 0.992010000000 0.994030000000 0.992300000000 0.992950000000 0.991970000000 0.992790000000 0.991940000000 0.992280000000 0.992190000000 0.949460000000 0.992410000000 0.990650000000 0.992610000000 0.991500000000 0.991650000000 0.992450000000 0.992200000000 0.993320000000 0.992150000000 0.991950000000 0.992530000000 0.991490000000 0.992030000000 0.992060000000 0.992190000000 0.989690000000 0.991040000000 0.992960000000 0.992050000000 0.992730000000 0.992200000000 0.992200000000 0.992210000000 0.991690000000 0.992130000000 0.991630000000 0.992140000000 0.992160000000 0.992150000000 0.992190000000 0.992180000000 0.187880000000 0.752450000000 0.883720000000 0.991180000000 0.958660000000 0.992280000000 0.991270000000 0.992210000000 0.978460000000 0.990210000000 0.993100000000 0.991890000000 0.992010000000 0.991930000000 0.991900000000 0.992270000000 0.990860000000 0.992450000000 0.993070000000 0.992430000000 0.990640000000 0.992920000000 0.992390000000 0.992340000000 0.992820000000 0.992390000000 0.992300000000 0.992230000000 0.992070000000 0.991980000000 0.992360000000 0.992220000000 0.985430000000 0.991990000000 0.991360000000 0.992810000000 0.991200000000 0.992250000000 0.992260000000 0.992080000000 0.991230000000 0.991770000000 0.992490000000 0.991980000000 0.991500000000 0.992000000000 0.991930000000 0.992200000000 0.992130000000 0.992190000000 0.992840000000 0.992280000000 0.992600000000 0.992280000000 0.991740000000 0.992170000000 0.992930000000 0.992270000000 0.992260000000 0.992160000000 0.992400000000 0.992270000000 0.991990000000 0.992180000000 0.988480000000 0.990520000000 0.993080000000 0.992340000000 0.990220000000 0.992510000000 0.991690000000 0.992200000000 0.992340000000 0.991230000000 0.991830000000 0.992170000000 0.992320000000 0.992180000000 0.992140000000 0.992170000000 0.993330000000 0.992300000000 0.991690000000 0.992290000000 0.992580000000 0.992200000000 0.991400000000 0.992230000000 0.994160000000 0.992410000000 0.992420000000 0.992220000000 0.992670000000 0.992170000000 0.992290000000 0.992190000000 0.988840000000 0.993550000000 0.993120000000 0.992190000000 0.993800000000 0.992120000000 0.992050000000 0.992220000000 0.993020000000 0.991980000000 0.991780000000 0.992220000000 0.992470000000 0.992150000000 0.992130000000 0.992170000000 0.993510000000 0.991960000000 0.991870000000 0.992210000000 0.992240000000 0.992150000000 0.992310000000 0.992170000000 0.992190000000 0.992130000000 0.992030000000 0.992180000000 0.992060000000 0.992180000000 0.992340000000 0.992190000000 0.839160000000 0.987110000000 0.989020000000 0.993500000000 0.993270000000 0.991400000000 0.991400000000 0.992250000000 0.990380000000 0.992820000000 0.992290000000 0.992410000000 0.993250000000 0.992840000000 0.991960000000 0.992210000000 0.993200000000 0.992340000000 0.992640000000 0.992100000000 0.991370000000 0.991850000000 0.991630000000 0.992230000000 0.993390000000 0.992400000000 0.991970000000 0.992260000000 0.992390000000 0.992100000000 0.992820000000 0.992170000000 0.990250000000 0.993970000000 0.990130000000 0.992970000000 0.989740000000 0.992070000000 0.992680000000 0.992130000000 0.989350000000 0.992130000000 0.992030000000 0.992010000000 0.991980000000 0.992080000000 0.992070000000 0.992200000000 0.992600000000 0.992850000000 0.991710000000 0.992100000000 0.992830000000 0.992190000000 0.992190000000 0.992200000000 0.992390000000 0.991880000000 0.992320000000 0.992220000000 0.992230000000 0.992240000000 0.992150000000 0.992200000000 0.990900000000 0.992720000000 0.988850000000 0.992280000000 0.991740000000 0.992480000000 0.992430000000 0.992040000000 0.991480000000 0.992340000000 0.992370000000 0.992070000000 0.992720000000 0.992140000000 0.992050000000 0.992200000000 0.993220000000 0.991260000000 0.991670000000 0.992080000000 0.992070000000 0.992090000000 0.992450000000 0.992180000000 0.992640000000 0.992160000000 0.992140000000 0.992180000000 0.992010000000 0.992190000000 0.992190000000 0.992190000000 0.992090000000 0.992150000000 0.993200000000 0.992460000000 0.994060000000 0.992170000000 0.992370000000 0.992210000000 0.991960000000 0.991850000000 0.992330000000 0.992280000000 0.992040000000 0.992240000000 0.992050000000 0.992190000000 0.990290000000 0.992930000000 0.992450000000 0.992100000000 0.992730000000 0.992180000000 0.992460000000 0.992190000000 0.992830000000 0.992250000000 0.992180000000 0.992200000000 0.992230000000 0.992200000000 0.992280000000 0.992190000000 0.991500000000 0.991450000000 0.991970000000 0.992970000000 0.991680000000 0.991120000000 0.992390000000 0.991760000000 0.991890000000 0.991120000000 0.992220000000 0.992400000000 0.991880000000 0.992230000000 0.991940000000 0.992090000000 0.992610000000 0.991900000000 0.992460000000 0.992030000000 0.992030000000 0.992100000000 0.992370000000 0.992170000000 0.991170000000 0.992290000000 0.992170000000 0.992120000000 0.991740000000 0.992230000000 0.992190000000 0.992200000000 0.994490000000 0.993330000000 0.989670000000 0.992230000000 0.992700000000 0.991960000000 0.992230000000 0.992050000000 0.990530000000 0.992150000000 0.992620000000 0.992250000000 0.992130000000 0.992130000000 0.992310000000 0.992200000000 0.991210000000 0.992570000000 0.991990000000 0.992290000000 0.992220000000 0.992180000000 0.992280000000 0.992200000000 0.991990000000 0.992260000000 0.992120000000 0.992170000000 0.993020000000 0.992160000000 0.992370000000 0.992190000000 0.993570000000 0.992350000000 0.992480000000 0.991790000000 0.993000000000 0.991950000000 0.991950000000 0.992150000000 0.992890000000 0.992570000000 0.992610000000 0.992100000000 0.991590000000 0.992260000000 0.992260000000 0.992170000000 0.993630000000 0.991750000000 0.992700000000 0.992170000000 0.991570000000 0.992140000000 0.992490000000 0.992180000000 0.992690000000 0.991960000000 0.991790000000 0.992170000000 0.992010000000 0.992190000000 0.992370000000 0.992190000000 0.993670000000 0.991680000000 0.992940000000 0.992490000000 0.992840000000 0.992190000000 0.992360000000 0.992180000000 0.993230000000 0.992160000000 0.992160000000 0.992190000000 0.992220000000 0.992210000000 0.992240000000 0.992180000000 0.993000000000 0.992450000000 0.992300000000 0.992220000000 0.991890000000 0.992180000000 0.992250000000 0.992190000000 0.992250000000 0.992400000000 0.991950000000 0.992190000000 0.991520000000 0.992180000000 0.992210000000 0.992190000000 

N_obs: 1000

File Format:
1- most to least reliable channels (taken entropies)
2- most to least reliable channels (taken error probabilities)
3- channels entropies (flipped)
4- channels error probabilities (flipped)
5- number of MontCarlo simulations
