511 510 509 508 507 506 505 504 503 502 501 500 499 498 497 496 495 494 493 492 491 490 489 488 487 486 485 484 483 482 481 479 478 477 476 475 474 473 472 471 470 469 468 467 466 465 463 462 461 460 459 458 457 455 454 453 451 447 446 445 444 443 442 441 440 439 438 437 436 435 434 433 431 430 429 428 427 426 425 423 422 421 419 415 414 413 412 411 410 409 407 406 405 403 399 383 382 381 380 379 378 377 376 375 374 373 372 371 370 369 367 366 365 364 363 359 351 350 349 347 343 335 319 318 317 315 311 255 254 253 252 251 250 249 247 246 245 243 239 223 398 362 395 238 358 361 237 348 397 235 346 480 391 342 355 191 357 222 452 303 341 464 345 432 334 339 420 450 449 231 456 418 424 248 404 417 219 408 402 316 242 333 401 396 244 331 314 313 368 394 241 360 221 309 356 310 236 234 393 390 354 215 327 344 233 340 307 353 287 230 302 190 389 127 338 189 448 229 220 337 301 332 416 218 387 207 187 330 312 400 299 227 217 240 329 308 214 286 392 183 232 326 126 213 306 295 352 285 188 125 388 325 175 228 305 300 211 206 283 186 123 159 63 336 119 95 111 205 323 185 226 298 386 279 216 271 203 182 31 199 297 225 143 181 328 385 47 79 179 167 55 151 171 59 124 212 155 294 174 61 87 173 103 157 284 91 62 158 107 93 115 121 117 293 15 122 109 291 94 118 110 210 282 324 263 281 209 304 275 267 135 39 277 71 269 23 204 278 270 184 195 29 27 322 30 201 202 197 7 321 198 139 147 51 163 75 43 83 99 141 142 45 177 180 77 46 78 53 165 296 57 169 178 149 224 153 54 166 85 150 58 101 89 259 170 105 154 172 86 113 102 35 19 67 384 131 60 11 156 90 289 106 3 114 92 116 292 108 120 14 13 290 273 265 261 193 280 25 262 208 137 37 133 49 145 69 41 161 21 73 81 274 97 276 268 266 257 28 38 134 33 17 70 9 22 65 129 5 200 196 194 1 320 26 140 44 146 50 138 162 52 76 74 148 164 176 42 6 56 82 168 152 98 84 100 88 104 112 288 272 264 258 260 12 192 24 34 136 18 36 66 40 48 72 130 144 132 68 20 10 160 80 96 256 16 32 8 64 4 2 128 0 

511 510 509 508 507 506 505 504 503 502 501 500 499 498 497 496 495 494 493 492 491 490 489 488 487 486 485 484 483 482 481 479 478 477 476 475 474 473 472 471 470 469 468 467 466 465 463 462 461 460 459 458 457 455 454 453 451 447 446 445 444 443 442 441 440 439 438 437 436 435 434 433 431 430 429 428 427 426 425 423 422 421 419 415 414 413 412 411 410 409 407 406 405 403 399 383 382 381 380 379 378 377 376 375 374 373 372 371 370 369 367 366 365 364 363 359 351 350 349 347 343 335 319 318 317 315 311 255 254 253 252 251 250 249 247 246 245 243 239 223 398 362 238 395 358 361 237 397 348 235 346 480 391 342 355 191 357 452 222 303 341 464 345 432 334 339 420 450 449 231 456 418 424 248 404 417 219 408 402 316 242 396 401 333 244 331 314 313 368 394 241 221 236 356 310 309 360 234 354 390 393 344 215 327 307 233 340 338 353 389 230 302 287 190 448 127 229 189 301 337 220 416 332 387 218 207 330 187 400 312 299 227 217 240 329 308 392 214 232 286 326 306 352 183 213 388 295 285 325 126 188 300 228 305 336 211 206 386 186 283 323 298 125 226 216 175 205 328 185 385 297 225 123 279 182 212 294 203 284 159 324 304 181 271 293 210 199 119 322 282 124 179 174 291 209 204 281 184 111 321 296 173 224 278 384 95 122 202 171 167 63 277 157 201 121 158 51 292 115 151 195 93 118 147 180 197 270 263 198 166 155 208 90 29 290 3 79 61 77 43 143 27 276 91 275 110 101 92 135 47 267 106 11 89 141 193 109 23 177 178 176 273 38 9 35 268 261 154 7 280 164 288 88 152 97 73 75 107 116 170 49 289 74 13 145 320 146 24 17 26 69 192 18 130 81 260 60 112 169 52 84 136 28 33 50 1 54 20 144 21 272 32 129 104 264 36 128 40 132 258 44 80 196 83 160 76 0 2 133 16 96 8 256 4 37 34 64 12 48 39 72 68 161 156 56 142 168 10 266 262 25 134 42 66 100 65 85 5 57 138 274 257 41 98 120 194 150 70 149 153 200 259 46 58 14 102 82 162 131 148 265 140 6 108 165 137 78 71 113 86 269 105 19 99 22 163 117 53 67 114 59 172 30 45 139 94 103 15 87 55 31 62 

0.000000000000 0.000000000000 0.000000000000 0.000000000000 0.000000000000 0.000000000000 0.000000000000 0.000000000000 0.000000000000 0.000000000000 0.000000000000 0.000000000000 0.000000000000 0.000000000000 0.000000000000 0.000000000000 0.000000000000 0.000000000000 0.000000000000 0.000000000000 0.000000000000 0.000000000000 0.000000000000 0.000000000000 0.000000000000 0.000000000000 0.000000000000 0.000000000000 0.000000000000 0.000000000000 0.000000000000 0.000000000001 0.000000000000 0.000000000000 0.000000000000 0.000000000000 0.000000000000 0.000000000000 0.000000000000 0.000000000000 0.000000000000 0.000000000000 0.000000000000 0.000000000000 0.000000000000 0.000000000000 0.000000000000 0.000000000200 0.000000000000 0.000000000000 0.000000000000 0.000000000000 0.000000000000 0.000000000000 0.000000000000 0.000000006740 0.000000000000 0.000000000000 0.000000000000 0.000000000050 0.000000000000 0.000000003434 0.000000005839 0.004665100000 0.000000000000 0.000000000000 0.000000000000 0.000000000000 0.000000000000 0.000000000000 0.000000000000 0.000000000000 0.000000000000 0.000000000000 0.000000000000 0.000000000000 0.000000000000 0.000000000000 0.000000000000 0.000000000316 0.000000000000 0.000000000000 0.000000000000 0.000000000000 0.000000000000 0.000000000000 0.000000000000 0.000000041778 0.000000000000 0.000000000000 0.000000000000 0.000000003396 0.000000000000 0.000000020254 0.000000791990 0.010465000000 0.000000000000 0.000000000000 0.000000000000 0.000000000000 0.000000000000 0.000000000000 0.000000000000 0.000001060000 0.000000000000 0.000000000000 0.000000000000 0.000000410270 0.000000000000 0.000003164700 0.000010501000 0.021608000000 0.000000000000 0.000000000000 0.000000000000 0.000011028000 0.000000000000 0.000051324000 0.000455050000 0.058815000000 0.000000000001 0.000514400000 0.002918000000 0.130270000000 0.013418000000 0.265160000000 0.391170000000 0.835920000000 0.000000000000 0.000000000000 0.000000000000 0.000000000000 0.000000000000 0.000000000000 0.000000000000 0.000000000000 0.000000000000 0.000000000000 0.000000000000 0.000000000000 0.000000000000 0.000000000000 0.000000000000 0.000024077000 0.000000000000 0.000000000000 0.000000000000 0.000000000000 0.000000000000 0.000000000000 0.000000000000 0.000101830000 0.000000000000 0.000000000000 0.000000000002 0.000242650000 0.000000000001 0.000562780000 0.001772600000 0.094390000000 0.000000000000 0.000000000000 0.000000000000 0.000000000000 0.000000000000 0.000000000001 0.000000000270 0.000764690000 0.000000000000 0.000000000001 0.000000000161 0.001555800000 0.000000001601 0.003488500000 0.007214400000 0.204500000000 0.000000000000 0.000000000399 0.000009338000 0.009319000000 0.000014883000 0.018847000000 0.042430000000 0.385980000000 0.000679780000 0.075608000000 0.139580000000 0.569150000000 0.244020000000 0.696360000000 0.720650000000 0.955680000000 0.000000000000 0.000000000000 0.000000000000 0.000005240700 0.000000000000 0.000016244000 0.000022015000 0.020639000000 0.000000000000 0.000267410000 0.000187030000 0.043167000000 0.001621400000 0.085355000000 0.158080000000 0.607880000000 0.000000000057 0.002420800000 0.007581500000 0.160630000000 0.023806000000 0.263970000000 0.353500000000 0.788620000000 0.091577000000 0.445980000000 0.502690000000 0.866270000000 0.518390000000 0.880910000000 0.852280000000 0.986260000000 0.002062700000 0.052064000000 0.101840000000 0.460620000000 0.173430000000 0.565220000000 0.595100000000 0.912600000000 0.265170000000 0.653720000000 0.645020000000 0.929760000000 0.614960000000 0.924100000000 0.885910000000 0.991280000000 0.291970000000 0.669280000000 0.651050000000 0.931550000000 0.632320000000 0.931720000000 0.889090000000 0.991280000000 0.577770000000 0.914630000000 0.890870000000 0.992260000000 0.816820000000 0.992150000000 0.942620000000 0.999440000000 0.000000000000 0.000000000000 0.000000000000 0.000000000000 0.000000000000 0.000000000000 0.000000000000 0.000000100550 0.000000000000 0.000000000000 0.000000000000 0.000013083000 0.000000000000 0.000006493700 0.000060297000 0.030911000000 0.000000000000 0.000000000000 0.000000000000 0.000285930000 0.000000000000 0.000450060000 0.001117300000 0.069594000000 0.000000006024 0.002232400000 0.005825400000 0.145340000000 0.024049000000 0.261100000000 0.362780000000 0.794160000000 0.000000000000 0.000000000049 0.000159270000 0.006254800000 0.000000869820 0.011734000000 0.025650000000 0.269950000000 0.000604840000 0.046378000000 0.082562000000 0.442050000000 0.162670000000 0.561550000000 0.597440000000 0.916180000000 0.013444000000 0.164660000000 0.240510000000 0.651410000000 0.306620000000 0.702500000000 0.699630000000 0.947810000000 0.340010000000 0.731570000000 0.716780000000 0.950720000000 0.685180000000 0.951030000000 0.910120000000 0.995430000000 0.000000000002 0.002586200000 0.004508100000 0.104150000000 0.013979000000 0.180680000000 0.248600000000 0.669490000000 0.061250000000 0.323640000000 0.381180000000 0.773710000000 0.397730000000 0.791700000000 0.773360000000 0.970100000000 0.139910000000 0.446050000000 0.451210000000 0.830030000000 0.432580000000 0.817370000000 0.791580000000 0.971600000000 0.416850000000 0.806700000000 0.784130000000 0.969520000000 0.735560000000 0.968030000000 0.921420000000 0.997000000000 0.186870000000 0.483380000000 0.460030000000 0.838330000000 0.444100000000 0.822130000000 0.795750000000 0.972990000000 0.428840000000 0.812310000000 0.792450000000 0.969170000000 0.733710000000 0.967050000000 0.920280000000 0.996690000000 0.379870000000 0.770840000000 0.765760000000 0.965450000000 0.732460000000 0.967470000000 0.919100000000 0.996250000000 0.640590000000 0.945060000000 0.919960000000 0.996690000000 0.835950000000 0.996680000000 0.946980000000 0.999760000000 0.003421900000 0.075818000000 0.122310000000 0.440800000000 0.186060000000 0.503630000000 0.494060000000 0.869700000000 0.217770000000 0.528400000000 0.499330000000 0.865950000000 0.492410000000 0.857510000000 0.831310000000 0.981540000000 0.222440000000 0.536730000000 0.508380000000 0.867150000000 0.485790000000 0.853220000000 0.820400000000 0.977770000000 0.453810000000 0.833980000000 0.814250000000 0.975190000000 0.755970000000 0.973890000000 0.926460000000 0.997680000000 0.219360000000 0.523900000000 0.491510000000 0.860610000000 0.465170000000 0.841950000000 0.814960000000 0.977170000000 0.448090000000 0.830100000000 0.809700000000 0.974190000000 0.749260000000 0.971500000000 0.923330000000 0.997070000000 0.393670000000 0.782580000000 0.774720000000 0.968530000000 0.738330000000 0.969030000000 0.921920000000 0.996640000000 0.648230000000 0.946600000000 0.920760000000 0.996740000000 0.835850000000 0.996550000000 0.946960000000 0.999730000000 0.196240000000 0.478660000000 0.446760000000 0.836650000000 0.436270000000 0.813520000000 0.788660000000 0.970780000000 0.418070000000 0.805400000000 0.784120000000 0.968220000000 0.733810000000 0.967180000000 0.920130000000 0.996600000000 0.393190000000 0.782480000000 0.772070000000 0.966760000000 0.739490000000 0.970110000000 0.921000000000 0.996550000000 0.641010000000 0.944920000000 0.919280000000 0.996480000000 0.834230000000 0.996150000000 0.946280000000 0.999690000000 0.325640000000 0.698490000000 0.688280000000 0.943260000000 0.689010000000 0.956170000000 0.912680000000 0.995720000000 0.651130000000 0.946850000000 0.921490000000 0.996820000000 0.835490000000 0.996440000000 0.946340000000 0.999680000000 0.503070000000 0.878570000000 0.879950000000 0.994340000000 0.837690000000 0.996880000000 0.946810000000 0.999710000000 0.719630000000 0.970320000000 0.947130000000 0.999750000000 0.856860000000 0.999750000000 0.952660000000 0.999980000000 

0.000000000000 0.000000000000 0.000000000000 0.000000000000 0.000000000000 0.000000000000 0.000000000000 0.000000000000 0.000000000000 0.000000000000 0.000000000000 0.000000000000 0.000000000000 0.000000000000 0.000000000000 0.000000000000 0.000000000000 0.000000000000 0.000000000000 0.000000000000 0.000000000000 0.000000000000 0.000000000000 0.000000000000 0.000000000000 0.000000000000 0.000000000000 0.000000000000 0.000000000000 0.000000000000 0.000000000000 0.000000000000 0.000000000000 0.000000000000 0.000000000000 0.000000000000 0.000000000000 0.000000000000 0.000000000000 0.000000000000 0.000000000000 0.000000000000 0.000000000000 0.000000000000 0.000000000000 0.000000000000 0.000000000000 0.000000000052 0.000000000000 0.000000000000 0.000000000000 0.000000000000 0.000000000000 0.000000000000 0.000000000000 0.000000002325 0.000000000000 0.000000000000 0.000000000000 0.000000000011 0.000000000000 0.000000001074 0.000000001775 0.009934200000 0.000000000000 0.000000000000 0.000000000000 0.000000000000 0.000000000000 0.000000000000 0.000000000000 0.000000000000 0.000000000000 0.000000000000 0.000000000000 0.000000000000 0.000000000000 0.000000000000 0.000000000000 0.000000000077 0.000000000000 0.000000000000 0.000000000000 0.000000000000 0.000000000000 0.000000000000 0.000000000000 0.000000014321 0.000000000000 0.000000000000 0.000000000000 0.000000000994 0.000000000000 0.000000006663 0.000000375190 0.024593000000 0.000000000000 0.000000000000 0.000000000000 0.000000000000 0.000000000000 0.000000000000 0.000000000000 0.000000559150 0.000000000000 0.000000000000 0.000000000000 0.000000187270 0.000000000000 0.000001906800 0.000006816200 0.050297000000 0.000000000000 0.000000000000 0.000000000000 0.000006519200 0.000000000000 0.000037874000 0.001572600000 0.123630000000 0.000000000000 0.001293000000 0.006316800000 0.251660000000 0.032982000000 0.469240000000 0.679290000000 0.975870000000 0.000000000000 0.000000000000 0.000000000000 0.000000000000 0.000000000000 0.000000000000 0.000000000000 0.000000000000 0.000000000000 0.000000000000 0.000000000000 0.000000000000 0.000000000000 0.000000000000 0.000000000000 0.000020304000 0.000000000000 0.000000000000 0.000000000000 0.000000000000 0.000000000000 0.000000000000 0.000000000000 0.000906360000 0.000000000000 0.000000000000 0.000000000000 0.000657640000 0.000000000000 0.001011500000 0.005646200000 0.197570000000 0.000000000000 0.000000000000 0.000000000000 0.000000000000 0.000000000000 0.000000000000 0.000000000072 0.001712000000 0.000000000000 0.000000000000 0.000000000041 0.003288200000 0.000000000449 0.005225400000 0.018700000000 0.390440000000 0.000000000000 0.000000000104 0.000007451300 0.024809000000 0.000010156000 0.044987000000 0.094336000000 0.644620000000 0.002451500000 0.168910000000 0.297170000000 0.846210000000 0.514470000000 0.931510000000 0.968800000000 0.992080000000 0.000000000000 0.000000000000 0.000000000000 0.000003078100 0.000000000000 0.000011175000 0.000016668000 0.054125000000 0.000000000000 0.000730210000 0.000901800000 0.104740000000 0.002694400000 0.186650000000 0.353600000000 0.875330000000 0.000000000014 0.008187300000 0.017086000000 0.341470000000 0.063008000000 0.522140000000 0.691160000000 0.971810000000 0.257890000000 0.790490000000 0.904820000000 0.989350000000 0.951600000000 0.991340000000 0.992070000000 0.992010000000 0.008801600000 0.166410000000 0.284120000000 0.825500000000 0.502400000000 0.931580000000 0.960960000000 0.991990000000 0.764340000000 0.974870000000 0.986960000000 0.991550000000 0.991580000000 0.992290000000 0.991910000000 0.992160000000 0.888050000000 0.990770000000 0.992590000000 0.991960000000 0.991720000000 0.992250000000 0.992470000000 0.992180000000 0.990770000000 0.992250000000 0.991960000000 0.992120000000 0.992350000000 0.992180000000 0.992300000000 0.992200000000 0.000000000000 0.000000000000 0.000000000000 0.000000000000 0.000000000000 0.000000000000 0.000000000000 0.000000037255 0.000000000000 0.000000000000 0.000000000000 0.000009396300 0.000000000000 0.000004063400 0.000052426000 0.085376000000 0.000000000000 0.000000000000 0.000000000000 0.000501210000 0.000000000000 0.000990850000 0.002942300000 0.164360000000 0.000000001961 0.007577700000 0.015634000000 0.344130000000 0.074167000000 0.540270000000 0.718560000000 0.973460000000 0.000000000000 0.000000000012 0.000373390000 0.019149000000 0.000000452480 0.040563000000 0.074606000000 0.579330000000 0.002000900000 0.130490000000 0.232500000000 0.788640000000 0.451410000000 0.909570000000 0.953990000000 0.991240000000 0.043132000000 0.457920000000 0.627240000000 0.957860000000 0.811600000000 0.982810000000 0.988350000000 0.992350000000 0.911230000000 0.990980000000 0.990710000000 0.992180000000 0.990220000000 0.992330000000 0.991800000000 0.992100000000 0.000000000000 0.008806500000 0.016310000000 0.328870000000 0.045138000000 0.500800000000 0.663990000000 0.962400000000 0.230930000000 0.775230000000 0.886750000000 0.990620000000 0.943500000000 0.991900000000 0.991890000000 0.991900000000 0.584320000000 0.946300000000 0.972270000000 0.992920000000 0.984790000000 0.992060000000 0.992130000000 0.992240000000 0.985660000000 0.991060000000 0.992510000000 0.992000000000 0.992680000000 0.992400000000 0.992220000000 0.992190000000 0.841930000000 0.988480000000 0.987200000000 0.992220000000 0.991140000000 0.991980000000 0.992350000000 0.992010000000 0.989430000000 0.992340000000 0.992340000000 0.992420000000 0.990590000000 0.992090000000 0.992080000000 0.992150000000 0.991530000000 0.992230000000 0.991760000000 0.992490000000 0.993160000000 0.992290000000 0.992540000000 0.992130000000 0.991660000000 0.992250000000 0.992200000000 0.992180000000 0.992410000000 0.992120000000 0.992170000000 0.992180000000 0.013770000000 0.310840000000 0.531000000000 0.938640000000 0.757350000000 0.981890000000 0.988350000000 0.992320000000 0.920540000000 0.990500000000 0.992760000000 0.992050000000 0.989430000000 0.992910000000 0.992580000000 0.992120000000 0.966280000000 0.991600000000 0.991830000000 0.992510000000 0.992040000000 0.991730000000 0.992590000000 0.992170000000 0.993290000000 0.992380000000 0.991630000000 0.992280000000 0.992670000000 0.992310000000 0.992020000000 0.992200000000 0.976840000000 0.993240000000 0.990290000000 0.991650000000 0.991580000000 0.991280000000 0.991750000000 0.992010000000 0.993930000000 0.992590000000 0.992280000000 0.992130000000 0.992180000000 0.992390000000 0.992120000000 0.992180000000 0.991370000000 0.992540000000 0.991430000000 0.992190000000 0.992030000000 0.992070000000 0.992030000000 0.992220000000 0.992580000000 0.992340000000 0.992100000000 0.992220000000 0.992870000000 0.992270000000 0.992280000000 0.992210000000 0.985960000000 0.995110000000 0.991410000000 0.992120000000 0.992910000000 0.992360000000 0.992290000000 0.992230000000 0.993990000000 0.992150000000 0.992790000000 0.992130000000 0.989270000000 0.992140000000 0.992060000000 0.992210000000 0.991680000000 0.992350000000 0.992930000000 0.992180000000 0.991500000000 0.992260000000 0.992300000000 0.992180000000 0.992220000000 0.991920000000 0.992210000000 0.992180000000 0.991950000000 0.992210000000 0.992140000000 0.992160000000 0.994070000000 0.992930000000 0.991320000000 0.992130000000 0.991540000000 0.992100000000 0.992250000000 0.992090000000 0.991870000000 0.992670000000 0.992160000000 0.992150000000 0.992640000000 0.992120000000 0.992090000000 0.992200000000 0.993430000000 0.992360000000 0.992070000000 0.992210000000 0.991740000000 0.992250000000 0.991930000000 0.992200000000 0.991980000000 0.992500000000 0.992280000000 0.992200000000 0.991360000000 0.992190000000 0.992150000000 0.992190000000 

N_obs: 1000

File Format:
1- most to least reliable channels (taken entropies)
2- most to least reliable channels (taken error probabilities)
3- channels entropies (flipped)
4- channels error probabilities (flipped)
5- number of MontCarlo simulations
