511 510 509 508 507 506 505 504 503 502 501 500 499 498 497 496 495 494 493 492 491 490 489 488 487 486 485 484 483 482 481 480 479 478 477 476 475 474 473 472 471 470 469 468 467 466 465 464 463 462 461 460 459 458 457 456 455 454 453 452 451 450 449 448 447 446 445 444 443 442 441 440 439 438 437 436 435 434 433 432 431 430 429 428 427 426 425 424 423 422 421 420 419 418 417 415 414 413 412 411 410 409 408 407 406 405 404 403 402 401 400 399 398 397 396 395 394 393 392 391 390 389 387 383 382 381 380 379 378 377 376 375 374 373 372 371 370 369 368 367 366 365 364 363 362 361 360 359 358 357 356 355 354 353 352 351 350 349 348 347 346 345 344 343 342 341 340 339 338 337 336 335 334 333 332 331 330 329 327 326 325 323 319 318 317 316 315 314 313 312 311 310 309 308 307 306 305 303 302 301 300 299 298 297 295 294 293 291 287 286 285 284 283 282 281 279 278 277 275 271 270 269 267 263 255 254 253 252 251 250 249 248 247 246 245 244 243 242 241 240 239 238 237 236 235 234 233 232 231 230 229 228 227 226 225 223 222 221 220 219 218 217 216 215 214 213 212 211 210 209 207 206 205 204 203 202 201 199 198 197 195 191 190 189 188 187 186 185 184 183 182 181 180 179 178 177 175 174 173 172 171 170 169 167 166 165 163 159 158 157 156 155 154 153 151 150 149 147 143 142 141 139 127 126 125 124 123 122 121 120 119 118 117 116 115 114 113 111 110 109 108 107 106 103 101 95 94 93 91 87 79 63 62 61 59 416 328 324 386 304 105 102 55 99 385 292 86 388 135 89 321 290 85 276 90 280 273 208 274 196 322 266 92 296 224 47 200 83 193 289 268 194 176 77 164 261 262 152 60 148 161 168 265 58 146 57 78 259 112 104 140 75 53 162 88 145 384 54 138 71 320 100 137 288 98 134 84 97 31 46 272 82 133 51 264 192 45 81 260 76 131 160 74 56 144 258 43 73 52 136 30 257 70 96 50 39 29 132 69 49 44 80 27 130 67 42 23 72 15 129 41 38 28 256 37 68 35 48 26 25 66 22 21 19 14 65 13 11 7 40 128 36 34 33 24 20 18 17 12 10 64 9 6 5 3 32 16 8 4 2 1 0 

511 510 509 508 507 506 505 504 503 502 501 500 499 498 497 496 495 494 493 492 491 490 489 488 487 486 485 484 483 482 481 480 479 478 477 476 475 474 473 472 471 470 469 468 467 466 465 464 463 462 461 460 459 458 457 456 455 454 453 452 451 450 449 448 447 446 445 444 443 442 441 440 439 438 437 436 435 434 433 432 431 430 429 428 427 426 425 424 423 422 421 420 419 418 417 415 414 413 412 411 410 409 408 407 406 405 404 403 402 401 400 399 398 397 396 395 394 393 392 391 390 389 387 383 382 381 380 379 378 377 376 375 374 373 372 371 370 369 368 367 366 365 364 363 362 361 360 359 358 357 356 355 354 353 352 351 350 349 348 347 346 345 344 343 342 341 340 339 338 337 336 335 334 333 332 331 330 329 327 326 325 323 319 318 317 316 315 314 313 312 311 310 309 308 307 306 305 303 302 301 300 299 298 297 295 294 293 291 287 286 285 284 283 282 281 279 278 277 275 271 270 269 267 263 255 254 253 252 251 250 249 248 247 246 245 244 243 242 241 240 239 238 237 236 235 234 233 232 231 230 229 228 227 226 225 223 222 221 220 219 218 217 216 215 214 213 212 211 210 209 207 206 205 204 203 202 201 199 198 197 195 191 190 189 188 187 186 185 184 183 182 181 180 179 178 177 175 174 173 172 171 170 169 167 166 165 163 159 158 157 156 155 154 153 151 150 149 147 143 142 141 139 127 126 125 124 123 122 121 120 119 118 117 116 115 114 113 111 110 109 108 107 106 103 101 95 94 93 91 87 79 63 62 61 59 416 328 105 386 102 55 324 304 99 385 292 86 388 135 89 321 290 85 276 90 280 273 208 274 196 322 266 92 296 224 47 200 83 193 289 268 194 176 77 164 261 262 152 60 148 161 168 265 58 146 57 78 259 112 104 140 75 53 162 145 320 138 100 54 88 384 84 288 134 98 137 97 71 133 82 31 272 46 264 51 45 192 81 260 76 160 131 74 56 144 258 43 73 136 52 257 70 30 96 50 132 39 69 29 49 44 80 130 67 42 27 72 129 41 38 23 256 68 28 48 37 66 15 26 35 65 25 128 40 22 21 13 36 14 7 34 19 33 12 11 18 17 3 6 9 24 64 16 32 0 1 2 8 4 5 10 20 

0.000000000000 0.000000000000 0.000000000000 0.000000000000 0.000000000000 0.000000000000 0.000000000000 0.000000000000 0.000000000000 0.000000000000 0.000000000000 0.000000000000 0.000000000000 0.000000000000 0.000000000000 0.000000000000 0.000000000000 0.000000000000 0.000000000000 0.000000000000 0.000000000000 0.000000000000 0.000000000000 0.000000000000 0.000000000000 0.000000000000 0.000000000000 0.000000000000 0.000000000000 0.000000000000 0.000000000000 0.000000000000 0.000000000000 0.000000000000 0.000000000000 0.000000000000 0.000000000000 0.000000000000 0.000000000000 0.000000000000 0.000000000000 0.000000000000 0.000000000000 0.000000000000 0.000000000000 0.000000000000 0.000000000000 0.000000000000 0.000000000000 0.000000000000 0.000000000000 0.000000000000 0.000000000000 0.000000000000 0.000000000000 0.000000000000 0.000000000000 0.000000000000 0.000000000000 0.000000000000 0.000000000000 0.000000000000 0.000000000000 0.000000000000 0.000000000000 0.000000000000 0.000000000000 0.000000000000 0.000000000000 0.000000000000 0.000000000000 0.000000000000 0.000000000000 0.000000000000 0.000000000000 0.000000000000 0.000000000000 0.000000000000 0.000000000000 0.000000000000 0.000000000000 0.000000000000 0.000000000000 0.000000000000 0.000000000000 0.000000000000 0.000000000000 0.000000000000 0.000000000000 0.000000000000 0.000000000000 0.000000000000 0.000000000000 0.000000000000 0.000000000000 0.000000000000 0.000000000000 0.000000000000 0.000000000000 0.000000000000 0.000000000000 0.000000000000 0.000000000000 0.000000000000 0.000000000000 0.000000000000 0.000000000000 0.000000000000 0.000000000000 0.000000000000 0.000000000000 0.000000000000 0.000000000000 0.000000000000 0.000000000000 0.000000000000 0.000000000000 0.000000000000 0.000000000000 0.000000000000 0.000000000000 0.000000000000 0.000000000000 0.000000000000 0.000000000000 0.000000000000 0.000000000000 0.000060268000 0.000000000000 0.000000000000 0.000000000000 0.000000000000 0.000000000000 0.000000000000 0.000000000000 0.000000000000 0.000000000000 0.000000000000 0.000000000000 0.000000000000 0.000000000000 0.000000000000 0.000000000000 0.000000000000 0.000000000000 0.000000000000 0.000000000000 0.000000000000 0.000000000000 0.000000000000 0.000000000000 0.000000000000 0.000000000000 0.000000000000 0.000000000000 0.000000000000 0.000000000000 0.000000000000 0.000000000000 0.000000000000 0.000000000000 0.000000000000 0.000000000000 0.000000000000 0.000000000000 0.000000000000 0.000000000000 0.000000000000 0.000000000000 0.000000000000 0.000000000000 0.000000000000 0.000000000000 0.000000000000 0.000000000000 0.000000000000 0.000000000000 0.000000000000 0.000000000000 0.000000000000 0.000000000000 0.000000000000 0.000000000000 0.000000000000 0.000000000000 0.000000000000 0.000000000000 0.000000000000 0.000000000000 0.000000000001 0.000000000000 0.000227230000 0.000000000000 0.000000000000 0.000000000000 0.000000000000 0.000000000000 0.000000000000 0.000000000000 0.000000000000 0.000000000000 0.000000000000 0.000000000000 0.000000000000 0.000000000000 0.000000000000 0.000000000000 0.000000000000 0.000000000000 0.000000000000 0.000000000000 0.000000000000 0.000000000000 0.000000000000 0.000000000000 0.000000000003 0.000000000000 0.000000000000 0.000000000000 0.000000000000 0.000000000000 0.000000000000 0.000000000110 0.000412180000 0.000000000000 0.000000000000 0.000000000000 0.000000000000 0.000000000000 0.000000000000 0.000000000000 0.000000000001 0.000000000000 0.000000000000 0.000000000000 0.000000000000 0.000000000000 0.000000000001 0.000000000001 0.001011100000 0.000000000000 0.000000000000 0.000000000000 0.000000000193 0.000000000000 0.000000000002 0.000000413000 0.002149400000 0.000000000000 0.000000009523 0.000000004464 0.005557500000 0.000004209900 0.016052000000 0.049404000000 0.486900000000 0.000000000000 0.000000000000 0.000000000000 0.000000000000 0.000000000000 0.000000000000 0.000000000000 0.000000000000 0.000000000000 0.000000000000 0.000000000000 0.000000000000 0.000000000000 0.000000000000 0.000000000000 0.000000000000 0.000000000000 0.000000000000 0.000000000000 0.000000000000 0.000000000000 0.000000000000 0.000000000000 0.000000000000 0.000000000000 0.000000000000 0.000000000000 0.000000000000 0.000000000000 0.000000000000 0.000000000000 0.000000000003 0.000000000000 0.000000000000 0.000000000000 0.000000000000 0.000000000000 0.000000000000 0.000000000000 0.000000000000 0.000000000000 0.000000000000 0.000000000000 0.000000000000 0.000000000000 0.000000000000 0.000000000000 0.000000000001 0.000000000000 0.000000000000 0.000000000000 0.000000000000 0.000000000000 0.000000000000 0.000000000000 0.000000000007 0.000000000000 0.000000000000 0.000000000000 0.000000000001 0.000000000000 0.000000000545 0.000000000023 0.003155100000 0.000000000000 0.000000000000 0.000000000000 0.000000000000 0.000000000000 0.000000000000 0.000000000000 0.000000000000 0.000000000000 0.000000000000 0.000000000000 0.000000000000 0.000000000000 0.000000000000 0.000000000000 0.000000000633 0.000000000000 0.000000000000 0.000000000000 0.000000000000 0.000000000000 0.000000000000 0.000000000000 0.000000129270 0.000000000000 0.000000000000 0.000000000000 0.000000003359 0.000000000000 0.000025253000 0.000000113000 0.008287100000 0.000000000000 0.000000000000 0.000000000000 0.000000000000 0.000000000000 0.000000000000 0.000000000000 0.000000020784 0.000000000000 0.000000000000 0.000000000000 0.000000078620 0.000000000000 0.000000659680 0.000049753000 0.015822000000 0.000000000000 0.000000000000 0.000000000000 0.000009087200 0.000000000000 0.000173700000 0.000382540000 0.033424000000 0.000000000000 0.000569050000 0.001361800000 0.094584000000 0.007392900000 0.198670000000 0.338730000000 0.809870000000 0.000000000000 0.000000000000 0.000000000000 0.000000000000 0.000000000000 0.000000000000 0.000000000000 0.000000000000 0.000000000000 0.000000000000 0.000000000000 0.000000000000 0.000000000000 0.000000000000 0.000000000000 0.000005268600 0.000000000000 0.000000000000 0.000000000000 0.000000000000 0.000000000000 0.000000000000 0.000000000000 0.000008259600 0.000000000000 0.000000000000 0.000000000000 0.000254530000 0.000000000000 0.000502210000 0.000662130000 0.069898000000 0.000000000000 0.000000000000 0.000000000000 0.000000000002 0.000000000000 0.000000000000 0.000000000000 0.000028923000 0.000000000000 0.000000000000 0.000000000000 0.000632580000 0.000000000010 0.001198300000 0.003736000000 0.157970000000 0.000000000000 0.000003245500 0.000000001076 0.006494800000 0.000012273000 0.012905000000 0.028552000000 0.319770000000 0.000180250000 0.050759000000 0.106210000000 0.526010000000 0.211460000000 0.681150000000 0.734170000000 0.953100000000 0.000000000000 0.000000000000 0.000000000000 0.000000038523 0.000000000000 0.000000645650 0.000002867900 0.013307000000 0.000000000000 0.000062398000 0.000020814000 0.030227000000 0.001479700000 0.070803000000 0.131740000000 0.577390000000 0.000000000004 0.000895650000 0.003301600000 0.133910000000 0.016362000000 0.241470000000 0.347940000000 0.787640000000 0.080293000000 0.424640000000 0.506950000000 0.874260000000 0.558200000000 0.892820000000 0.907120000000 0.986690000000 0.000693480000 0.043577000000 0.083147000000 0.461010000000 0.184870000000 0.597570000000 0.634390000000 0.923070000000 0.267950000000 0.686160000000 0.701290000000 0.938620000000 0.709030000000 0.941390000000 0.947160000000 0.992160000000 0.328540000000 0.732500000000 0.737400000000 0.950170000000 0.755740000000 0.951390000000 0.954470000000 0.992650000000 0.784660000000 0.961520000000 0.963390000000 0.993720000000 0.969460000000 0.995460000000 0.996080000000 0.999530000000 

0.000000000000 0.000000000000 0.000000000000 0.000000000000 0.000000000000 0.000000000000 0.000000000000 0.000000000000 0.000000000000 0.000000000000 0.000000000000 0.000000000000 0.000000000000 0.000000000000 0.000000000000 0.000000000000 0.000000000000 0.000000000000 0.000000000000 0.000000000000 0.000000000000 0.000000000000 0.000000000000 0.000000000000 0.000000000000 0.000000000000 0.000000000000 0.000000000000 0.000000000000 0.000000000000 0.000000000000 0.000000000000 0.000000000000 0.000000000000 0.000000000000 0.000000000000 0.000000000000 0.000000000000 0.000000000000 0.000000000000 0.000000000000 0.000000000000 0.000000000000 0.000000000000 0.000000000000 0.000000000000 0.000000000000 0.000000000000 0.000000000000 0.000000000000 0.000000000000 0.000000000000 0.000000000000 0.000000000000 0.000000000000 0.000000000000 0.000000000000 0.000000000000 0.000000000000 0.000000000000 0.000000000000 0.000000000000 0.000000000000 0.000000000000 0.000000000000 0.000000000000 0.000000000000 0.000000000000 0.000000000000 0.000000000000 0.000000000000 0.000000000000 0.000000000000 0.000000000000 0.000000000000 0.000000000000 0.000000000000 0.000000000000 0.000000000000 0.000000000000 0.000000000000 0.000000000000 0.000000000000 0.000000000000 0.000000000000 0.000000000000 0.000000000000 0.000000000000 0.000000000000 0.000000000000 0.000000000000 0.000000000000 0.000000000000 0.000000000000 0.000000000000 0.000000000000 0.000000000000 0.000000000000 0.000000000000 0.000000000000 0.000000000000 0.000000000000 0.000000000000 0.000000000000 0.000000000000 0.000000000000 0.000000000000 0.000000000000 0.000000000000 0.000000000000 0.000000000000 0.000000000000 0.000000000000 0.000000000000 0.000000000000 0.000000000000 0.000000000000 0.000000000000 0.000000000000 0.000000000000 0.000000000000 0.000000000000 0.000000000000 0.000000000000 0.000000000000 0.000000000000 0.000000000000 0.001048700000 0.000000000000 0.000000000000 0.000000000000 0.000000000000 0.000000000000 0.000000000000 0.000000000000 0.000000000000 0.000000000000 0.000000000000 0.000000000000 0.000000000000 0.000000000000 0.000000000000 0.000000000000 0.000000000000 0.000000000000 0.000000000000 0.000000000000 0.000000000000 0.000000000000 0.000000000000 0.000000000000 0.000000000000 0.000000000000 0.000000000000 0.000000000000 0.000000000000 0.000000000000 0.000000000000 0.000000000000 0.000000000000 0.000000000000 0.000000000000 0.000000000000 0.000000000000 0.000000000000 0.000000000000 0.000000000000 0.000000000000 0.000000000000 0.000000000000 0.000000000000 0.000000000000 0.000000000000 0.000000000000 0.000000000000 0.000000000000 0.000000000000 0.000000000000 0.000000000000 0.000000000000 0.000000000000 0.000000000000 0.000000000000 0.000000000000 0.000000000000 0.000000000000 0.000000000000 0.000000000000 0.000000000000 0.000000000000 0.000000000000 0.000366830000 0.000000000000 0.000000000000 0.000000000000 0.000000000000 0.000000000000 0.000000000000 0.000000000000 0.000000000000 0.000000000000 0.000000000000 0.000000000000 0.000000000000 0.000000000000 0.000000000000 0.000000000000 0.000000000000 0.000000000000 0.000000000000 0.000000000000 0.000000000000 0.000000000000 0.000000000000 0.000000000000 0.000000000001 0.000000000000 0.000000000000 0.000000000000 0.000000000000 0.000000000000 0.000000000000 0.000000000033 0.001146100000 0.000000000000 0.000000000000 0.000000000000 0.000000000000 0.000000000000 0.000000000000 0.000000000000 0.000000000000 0.000000000000 0.000000000000 0.000000000000 0.000000000000 0.000000000000 0.000000000000 0.000000000000 0.003270500000 0.000000000000 0.000000000000 0.000000000000 0.000000000061 0.000000000000 0.000000000000 0.000000245070 0.004773000000 0.000000000000 0.000000003797 0.000000001548 0.015082000000 0.000002733900 0.045391000000 0.107230000000 0.800160000000 0.000000000000 0.000000000000 0.000000000000 0.000000000000 0.000000000000 0.000000000000 0.000000000000 0.000000000000 0.000000000000 0.000000000000 0.000000000000 0.000000000000 0.000000000000 0.000000000000 0.000000000000 0.000000000000 0.000000000000 0.000000000000 0.000000000000 0.000000000000 0.000000000000 0.000000000000 0.000000000000 0.000000000000 0.000000000000 0.000000000000 0.000000000000 0.000000000000 0.000000000000 0.000000000000 0.000000000000 0.000000000001 0.000000000000 0.000000000000 0.000000000000 0.000000000000 0.000000000000 0.000000000000 0.000000000000 0.000000000000 0.000000000000 0.000000000000 0.000000000000 0.000000000000 0.000000000000 0.000000000000 0.000000000000 0.000000000000 0.000000000000 0.000000000000 0.000000000000 0.000000000000 0.000000000000 0.000000000000 0.000000000000 0.000000000002 0.000000000000 0.000000000000 0.000000000000 0.000000000000 0.000000000000 0.000000000180 0.000000000005 0.008993800000 0.000000000000 0.000000000000 0.000000000000 0.000000000000 0.000000000000 0.000000000000 0.000000000000 0.000000000000 0.000000000000 0.000000000000 0.000000000000 0.000000000000 0.000000000000 0.000000000000 0.000000000000 0.000000000209 0.000000000000 0.000000000000 0.000000000000 0.000000000000 0.000000000000 0.000000000000 0.000000000000 0.000000067549 0.000000000000 0.000000000000 0.000000000000 0.000000001156 0.000000000000 0.000031402000 0.000000057949 0.019892000000 0.000000000000 0.000000000000 0.000000000000 0.000000000000 0.000000000000 0.000000000000 0.000000000000 0.000000008198 0.000000000000 0.000000000000 0.000000000000 0.000000035444 0.000000000000 0.000000400050 0.000062983000 0.041034000000 0.000000000000 0.000000000000 0.000000000000 0.000006776000 0.000000000000 0.000535950000 0.001611600000 0.088622000000 0.000000000000 0.001186200000 0.002670100000 0.212450000000 0.020069000000 0.420730000000 0.631560000000 0.977060000000 0.000000000000 0.000000000000 0.000000000000 0.000000000000 0.000000000000 0.000000000000 0.000000000000 0.000000000000 0.000000000000 0.000000000000 0.000000000000 0.000000000000 0.000000000000 0.000000000000 0.000000000000 0.000003710500 0.000000000000 0.000000000000 0.000000000000 0.000000000000 0.000000000000 0.000000000000 0.000000000000 0.000006557400 0.000000000000 0.000000000000 0.000000000000 0.000810930000 0.000000000000 0.001223700000 0.001991400000 0.182260000000 0.000000000000 0.000000000000 0.000000000000 0.000000000000 0.000000000000 0.000000000000 0.000000000000 0.001021400000 0.000000000000 0.000000000000 0.000000000000 0.001123700000 0.000000000003 0.002817100000 0.011492000000 0.335920000000 0.000000000000 0.000002306900 0.000000000361 0.018584000000 0.000011051000 0.033023000000 0.076249000000 0.600570000000 0.002139800000 0.142970000000 0.252630000000 0.823210000000 0.497150000000 0.941100000000 0.975830000000 0.996080000000 0.000000000000 0.000000000000 0.000000000000 0.000000017393 0.000000000000 0.000000365950 0.000002215300 0.034448000000 0.000000000000 0.000971200000 0.000015850000 0.090001000000 0.005042400000 0.185320000000 0.314650000000 0.872550000000 0.000000000001 0.004222300000 0.008909800000 0.335900000000 0.048056000000 0.536920000000 0.723240000000 0.977330000000 0.246060000000 0.795760000000 0.895500000000 0.994270000000 0.962980000000 0.995550000000 0.995710000000 0.996090000000 0.003022300000 0.148740000000 0.270140000000 0.829130000000 0.550130000000 0.947460000000 0.976970000000 0.996050000000 0.796290000000 0.988940000000 0.993500000000 0.996350000000 0.995560000000 0.995920000000 0.995940000000 0.996090000000 0.942340000000 0.995370000000 0.994200000000 0.995830000000 0.995890000000 0.996230000000 0.996030000000 0.996110000000 0.995510000000 0.996000000000 0.996160000000 0.996140000000 0.995960000000 0.996100000000 0.996090000000 0.996090000000 

N_obs: 1000

File Format:
1- most to least reliable channels (taken entropies)
2- most to least reliable channels (taken error probabilities)
3- channels entropies (flipped)
4- channels error probabilities (flipped)
5- number of MontCarlo simulations
