511 510 509 508 507 506 505 504 503 502 501 500 499 498 497 495 494 493 492 491 490 489 487 486 485 483 479 478 477 476 475 474 473 471 470 469 467 463 462 461 459 455 447 446 445 444 443 442 441 439 438 437 435 431 430 429 427 415 383 382 381 379 375 255 423 488 482 481 484 468 414 465 367 472 496 454 466 460 377 413 457 458 380 436 411 440 453 254 451 426 378 373 351 425 428 374 434 433 422 371 253 464 480 421 407 456 366 365 412 376 452 363 251 419 410 399 409 450 432 350 319 372 406 247 370 252 424 449 405 359 349 369 250 239 420 364 191 223 127 347 249 403 398 362 318 343 246 418 317 335 245 408 397 361 315 243 287 311 303 237 235 358 417 238 231 222 395 207 183 159 126 175 348 187 221 215 219 95 123 125 189 119 111 63 190 357 404 391 355 448 368 346 248 345 402 341 342 339 334 333 331 401 316 327 244 314 309 313 310 307 242 299 302 396 301 295 241 286 360 285 283 230 279 234 229 233 214 218 271 236 186 206 174 173 213 167 394 171 227 181 217 205 182 203 393 211 220 185 158 122 179 118 110 151 121 103 155 94 109 115 107 416 157 87 124 79 188 117 199 93 91 143 62 390 61 356 389 55 59 47 31 387 354 353 344 340 338 337 330 332 329 400 326 325 306 298 308 323 312 297 300 294 293 305 282 284 291 281 277 275 278 240 228 172 170 169 210 165 232 270 202 154 204 269 166 201 108 153 212 105 180 106 178 163 83 85 156 267 226 147 102 101 89 150 116 78 86 149 92 216 209 177 90 392 75 114 77 99 198 113 120 263 71 184 197 60 57 142 141 139 58 51 43 39 225 53 45 54 388 46 135 195 30 29 27 23 386 15 385 352 328 336 324 292 296 276 322 290 274 280 273 304 321 289 164 268 168 84 100 200 82 76 266 152 148 265 146 81 74 104 73 145 88 162 44 196 41 52 42 140 137 138 98 161 69 70 50 56 176 37 262 97 208 38 49 35 67 261 112 134 28 194 133 25 26 21 259 19 224 22 131 193 13 11 14 7 384 272 264 72 40 288 36 68 80 136 320 144 260 34 20 48 33 132 24 66 160 18 17 96 65 12 258 130 10 9 129 257 192 6 5 3 16 32 8 64 4 256 128 2 1 0 

511 510 509 508 507 506 505 504 503 502 501 500 499 498 497 495 494 493 492 491 490 489 487 486 485 483 479 478 477 476 475 474 473 471 470 469 467 463 462 461 459 455 447 446 445 444 443 442 441 439 438 437 435 431 430 429 427 415 383 382 381 379 375 255 423 488 482 481 484 468 414 465 367 472 496 454 466 460 413 377 457 458 380 436 411 440 453 254 451 426 378 373 425 428 374 434 433 422 421 480 253 371 366 351 464 407 412 365 456 452 376 410 363 419 399 251 432 409 450 406 372 350 424 319 449 370 405 252 359 247 420 369 349 364 403 250 398 418 362 347 408 249 361 239 397 417 343 246 318 404 358 348 448 368 245 395 317 223 357 402 335 391 346 315 355 243 248 238 401 396 191 360 342 237 416 207 345 127 311 235 339 183 244 303 126 316 159 287 167 333 341 309 199 213 119 354 286 173 393 124 190 314 229 61 103 334 205 331 308 305 94 219 285 184 228 340 387 39 181 236 202 163 394 166 195 356 38 153 77 180 282 204 299 43 392 152 212 54 233 182 209 109 330 206 280 338 114 101 120 284 169 133 226 240 75 329 171 84 160 164 289 176 56 197 93 261 22 98 274 50 14 259 290 188 291 168 149 267 86 11 112 67 272 224 27 150 268 19 386 5 196 41 232 65 12 322 208 262 68 324 118 79 9 35 74 352 24 46 193 304 400 3 17 1 281 52 87 34 33 59 170 260 96 73 162 146 234 293 321 172 326 388 16 0 200 8 4 135 130 201 37 256 144 323 137 128 80 276 288 36 216 32 320 132 64 20 192 18 104 57 384 258 129 40 6 2 161 29 298 21 66 76 99 292 145 257 10 15 48 136 225 72 26 264 88 140 60 194 83 42 148 82 53 306 49 25 266 44 131 336 30 273 13 58 102 275 269 7 97 81 154 265 313 100 70 51 139 158 141 28 138 271 332 85 185 263 186 210 296 89 55 156 69 389 71 90 134 113 78 165 122 177 106 92 105 143 327 297 294 277 31 385 23 142 45 300 198 328 178 211 227 108 325 107 157 278 312 270 121 344 310 337 151 218 116 174 307 91 62 147 301 203 353 117 217 95 220 230 215 47 110 302 242 390 214 115 125 295 111 155 241 179 283 175 279 221 189 231 123 222 63 187 

0.000000000000 0.000000000000 0.000000000000 0.000000000000 0.000000000000 0.000000000000 0.000000000000 0.000000000000 0.000000000000 0.000000000000 0.000000000000 0.000000000000 0.000000000000 0.000000000000 0.000000000000 0.000000000003 0.000000000000 0.000000000000 0.000000000000 0.000000000000 0.000000000000 0.000000000000 0.000000000000 0.000000000000 0.000000000000 0.000000000000 0.000000000000 0.000000000000 0.000000000000 0.000000000000 0.000000000000 0.001643300000 0.000000000000 0.000000000000 0.000000000000 0.000000000000 0.000000000000 0.000000000000 0.000000000000 0.000000000003 0.000000000000 0.000000000000 0.000000000000 0.000000000000 0.000000000000 0.000000000058 0.000000000001 0.001543400000 0.000000000000 0.000000000000 0.000000000000 0.000000000317 0.000000000000 0.000000004208 0.000000000581 0.003125300000 0.000000000000 0.000000000033 0.000000052369 0.009149900000 0.000000177240 0.024625000000 0.066803000000 0.528430000000 0.000000000000 0.000000000000 0.000000000000 0.000000000000 0.000000000000 0.000000000000 0.000000000000 0.000000050604 0.000000000000 0.000000000000 0.000000000000 0.000000023839 0.000000000000 0.000270870000 0.000376710000 0.024625000000 0.000000000000 0.000000000000 0.000000000000 0.000092361000 0.000000000000 0.000000654290 0.000061541000 0.061118000000 0.000000000000 0.000644200000 0.002252400000 0.124430000000 0.012158000000 0.251500000000 0.383790000000 0.834650000000 0.000000000000 0.000000000001 0.000000000407 0.005973900000 0.000000032610 0.013049000000 0.023057000000 0.307460000000 0.002426300000 0.039699000000 0.067045000000 0.482240000000 0.177110000000 0.636780000000 0.702410000000 0.944770000000 0.013552000000 0.192870000000 0.309010000000 0.757770000000 0.414620000000 0.813670000000 0.820190000000 0.969450000000 0.482830000000 0.848000000000 0.853540000000 0.974980000000 0.871980000000 0.980060000000 0.982120000000 0.997800000000 0.000000000000 0.000000000000 0.000000000000 0.000000006654 0.000000000000 0.000001605000 0.000000000402 0.008424800000 0.000000000000 0.000228090000 0.000012491000 0.035102000000 0.000657460000 0.052093000000 0.103490000000 0.541420000000 0.000000000003 0.003203600000 0.003643900000 0.133140000000 0.009424700000 0.197470000000 0.311470000000 0.763900000000 0.068230000000 0.383430000000 0.464800000000 0.849570000000 0.527850000000 0.884640000000 0.894700000000 0.985500000000 0.000019143000 0.029274000000 0.069809000000 0.430760000000 0.166160000000 0.564740000000 0.586610000000 0.901790000000 0.241960000000 0.653270000000 0.650590000000 0.925390000000 0.665810000000 0.931760000000 0.933410000000 0.989960000000 0.287750000000 0.675620000000 0.681570000000 0.935110000000 0.696440000000 0.934640000000 0.936660000000 0.989200000000 0.715170000000 0.944960000000 0.945250000000 0.990560000000 0.952000000000 0.992400000000 0.993530000000 0.999160000000 0.029342000000 0.241040000000 0.285480000000 0.703210000000 0.330500000000 0.730180000000 0.741360000000 0.952050000000 0.346650000000 0.746020000000 0.730280000000 0.950620000000 0.748440000000 0.949600000000 0.955210000000 0.993280000000 0.349030000000 0.757690000000 0.760980000000 0.952400000000 0.756340000000 0.949770000000 0.952320000000 0.992030000000 0.762820000000 0.952890000000 0.954930000000 0.991210000000 0.956600000000 0.992690000000 0.993600000000 0.999090000000 0.341150000000 0.763460000000 0.770460000000 0.955900000000 0.772240000000 0.955720000000 0.957050000000 0.992950000000 0.789120000000 0.959330000000 0.957830000000 0.992250000000 0.959140000000 0.992850000000 0.993240000000 0.999000000000 0.806590000000 0.965470000000 0.965900000000 0.993660000000 0.968020000000 0.994240000000 0.994310000000 0.999010000000 0.971350000000 0.995320000000 0.995670000000 0.999210000000 0.996260000000 0.999460000000 0.999550000000 0.999940000000 0.000000000000 0.000000110050 0.001189900000 0.059520000000 0.009438000000 0.118670000000 0.176450000000 0.582820000000 0.048565000000 0.249770000000 0.298320000000 0.721200000000 0.337930000000 0.753140000000 0.762890000000 0.962170000000 0.122220000000 0.388180000000 0.377190000000 0.807630000000 0.382320000000 0.793550000000 0.799410000000 0.965020000000 0.405320000000 0.787270000000 0.794520000000 0.962500000000 0.818240000000 0.968100000000 0.973090000000 0.996340000000 0.154750000000 0.411200000000 0.434280000000 0.820580000000 0.434600000000 0.806020000000 0.818520000000 0.969180000000 0.434320000000 0.805410000000 0.812720000000 0.966380000000 0.820240000000 0.964820000000 0.969250000000 0.995420000000 0.416280000000 0.809050000000 0.819170000000 0.965880000000 0.819630000000 0.965680000000 0.966150000000 0.994200000000 0.837220000000 0.970260000000 0.971720000000 0.994780000000 0.975360000000 0.996000000000 0.996690000000 0.999550000000 0.152030000000 0.460280000000 0.440200000000 0.835760000000 0.433100000000 0.807800000000 0.823040000000 0.971390000000 0.420340000000 0.819190000000 0.818450000000 0.966660000000 0.827930000000 0.967540000000 0.969340000000 0.995260000000 0.426870000000 0.812080000000 0.812720000000 0.963760000000 0.816220000000 0.963880000000 0.964480000000 0.993830000000 0.813250000000 0.966050000000 0.964920000000 0.993650000000 0.967650000000 0.994700000000 0.995100000000 0.999330000000 0.425880000000 0.823710000000 0.834650000000 0.968000000000 0.829970000000 0.965850000000 0.966270000000 0.994250000000 0.829460000000 0.968630000000 0.968960000000 0.994280000000 0.968160000000 0.994330000000 0.994590000000 0.999180000000 0.844200000000 0.972300000000 0.972330000000 0.994890000000 0.972480000000 0.995080000000 0.994940000000 0.999130000000 0.975320000000 0.995820000000 0.996040000000 0.999310000000 0.996470000000 0.999470000000 0.999540000000 0.999940000000 0.157790000000 0.426550000000 0.436670000000 0.835380000000 0.436490000000 0.825350000000 0.829670000000 0.971290000000 0.447300000000 0.827950000000 0.836370000000 0.968670000000 0.832990000000 0.969640000000 0.970610000000 0.995820000000 0.452900000000 0.829370000000 0.830930000000 0.966250000000 0.833130000000 0.967300000000 0.966550000000 0.994420000000 0.829910000000 0.968350000000 0.968400000000 0.994130000000 0.970200000000 0.995090000000 0.995400000000 0.999350000000 0.434770000000 0.830830000000 0.839680000000 0.969100000000 0.840060000000 0.969380000000 0.968410000000 0.994640000000 0.834820000000 0.968920000000 0.967770000000 0.993950000000 0.967690000000 0.994200000000 0.994370000000 0.999110000000 0.835740000000 0.968840000000 0.969840000000 0.994210000000 0.969530000000 0.994370000000 0.994480000000 0.999060000000 0.971370000000 0.995210000000 0.995100000000 0.999110000000 0.995650000000 0.999310000000 0.999380000000 0.999920000000 0.455390000000 0.844750000000 0.848740000000 0.972040000000 0.857450000000 0.972520000000 0.972230000000 0.995250000000 0.855870000000 0.973660000000 0.973190000000 0.994830000000 0.972870000000 0.995230000000 0.995430000000 0.999300000000 0.858500000000 0.975040000000 0.973470000000 0.994750000000 0.972880000000 0.994850000000 0.994780000000 0.999090000000 0.972940000000 0.995430000000 0.995290000000 0.999110000000 0.995500000000 0.999250000000 0.999300000000 0.999900000000 0.870690000000 0.978600000000 0.978670000000 0.995840000000 0.978780000000 0.996120000000 0.996050000000 0.999310000000 0.979210000000 0.996380000000 0.996220000000 0.999260000000 0.996280000000 0.999340000000 0.999350000000 0.999900000000 0.981810000000 0.997230000000 0.997070000000 0.999450000000 0.997210000000 0.999510000000 0.999510000000 0.999920000000 0.997580000000 0.999610000000 0.999630000000 0.999940000000 0.999690000000 0.999950000000 0.999960000000 0.999990000000 

0.000000000000 0.000000000000 0.000000000000 0.000000000000 0.000000000000 0.000000000000 0.000000000000 0.000000000000 0.000000000000 0.000000000000 0.000000000000 0.000000000000 0.000000000000 0.000000000000 0.000000000000 0.000000000001 0.000000000000 0.000000000000 0.000000000000 0.000000000000 0.000000000000 0.000000000000 0.000000000000 0.000000000000 0.000000000000 0.000000000000 0.000000000000 0.000000000000 0.000000000000 0.000000000000 0.000000000000 0.003947100000 0.000000000000 0.000000000000 0.000000000000 0.000000000000 0.000000000000 0.000000000000 0.000000000000 0.000000000001 0.000000000000 0.000000000000 0.000000000000 0.000000000000 0.000000000000 0.000000000015 0.000000000000 0.005684400000 0.000000000000 0.000000000000 0.000000000000 0.000000000093 0.000000000000 0.000000001362 0.000000000172 0.016772000000 0.000000000000 0.000000000008 0.000000021284 0.022055000000 0.000000075255 0.063926000000 0.156940000000 0.837460000000 0.000000000000 0.000000000000 0.000000000000 0.000000000000 0.000000000000 0.000000000000 0.000000000000 0.000000020788 0.000000000000 0.000000000000 0.000000000000 0.000000008129 0.000000000000 0.000359830000 0.000675170000 0.045899000000 0.000000000000 0.000000000000 0.000000000000 0.000091623000 0.000000000000 0.000000271590 0.000049477000 0.141700000000 0.000000000000 0.002025500000 0.003356700000 0.278120000000 0.031859000000 0.498700000000 0.703480000000 0.985210000000 0.000000000000 0.000000000000 0.000000000109 0.012534000000 0.000000011359 0.024248000000 0.058175000000 0.592910000000 0.008146900000 0.104150000000 0.177770000000 0.808410000000 0.428450000000 0.933480000000 0.970410000000 0.996080000000 0.037122000000 0.487800000000 0.692850000000 0.977820000000 0.892090000000 0.995820000000 0.995040000000 0.995920000000 0.946790000000 0.996940000000 0.996210000000 0.996090000000 0.995750000000 0.996060000000 0.996280000000 0.996100000000 0.000000000000 0.000000000000 0.000000000000 0.000000002356 0.000000000000 0.000000837590 0.000000000109 0.022625000000 0.000000000000 0.000278630000 0.000007514800 0.108400000000 0.004530900000 0.170090000000 0.287240000000 0.870190000000 0.000000000001 0.004935200000 0.012668000000 0.324310000000 0.031124000000 0.512320000000 0.669050000000 0.978180000000 0.246290000000 0.811350000000 0.915690000000 0.995840000000 0.961970000000 0.994630000000 0.996630000000 0.996070000000 0.004999900000 0.134840000000 0.287950000000 0.835820000000 0.545210000000 0.946820000000 0.986450000000 0.996440000000 0.757550000000 0.983090000000 0.993680000000 0.995740000000 0.991750000000 0.995960000000 0.996460000000 0.996150000000 0.946120000000 0.995380000000 0.993610000000 0.996180000000 0.995520000000 0.995950000000 0.996010000000 0.996310000000 0.996250000000 0.996090000000 0.996360000000 0.996070000000 0.996100000000 0.996070000000 0.996090000000 0.996100000000 0.155180000000 0.781320000000 0.895700000000 0.992640000000 0.961700000000 0.995210000000 0.996160000000 0.996390000000 0.989320000000 0.996460000000 0.994080000000 0.995580000000 0.996550000000 0.996140000000 0.995600000000 0.996080000000 0.992110000000 0.996900000000 0.996610000000 0.996310000000 0.995910000000 0.996110000000 0.996250000000 0.996200000000 0.997100000000 0.996250000000 0.996090000000 0.996120000000 0.996040000000 0.996030000000 0.996020000000 0.996100000000 0.993150000000 0.994830000000 0.995660000000 0.995980000000 0.997200000000 0.995870000000 0.996080000000 0.995950000000 0.997580000000 0.996380000000 0.996260000000 0.996100000000 0.996160000000 0.996030000000 0.996160000000 0.996050000000 0.996180000000 0.996390000000 0.996160000000 0.996060000000 0.996050000000 0.996140000000 0.996160000000 0.996130000000 0.996190000000 0.996070000000 0.996020000000 0.996080000000 0.996030000000 0.996110000000 0.996120000000 0.996100000000 0.000000000000 0.000000041144 0.004188200000 0.245730000000 0.040239000000 0.464600000000 0.625920000000 0.966580000000 0.246740000000 0.780140000000 0.887110000000 0.992090000000 0.966200000000 0.996940000000 0.997160000000 0.996000000000 0.689370000000 0.969810000000 0.983920000000 0.995790000000 0.990280000000 0.996080000000 0.995940000000 0.996060000000 0.998010000000 0.996790000000 0.995220000000 0.995740000000 0.996340000000 0.995990000000 0.996120000000 0.996050000000 0.906470000000 0.998500000000 0.997830000000 0.996790000000 0.995660000000 0.996470000000 0.996730000000 0.996100000000 0.996840000000 0.996940000000 0.994410000000 0.995930000000 0.996340000000 0.996190000000 0.995940000000 0.996070000000 0.985870000000 0.995950000000 0.995520000000 0.995910000000 0.996610000000 0.995810000000 0.996090000000 0.996090000000 0.994280000000 0.996310000000 0.996020000000 0.996060000000 0.995840000000 0.996130000000 0.996080000000 0.996100000000 0.977830000000 0.995180000000 0.997910000000 0.996040000000 0.998930000000 0.996190000000 0.996190000000 0.995720000000 0.992050000000 0.995940000000 0.995780000000 0.995860000000 0.997180000000 0.996320000000 0.996230000000 0.996020000000 0.997460000000 0.996500000000 0.994990000000 0.996090000000 0.996010000000 0.996080000000 0.995990000000 0.996040000000 0.993470000000 0.995830000000 0.996230000000 0.996010000000 0.995810000000 0.996080000000 0.996110000000 0.996010000000 0.992900000000 0.996180000000 0.996370000000 0.996200000000 0.997120000000 0.996160000000 0.995850000000 0.995930000000 0.996460000000 0.996060000000 0.996040000000 0.996130000000 0.996580000000 0.996080000000 0.996120000000 0.996100000000 0.996250000000 0.996290000000 0.996180000000 0.996130000000 0.996180000000 0.996180000000 0.996100000000 0.996120000000 0.996090000000 0.996220000000 0.995990000000 0.996100000000 0.996150000000 0.996090000000 0.996110000000 0.996100000000 0.988830000000 0.992580000000 0.997020000000 0.995150000000 0.998220000000 0.996230000000 0.996400000000 0.995980000000 0.994500000000 0.996070000000 0.996680000000 0.996490000000 0.996980000000 0.995960000000 0.996220000000 0.996050000000 0.997110000000 0.996880000000 0.995950000000 0.996350000000 0.996360000000 0.996240000000 0.996240000000 0.996100000000 0.995330000000 0.996160000000 0.995970000000 0.996160000000 0.996120000000 0.996030000000 0.996160000000 0.996080000000 0.996750000000 0.995600000000 0.996020000000 0.996240000000 0.996560000000 0.996210000000 0.996200000000 0.996130000000 0.996080000000 0.996050000000 0.996190000000 0.996010000000 0.996130000000 0.996130000000 0.996160000000 0.996100000000 0.996070000000 0.996230000000 0.995850000000 0.996120000000 0.996000000000 0.996070000000 0.996080000000 0.996130000000 0.996210000000 0.996160000000 0.996200000000 0.996070000000 0.996050000000 0.996110000000 0.996060000000 0.996100000000 0.998730000000 0.996570000000 0.995230000000 0.996130000000 0.996080000000 0.996160000000 0.996100000000 0.996020000000 0.996200000000 0.995940000000 0.996140000000 0.996080000000 0.996170000000 0.996030000000 0.996140000000 0.996120000000 0.996850000000 0.996080000000 0.996300000000 0.996150000000 0.995910000000 0.996130000000 0.996060000000 0.996110000000 0.995760000000 0.995840000000 0.996100000000 0.996100000000 0.996070000000 0.996080000000 0.996080000000 0.996100000000 0.996270000000 0.996150000000 0.996110000000 0.996180000000 0.996050000000 0.996130000000 0.996140000000 0.996080000000 0.996290000000 0.996020000000 0.996110000000 0.996100000000 0.996060000000 0.996100000000 0.996080000000 0.996090000000 0.996120000000 0.996030000000 0.996160000000 0.996070000000 0.996050000000 0.996120000000 0.996070000000 0.996090000000 0.996160000000 0.996110000000 0.996060000000 0.996090000000 0.996080000000 0.996110000000 0.996080000000 0.996090000000 

N_obs: 200

File Format:
1- most to least reliable channels (taken entropies)
2- most to least reliable channels (taken error probabilities)
3- channels entropies (flipped)
4- channels error probabilities (flipped)
5- number of MontCarlo simulations
