511 510 509 508 507 506 505 504 503 502 501 500 499 498 497 496 495 494 493 492 491 490 489 488 487 486 485 484 483 482 481 479 478 477 476 475 474 473 472 471 470 469 468 467 466 465 463 462 461 460 459 458 457 455 454 453 451 447 446 445 444 443 442 441 440 439 438 437 436 435 434 433 431 430 429 428 427 426 425 423 422 421 419 415 414 413 412 411 410 409 407 406 405 403 399 398 397 395 383 382 381 380 379 378 377 376 375 374 373 372 371 370 369 367 366 365 364 363 362 361 359 358 357 355 351 350 349 347 343 335 319 318 317 315 311 255 254 253 252 251 250 249 247 246 245 243 239 237 223 238 348 342 391 341 480 235 303 345 464 452 456 231 346 432 339 449 424 191 420 222 418 450 334 333 408 331 417 404 316 394 221 396 248 402 401 368 314 393 244 310 327 219 356 309 241 360 236 353 242 215 354 233 313 389 344 234 340 287 390 302 190 448 307 338 387 337 301 230 127 416 332 229 189 220 330 218 400 299 312 207 329 187 227 217 392 308 240 326 286 214 306 295 352 388 232 325 285 183 213 126 305 300 188 336 228 125 386 283 175 211 206 323 298 186 159 123 119 95 226 111 205 63 216 328 279 385 185 297 203 271 225 182 294 199 284 181 212 324 179 124 293 174 173 171 167 304 157 158 291 155 151 122 121 282 143 210 117 107 118 109 115 87 93 103 110 91 94 281 79 61 322 209 59 62 47 55 278 204 31 277 275 321 184 270 202 269 296 201 267 384 263 198 197 224 180 195 178 177 292 170 172 166 169 165 154 150 290 153 163 149 156 147 142 141 120 289 139 106 116 86 114 108 90 105 102 85 101 89 92 83 135 77 113 78 75 58 54 53 99 60 280 57 51 71 43 45 46 39 208 30 276 29 27 23 274 320 15 273 268 266 265 200 262 196 261 259 194 193 164 176 168 148 146 162 152 140 145 138 161 137 84 100 82 76 74 73 104 52 134 81 88 288 41 42 44 50 98 70 133 56 69 49 37 38 112 97 35 67 131 26 28 25 21 19 22 13 14 11 272 264 7 260 258 257 192 136 144 72 40 36 68 132 160 80 34 20 48 24 33 66 18 130 17 96 65 12 129 10 9 6 5 3 256 32 16 8 64 128 4 2 1 0 

511 510 509 508 507 506 505 504 503 502 501 500 499 498 497 496 495 494 493 492 491 490 489 488 487 486 485 484 483 482 481 479 478 477 476 475 474 473 472 471 470 469 468 467 466 465 463 462 461 460 459 458 457 455 454 453 451 447 446 445 444 443 442 441 440 439 438 437 436 435 434 433 431 430 429 428 427 426 425 423 422 421 419 415 414 413 412 411 410 409 407 406 405 403 399 398 397 395 383 382 381 380 379 378 377 376 375 374 373 372 371 370 369 367 366 365 364 363 362 361 359 358 357 355 351 350 349 347 343 335 319 318 317 315 311 255 254 253 252 251 250 249 247 246 245 243 239 237 223 238 348 342 391 341 480 235 303 345 464 452 456 231 346 432 339 449 424 191 420 222 418 450 334 408 333 331 417 404 316 394 221 396 248 402 368 401 314 393 244 310 327 219 356 309 241 360 236 242 354 233 389 234 313 340 302 287 353 344 390 215 190 448 337 307 338 387 416 301 230 332 229 127 220 330 189 400 312 218 299 329 207 227 392 187 326 308 217 240 286 306 214 352 388 325 232 295 285 213 305 300 336 183 386 228 188 323 126 298 283 211 206 328 385 226 186 216 125 297 205 175 225 294 185 279 324 284 212 123 304 203 182 293 159 322 282 271 210 181 199 291 119 124 281 209 321 296 384 204 174 179 184 111 278 173 224 122 95 121 277 292 171 202 201 275 158 167 63 157 270 290 93 289 110 155 117 107 118 280 180 178 269 172 154 320 106 195 85 53 156 91 197 165 29 265 47 31 147 99 163 59 177 86 89 57 108 60 45 78 168 152 153 200 261 42 69 196 146 76 276 274 26 150 115 133 120 208 46 164 134 105 68 137 90 25 52 145 100 288 39 161 169 38 75 81 19 74 24 11 97 112 80 194 51 192 162 27 198 65 14 17 9 67 40 73 6 66 129 7 128 32 10 260 18 1 2 64 0 28 4 8 5 34 36 33 149 88 96 44 259 41 3 48 144 23 258 72 256 132 140 136 257 50 148 160 16 272 21 13 35 56 262 20 12 37 130 138 131 268 193 22 176 98 264 84 49 83 104 116 273 70 15 135 58 92 143 82 266 55 263 61 139 101 267 166 141 170 113 30 102 71 43 114 142 54 77 62 151 79 103 94 109 87 

0.000000000000 0.000000000000 0.000000000000 0.000000000000 0.000000000000 0.000000000000 0.000000000000 0.000000000000 0.000000000000 0.000000000000 0.000000000000 0.000000000000 0.000000000000 0.000000000000 0.000000000000 0.000000000000 0.000000000000 0.000000000000 0.000000000000 0.000000000000 0.000000000000 0.000000000000 0.000000000000 0.000000000000 0.000000000000 0.000000000000 0.000000000000 0.000000000000 0.000000000000 0.000000000000 0.000000000000 0.000000000000 0.000000000000 0.000000000000 0.000000000000 0.000000000000 0.000000000000 0.000000000000 0.000000000000 0.000000000000 0.000000000000 0.000000000000 0.000000000000 0.000000000000 0.000000000000 0.000000000000 0.000000000000 0.000000000000 0.000000000000 0.000000000000 0.000000000000 0.000000000000 0.000000000000 0.000000000000 0.000000000000 0.000000000000 0.000000000000 0.000000000000 0.000000000000 0.000000000000 0.000000000000 0.000000000013 0.000000000001 0.000788400000 0.000000000000 0.000000000000 0.000000000000 0.000000000000 0.000000000000 0.000000000000 0.000000000000 0.000000000000 0.000000000000 0.000000000000 0.000000000000 0.000000000000 0.000000000000 0.000000000000 0.000000000000 0.000000000001 0.000000000000 0.000000000000 0.000000000000 0.000000000000 0.000000000000 0.000000000000 0.000000000000 0.000000000002 0.000000000000 0.000000000000 0.000000000000 0.000000000005 0.000000000000 0.000000000006 0.000000000699 0.002233200000 0.000000000000 0.000000000000 0.000000000000 0.000000000000 0.000000000000 0.000000000000 0.000000000000 0.000000000047 0.000000000000 0.000000000000 0.000000000000 0.000000001466 0.000000000000 0.000000081169 0.000000104560 0.007877000000 0.000000000000 0.000000000000 0.000000000000 0.000000031855 0.000000000000 0.000000023570 0.000000898650 0.020863000000 0.000000000000 0.000249170000 0.000121770000 0.051605000000 0.001414500000 0.134820000000 0.251830000000 0.754910000000 0.000000000000 0.000000000000 0.000000000000 0.000000000000 0.000000000000 0.000000000000 0.000000000000 0.000000000000 0.000000000000 0.000000000000 0.000000000000 0.000000000000 0.000000000000 0.000000000000 0.000000000000 0.000000120480 0.000000000000 0.000000000000 0.000000000000 0.000000000000 0.000000000000 0.000000000000 0.000000000000 0.000014502000 0.000000000000 0.000000000000 0.000000000000 0.000003701800 0.000000000000 0.000097357000 0.000041070000 0.050476000000 0.000000000000 0.000000000000 0.000000000000 0.000000000000 0.000000000000 0.000000000001 0.000000000000 0.000163450000 0.000000000000 0.000000000000 0.000000000000 0.000197520000 0.000000000001 0.001243000000 0.001423800000 0.104650000000 0.000000000000 0.000000000024 0.000000000046 0.002484200000 0.000000000105 0.004910900000 0.010737000000 0.237670000000 0.000001871300 0.024604000000 0.054301000000 0.433520000000 0.156120000000 0.610440000000 0.695080000000 0.941630000000 0.000000000000 0.000000000000 0.000000000000 0.000000005830 0.000000000000 0.000000224570 0.000120030000 0.009155600000 0.000000000000 0.000001553800 0.000005639700 0.021942000000 0.000889990000 0.044453000000 0.090926000000 0.514000000000 0.000000000000 0.000583330000 0.001505900000 0.091625000000 0.007910200000 0.176040000000 0.275980000000 0.738240000000 0.047286000000 0.354640000000 0.449650000000 0.846930000000 0.518550000000 0.874030000000 0.891280000000 0.984250000000 0.000231910000 0.024866000000 0.055444000000 0.386020000000 0.134890000000 0.532640000000 0.589580000000 0.911790000000 0.246190000000 0.652240000000 0.673820000000 0.930820000000 0.692890000000 0.936940000000 0.944140000000 0.991640000000 0.307080000000 0.718860000000 0.730370000000 0.947140000000 0.744370000000 0.947790000000 0.951630000000 0.992290000000 0.766270000000 0.955990000000 0.959600000000 0.993130000000 0.965530000000 0.994690000000 0.995560000000 0.999440000000 0.000000000000 0.000000000000 0.000000000000 0.000000000000 0.000000000000 0.000000000000 0.000000000000 0.000000034721 0.000000000000 0.000000000000 0.000000000000 0.000000982940 0.000000000000 0.000068486000 0.000010681000 0.023101000000 0.000000000000 0.000000000000 0.000000000000 0.000034395000 0.000000000000 0.000185290000 0.000114290000 0.053533000000 0.000000000001 0.001932300000 0.003005500000 0.119810000000 0.015571000000 0.224670000000 0.321910000000 0.782210000000 0.000000000000 0.000000000006 0.000000026779 0.004494800000 0.000002938000 0.007869400000 0.017764000000 0.237350000000 0.000092645000 0.034601000000 0.064721000000 0.418570000000 0.148950000000 0.555530000000 0.611450000000 0.921660000000 0.009488200000 0.150510000000 0.229160000000 0.657670000000 0.304740000000 0.725810000000 0.740480000000 0.954260000000 0.367780000000 0.767680000000 0.774250000000 0.958970000000 0.801980000000 0.965550000000 0.970100000000 0.996140000000 0.000000000002 0.000715200000 0.003081700000 0.093933000000 0.015389000000 0.182570000000 0.258390000000 0.700440000000 0.062492000000 0.337490000000 0.396860000000 0.799470000000 0.433820000000 0.820470000000 0.838950000000 0.974980000000 0.144080000000 0.455820000000 0.472630000000 0.853740000000 0.476760000000 0.849150000000 0.857210000000 0.976350000000 0.494660000000 0.854590000000 0.860150000000 0.974860000000 0.875930000000 0.978760000000 0.981230000000 0.997420000000 0.184050000000 0.517630000000 0.516650000000 0.877050000000 0.521030000000 0.867930000000 0.874820000000 0.979470000000 0.521560000000 0.873970000000 0.876840000000 0.977100000000 0.881100000000 0.978550000000 0.980400000000 0.997080000000 0.551130000000 0.887650000000 0.889940000000 0.979940000000 0.894350000000 0.980710000000 0.981290000000 0.996960000000 0.905890000000 0.983950000000 0.985200000000 0.997390000000 0.987020000000 0.998030000000 0.998290000000 0.999780000000 0.002022100000 0.069395000000 0.120460000000 0.441500000000 0.185460000000 0.526630000000 0.532050000000 0.890850000000 0.219400000000 0.569370000000 0.562760000000 0.897020000000 0.573870000000 0.898130000000 0.907080000000 0.986050000000 0.226100000000 0.587610000000 0.572220000000 0.898830000000 0.566790000000 0.895710000000 0.899680000000 0.983480000000 0.587290000000 0.901360000000 0.902280000000 0.982340000000 0.911700000000 0.984840000000 0.986490000000 0.998100000000 0.220650000000 0.588370000000 0.587050000000 0.904160000000 0.588330000000 0.899450000000 0.903840000000 0.984030000000 0.579780000000 0.897680000000 0.901670000000 0.981950000000 0.905500000000 0.982610000000 0.983980000000 0.997550000000 0.592320000000 0.908590000000 0.906080000000 0.983030000000 0.909280000000 0.983230000000 0.983470000000 0.997230000000 0.915250000000 0.985090000000 0.985520000000 0.997380000000 0.987000000000 0.997950000000 0.998180000000 0.999750000000 0.232740000000 0.615840000000 0.602440000000 0.911760000000 0.613660000000 0.909380000000 0.913950000000 0.985460000000 0.624290000000 0.909390000000 0.910680000000 0.983690000000 0.915040000000 0.984790000000 0.985640000000 0.997790000000 0.623490000000 0.917090000000 0.917060000000 0.984750000000 0.916280000000 0.984450000000 0.984370000000 0.997330000000 0.918130000000 0.985710000000 0.985680000000 0.997350000000 0.986540000000 0.997720000000 0.997930000000 0.999710000000 0.657710000000 0.927280000000 0.930860000000 0.987130000000 0.931600000000 0.987100000000 0.987380000000 0.997870000000 0.934990000000 0.988330000000 0.988160000000 0.997740000000 0.988330000000 0.997960000000 0.998080000000 0.999710000000 0.943040000000 0.990930000000 0.990920000000 0.998290000000 0.991260000000 0.998430000000 0.998470000000 0.999740000000 0.992450000000 0.998830000000 0.998880000000 0.999800000000 0.999030000000 0.999850000000 0.999880000000 0.999980000000 

0.000000000000 0.000000000000 0.000000000000 0.000000000000 0.000000000000 0.000000000000 0.000000000000 0.000000000000 0.000000000000 0.000000000000 0.000000000000 0.000000000000 0.000000000000 0.000000000000 0.000000000000 0.000000000000 0.000000000000 0.000000000000 0.000000000000 0.000000000000 0.000000000000 0.000000000000 0.000000000000 0.000000000000 0.000000000000 0.000000000000 0.000000000000 0.000000000000 0.000000000000 0.000000000000 0.000000000000 0.000000000000 0.000000000000 0.000000000000 0.000000000000 0.000000000000 0.000000000000 0.000000000000 0.000000000000 0.000000000000 0.000000000000 0.000000000000 0.000000000000 0.000000000000 0.000000000000 0.000000000000 0.000000000000 0.000000000000 0.000000000000 0.000000000000 0.000000000000 0.000000000000 0.000000000000 0.000000000000 0.000000000000 0.000000000000 0.000000000000 0.000000000000 0.000000000000 0.000000000000 0.000000000000 0.000000000003 0.000000000000 0.002436500000 0.000000000000 0.000000000000 0.000000000000 0.000000000000 0.000000000000 0.000000000000 0.000000000000 0.000000000000 0.000000000000 0.000000000000 0.000000000000 0.000000000000 0.000000000000 0.000000000000 0.000000000000 0.000000000000 0.000000000000 0.000000000000 0.000000000000 0.000000000000 0.000000000000 0.000000000000 0.000000000000 0.000000000000 0.000000000000 0.000000000000 0.000000000000 0.000000000001 0.000000000000 0.000000000001 0.000000000236 0.005390400000 0.000000000000 0.000000000000 0.000000000000 0.000000000000 0.000000000000 0.000000000000 0.000000000000 0.000000000012 0.000000000000 0.000000000000 0.000000000000 0.000000000509 0.000000000000 0.000000038858 0.000000051925 0.015976000000 0.000000000000 0.000000000000 0.000000000000 0.000000012673 0.000000000000 0.000000008414 0.000000530360 0.056022000000 0.000000000000 0.001723500000 0.000146760000 0.135230000000 0.004291100000 0.274120000000 0.500350000000 0.962950000000 0.000000000000 0.000000000000 0.000000000000 0.000000000000 0.000000000000 0.000000000000 0.000000000000 0.000000000000 0.000000000000 0.000000000000 0.000000000000 0.000000000000 0.000000000000 0.000000000000 0.000000000000 0.000000050447 0.000000000000 0.000000000000 0.000000000000 0.000000000000 0.000000000000 0.000000000000 0.000000000000 0.000014558000 0.000000000000 0.000000000000 0.000000000000 0.000002307100 0.000000000000 0.000132750000 0.001027100000 0.124860000000 0.000000000000 0.000000000000 0.000000000000 0.000000000000 0.000000000000 0.000000000000 0.000000000000 0.001366500000 0.000000000000 0.000000000000 0.000000000000 0.000276560000 0.000000000000 0.003640200000 0.002792100000 0.243200000000 0.000000000000 0.000000000007 0.000000000013 0.006507400000 0.000000000028 0.015258000000 0.029934000000 0.473100000000 0.000001219500 0.066017000000 0.135570000000 0.735750000000 0.351110000000 0.895870000000 0.961020000000 0.995640000000 0.000000000000 0.000000000000 0.000000000000 0.000000002283 0.000000000000 0.000000104410 0.000265150000 0.025312000000 0.000000000000 0.000000907620 0.000003508300 0.066998000000 0.003588000000 0.108110000000 0.217790000000 0.817030000000 0.000000000000 0.000932120000 0.005564100000 0.234570000000 0.025907000000 0.399060000000 0.594170000000 0.962580000000 0.159800000000 0.704560000000 0.840020000000 0.990390000000 0.936220000000 0.994490000000 0.995130000000 0.996040000000 0.000971530000 0.087546000000 0.187820000000 0.767690000000 0.403970000000 0.898620000000 0.951030000000 0.995360000000 0.722540000000 0.980400000000 0.990140000000 0.996010000000 0.992850000000 0.996010000000 0.996170000000 0.996110000000 0.913520000000 0.994460000000 0.995470000000 0.996140000000 0.996310000000 0.996240000000 0.995840000000 0.996150000000 0.996270000000 0.996120000000 0.996010000000 0.996090000000 0.996100000000 0.996100000000 0.996110000000 0.996100000000 0.000000000000 0.000000000000 0.000000000000 0.000000000000 0.000000000000 0.000000000000 0.000000000000 0.000000015739 0.000000000000 0.000000000000 0.000000000000 0.000000585960 0.000000000000 0.000087831000 0.000007859200 0.068331000000 0.000000000000 0.000000000000 0.000000000000 0.000030958000 0.000000000000 0.000262060000 0.000139870000 0.158650000000 0.000000000000 0.006240800000 0.010280000000 0.311060000000 0.053121000000 0.523920000000 0.697270000000 0.982280000000 0.000000000000 0.000000000001 0.000000011185 0.014682000000 0.000002244600 0.025375000000 0.067143000000 0.564250000000 0.001961900000 0.121650000000 0.202180000000 0.792240000000 0.437160000000 0.913600000000 0.960830000000 0.996020000000 0.041934000000 0.462840000000 0.640000000000 0.966180000000 0.823920000000 0.992000000000 0.992600000000 0.996010000000 0.930680000000 0.996080000000 0.995810000000 0.996010000000 0.995700000000 0.996070000000 0.996140000000 0.996070000000 0.000000000000 0.002044900000 0.015362000000 0.326740000000 0.064862000000 0.547320000000 0.716840000000 0.978460000000 0.271440000000 0.839370000000 0.917990000000 0.995440000000 0.973870000000 0.995460000000 0.995910000000 0.996140000000 0.658530000000 0.969510000000 0.981230000000 0.995520000000 0.991960000000 0.996330000000 0.996050000000 0.995980000000 0.993080000000 0.996310000000 0.995820000000 0.996030000000 0.995900000000 0.996070000000 0.996050000000 0.996110000000 0.885460000000 0.992920000000 0.994360000000 0.995760000000 0.995250000000 0.995620000000 0.996000000000 0.995990000000 0.996660000000 0.996020000000 0.996100000000 0.996110000000 0.995900000000 0.996010000000 0.996040000000 0.996100000000 0.996230000000 0.996460000000 0.996330000000 0.996100000000 0.996280000000 0.996130000000 0.996040000000 0.996100000000 0.996190000000 0.996030000000 0.996020000000 0.996100000000 0.996140000000 0.996130000000 0.996080000000 0.996090000000 0.014290000000 0.361720000000 0.568000000000 0.949240000000 0.804920000000 0.986990000000 0.989880000000 0.996020000000 0.939010000000 0.995360000000 0.995270000000 0.996170000000 0.996020000000 0.996430000000 0.996350000000 0.996070000000 0.979060000000 0.995200000000 0.997070000000 0.995970000000 0.995340000000 0.995650000000 0.996040000000 0.996170000000 0.996930000000 0.996410000000 0.996310000000 0.996040000000 0.995900000000 0.996150000000 0.996060000000 0.996100000000 0.989380000000 0.997010000000 0.994660000000 0.996220000000 0.995770000000 0.996040000000 0.995940000000 0.996100000000 0.997210000000 0.995930000000 0.995700000000 0.996150000000 0.996160000000 0.996240000000 0.996050000000 0.996070000000 0.996900000000 0.995980000000 0.996560000000 0.996010000000 0.996050000000 0.996060000000 0.996080000000 0.996100000000 0.996420000000 0.996180000000 0.996010000000 0.996040000000 0.996080000000 0.996080000000 0.996080000000 0.996090000000 0.993700000000 0.996570000000 0.996270000000 0.995980000000 0.995900000000 0.996220000000 0.995940000000 0.996120000000 0.996270000000 0.996460000000 0.995720000000 0.996040000000 0.996070000000 0.996110000000 0.996160000000 0.996100000000 0.995840000000 0.996030000000 0.995980000000 0.996100000000 0.996430000000 0.996010000000 0.996100000000 0.996080000000 0.996050000000 0.996050000000 0.996130000000 0.996090000000 0.996120000000 0.996090000000 0.996090000000 0.996090000000 0.995860000000 0.996360000000 0.995830000000 0.996090000000 0.996070000000 0.996020000000 0.996040000000 0.996060000000 0.996100000000 0.996140000000 0.996120000000 0.996120000000 0.996050000000 0.996090000000 0.996080000000 0.996110000000 0.996180000000 0.996080000000 0.996120000000 0.996130000000 0.996060000000 0.996090000000 0.996080000000 0.996090000000 0.996080000000 0.996080000000 0.996090000000 0.996090000000 0.996100000000 0.996090000000 0.996090000000 0.996090000000 

N_obs: 1000

File Format:
1- most to least reliable channels (taken entropies)
2- most to least reliable channels (taken error probabilities)
3- channels entropies (flipped)
4- channels error probabilities (flipped)
5- number of MontCarlo simulations
