511 510 509 508 507 506 505 503 502 501 499 495 494 493 479 491 487 477 475 504 478 500 498 497 447 492 490 489 471 486 485 446 476 445 474 463 483 383 473 496 443 470 488 469 255 439 484 444 382 467 462 127 431 381 191 319 482 415 223 239 351 247 251 442 379 253 472 367 63 375 461 254 441 95 159 459 481 287 111 31 119 455 123 125 175 207 399 303 438 468 335 183 437 126 311 187 435 231 215 423 315 407 189 343 427 317 219 411 359 235 143 221 190 413 243 47 271 429 430 79 318 347 237 349 363 222 245 414 371 15 238 380 365 350 246 373 59 377 249 466 55 366 61 250 378 374 62 465 252 103 87 199 151 167 279 391 327 295 460 115 91 93 155 157 285 94 283 107 158 451 71 39 23 286 135 263 117 457 7 109 458 440 110 453 179 121 307 203 118 395 211 419 171 299 403 29 227 454 122 331 27 30 339 355 205 480 397 174 173 124 206 301 398 333 302 181 185 313 334 309 433 229 421 213 405 182 409 425 217 436 51 186 233 434 310 99 230 341 75 83 43 422 314 147 139 406 345 163 291 275 195 357 267 214 387 323 361 241 188 316 218 410 426 234 342 35 19 67 369 11 131 259 358 57 3 220 412 428 242 346 236 46 348 78 362 244 45 142 77 141 269 270 370 364 13 53 372 14 58 376 248 60 113 54 89 105 101 153 449 281 464 85 149 165 177 197 201 305 293 169 277 209 393 401 389 297 417 325 329 225 337 353 102 25 49 92 97 156 37 69 73 41 81 21 86 145 137 133 284 161 273 289 193 265 261 321 150 385 198 166 278 114 294 390 33 17 65 9 5 129 326 257 116 1 90 108 154 456 106 450 282 452 28 120 70 22 134 204 38 262 178 172 396 6 306 300 202 180 210 394 332 402 312 418 184 170 308 226 298 228 212 420 404 330 432 338 424 408 216 232 354 340 356 344 360 240 56 368 26 52 44 76 50 140 112 268 104 98 88 100 152 82 74 42 448 146 280 162 84 138 148 290 194 274 164 200 176 168 196 392 292 266 304 276 208 296 386 400 328 322 388 324 416 224 336 352 12 24 48 34 66 72 18 40 96 36 80 68 136 20 144 10 130 132 272 160 264 288 258 192 260 320 384 32 16 8 64 2 4 128 256 0 

511 510 509 508 507 506 505 503 502 501 499 495 494 493 479 491 487 477 475 504 478 500 498 497 447 492 490 489 471 486 485 446 476 445 474 483 463 473 496 383 443 470 488 469 484 439 467 444 462 482 472 382 442 461 481 431 468 381 441 255 459 438 466 379 415 455 437 465 460 435 375 480 430 440 380 254 367 458 429 253 127 251 319 457 423 427 239 436 351 378 407 243 464 311 222 413 347 374 414 247 318 79 118 62 142 377 173 157 263 135 27 227 433 182 229 241 126 453 434 110 103 51 121 186 179 185 310 411 421 426 86 93 124 230 398 218 342 214 235 242 363 30 349 189 364 151 449 365 454 101 217 348 114 372 358 452 346 425 187 161 193 284 215 117 387 259 180 401 6 145 105 298 211 307 221 153 87 285 417 302 129 43 333 353 122 163 325 77 33 206 39 228 45 326 169 306 303 177 14 277 248 116 341 165 19 335 207 409 139 393 385 108 408 456 329 305 234 90 270 41 418 197 156 123 406 133 58 181 369 420 321 297 22 70 410 202 50 290 89 323 9 88 219 343 280 146 314 38 82 338 345 416 12 340 396 209 158 204 196 97 276 76 212 268 274 266 37 23 200 69 152 286 308 240 332 170 291 5 203 355 1 192 100 136 386 312 149 18 148 34 328 160 390 368 424 198 84 272 289 144 10 334 130 24 2 392 74 370 320 322 140 132 256 384 288 66 8 4 0 128 68 17 60 48 448 20 64 32 260 265 16 352 172 400 80 432 72 304 36 264 258 282 40 422 337 112 96 168 104 164 324 21 131 73 52 216 134 98 159 402 13 194 394 44 336 388 301 359 162 354 81 42 331 138 292 208 176 178 25 224 109 428 94 344 171 65 376 232 404 184 225 137 300 150 210 296 167 99 49 56 83 141 360 293 120 362 273 403 356 261 281 3 226 262 361 54 166 26 450 275 106 330 154 412 28 339 357 405 278 309 201 175 92 389 294 85 102 113 451 244 233 188 267 419 35 174 283 7 246 350 53 46 57 220 119 236 11 250 257 397 78 147 205 59 391 67 61 75 316 213 295 245 269 115 249 29 155 111 299 107 395 366 373 183 195 71 271 125 15 238 91 317 223 199 252 231 327 399 47 279 313 287 237 371 191 55 63 143 31 315 190 95 

0.000000000000 0.000000000000 0.000000000000 0.000000000000 0.000000000000 0.000000000000 0.000000000000 0.000000009382 0.000000000000 0.000000000000 0.000000000000 0.000000040902 0.000000000000 0.000000078756 0.000000340900 0.017257000000 0.000000000000 0.000000000000 0.000000000000 0.000004161900 0.000000000000 0.000043136000 0.000070144000 0.046611000000 0.000000000000 0.000693560000 0.002094700000 0.109050000000 0.011184000000 0.212860000000 0.327960000000 0.780460000000 0.000000000000 0.000000016320 0.000000000007 0.004479100000 0.000000001361 0.008705000000 0.015140000000 0.241120000000 0.000311160000 0.035107000000 0.063096000000 0.407420000000 0.147140000000 0.560390000000 0.602510000000 0.916440000000 0.010828000000 0.159000000000 0.245440000000 0.660820000000 0.325320000000 0.735420000000 0.726110000000 0.956420000000 0.366560000000 0.760090000000 0.743750000000 0.960410000000 0.705860000000 0.958410000000 0.915900000000 0.996290000000 0.000000712710 0.003445300000 0.006482200000 0.131870000000 0.028087000000 0.237490000000 0.315810000000 0.742770000000 0.092264000000 0.405320000000 0.427710000000 0.823330000000 0.442420000000 0.828440000000 0.808030000000 0.976920000000 0.180200000000 0.503680000000 0.503000000000 0.861720000000 0.473130000000 0.848390000000 0.819410000000 0.977440000000 0.450970000000 0.833640000000 0.812100000000 0.975640000000 0.752240000000 0.973900000000 0.926110000000 0.997680000000 0.213630000000 0.526700000000 0.498230000000 0.861190000000 0.481610000000 0.847830000000 0.818790000000 0.977880000000 0.454450000000 0.835950000000 0.815260000000 0.975920000000 0.753670000000 0.973640000000 0.924940000000 0.997310000000 0.404430000000 0.793290000000 0.785410000000 0.971410000000 0.751650000000 0.972770000000 0.924840000000 0.997120000000 0.655500000000 0.951040000000 0.925300000000 0.997390000000 0.839680000000 0.997280000000 0.948200000000 0.999810000000 0.012037000000 0.138860000000 0.187850000000 0.545280000000 0.237980000000 0.575380000000 0.558060000000 0.900300000000 0.244950000000 0.582940000000 0.552610000000 0.894750000000 0.530390000000 0.883590000000 0.855550000000 0.985870000000 0.242750000000 0.571470000000 0.548270000000 0.888560000000 0.521850000000 0.875970000000 0.842810000000 0.982220000000 0.482890000000 0.859520000000 0.838310000000 0.980730000000 0.772010000000 0.979350000000 0.931280000000 0.998250000000 0.231950000000 0.549330000000 0.515840000000 0.874480000000 0.506120000000 0.867890000000 0.836210000000 0.981140000000 0.471130000000 0.854040000000 0.832110000000 0.979870000000 0.765550000000 0.977360000000 0.928330000000 0.997770000000 0.412570000000 0.805920000000 0.797400000000 0.973600000000 0.762650000000 0.976310000000 0.926710000000 0.997360000000 0.658240000000 0.952470000000 0.926180000000 0.997530000000 0.840070000000 0.997380000000 0.947770000000 0.999800000000 0.203040000000 0.504200000000 0.473380000000 0.844410000000 0.451470000000 0.834720000000 0.801100000000 0.973750000000 0.437690000000 0.828920000000 0.806510000000 0.974090000000 0.745690000000 0.971990000000 0.923870000000 0.997210000000 0.405140000000 0.798680000000 0.792730000000 0.972230000000 0.753450000000 0.974810000000 0.925560000000 0.997220000000 0.658660000000 0.950720000000 0.924210000000 0.997120000000 0.837570000000 0.996880000000 0.946960000000 0.999740000000 0.337270000000 0.713110000000 0.699540000000 0.946480000000 0.703290000000 0.959940000000 0.916340000000 0.996340000000 0.654780000000 0.949930000000 0.924560000000 0.997210000000 0.837830000000 0.996890000000 0.946860000000 0.999710000000 0.500490000000 0.881650000000 0.880780000000 0.995000000000 0.838480000000 0.997190000000 0.947180000000 0.999720000000 0.717980000000 0.970410000000 0.947410000000 0.999770000000 0.856590000000 0.999760000000 0.952650000000 0.999980000000 0.092075000000 0.273960000000 0.240710000000 0.615290000000 0.234240000000 0.574490000000 0.559330000000 0.901160000000 0.233950000000 0.551500000000 0.526540000000 0.876360000000 0.498440000000 0.867000000000 0.842930000000 0.984080000000 0.221750000000 0.544940000000 0.512870000000 0.868360000000 0.483380000000 0.852740000000 0.824220000000 0.978550000000 0.448600000000 0.831270000000 0.812060000000 0.975360000000 0.756580000000 0.974700000000 0.926890000000 0.997710000000 0.219520000000 0.522340000000 0.495550000000 0.861000000000 0.475780000000 0.845690000000 0.821560000000 0.978020000000 0.449230000000 0.839230000000 0.814080000000 0.975380000000 0.752090000000 0.972630000000 0.924750000000 0.997220000000 0.403010000000 0.791850000000 0.779940000000 0.969840000000 0.746560000000 0.972430000000 0.923230000000 0.996940000000 0.651500000000 0.948910000000 0.923070000000 0.997100000000 0.837900000000 0.996880000000 0.947020000000 0.999760000000 0.196840000000 0.497560000000 0.470030000000 0.844280000000 0.441740000000 0.823750000000 0.800790000000 0.973910000000 0.426040000000 0.817180000000 0.798730000000 0.972570000000 0.743820000000 0.970820000000 0.923040000000 0.997040000000 0.401580000000 0.786260000000 0.786720000000 0.970940000000 0.752250000000 0.973910000000 0.924380000000 0.997050000000 0.653120000000 0.949030000000 0.922630000000 0.996900000000 0.836660000000 0.996480000000 0.946790000000 0.999720000000 0.322790000000 0.705620000000 0.697520000000 0.945590000000 0.696520000000 0.956350000000 0.913570000000 0.995880000000 0.651640000000 0.947820000000 0.922150000000 0.996850000000 0.835100000000 0.996310000000 0.946200000000 0.999660000000 0.484640000000 0.877220000000 0.878730000000 0.994040000000 0.835890000000 0.996540000000 0.946280000000 0.999650000000 0.713480000000 0.969830000000 0.946380000000 0.999690000000 0.856070000000 0.999670000000 0.952400000000 0.999980000000 0.168190000000 0.428690000000 0.389490000000 0.789680000000 0.376490000000 0.760850000000 0.743840000000 0.960500000000 0.361890000000 0.748900000000 0.725180000000 0.953350000000 0.677470000000 0.950430000000 0.905870000000 0.994590000000 0.358420000000 0.743150000000 0.732120000000 0.956300000000 0.705390000000 0.957940000000 0.911800000000 0.995230000000 0.627180000000 0.937540000000 0.913010000000 0.995510000000 0.830500000000 0.995250000000 0.945030000000 0.999610000000 0.316930000000 0.700690000000 0.693320000000 0.945020000000 0.685200000000 0.954000000000 0.910890000000 0.995450000000 0.632400000000 0.945970000000 0.919670000000 0.996510000000 0.833040000000 0.995940000000 0.945830000000 0.999620000000 0.504140000000 0.875580000000 0.878000000000 0.993630000000 0.833030000000 0.996030000000 0.945690000000 0.999590000000 0.708730000000 0.969580000000 0.945610000000 0.999620000000 0.855050000000 0.999590000000 0.952040000000 0.999970000000 0.244680000000 0.589230000000 0.571670000000 0.901540000000 0.557210000000 0.896340000000 0.859740000000 0.985460000000 0.563620000000 0.908720000000 0.894040000000 0.992450000000 0.823460000000 0.993950000000 0.943770000000 0.999510000000 0.500170000000 0.873280000000 0.877000000000 0.993460000000 0.833440000000 0.996190000000 0.945780000000 0.999600000000 0.709960000000 0.970030000000 0.945610000000 0.999620000000 0.854590000000 0.999560000000 0.951760000000 0.999960000000 0.358670000000 0.763410000000 0.753910000000 0.960420000000 0.763290000000 0.986290000000 0.942630000000 0.999460000000 0.710550000000 0.969800000000 0.945910000000 0.999650000000 0.854980000000 0.999600000000 0.951780000000 0.999960000000 0.532490000000 0.895550000000 0.888590000000 0.999350000000 0.855670000000 0.999660000000 0.952100000000 0.999970000000 0.727040000000 0.971810000000 0.952170000000 0.999970000000 0.860200000000 0.999970000000 0.953800000000 1.000000000000 

0.000000000000 0.000000000000 0.000000000000 0.000000000000 0.000000000000 0.000000000000 0.000000000000 0.000000002880 0.000000000000 0.000000000000 0.000000000000 0.000000014895 0.000000000000 0.000000027842 0.000000136720 0.043646000000 0.000000000000 0.000000000000 0.000000000000 0.000002101800 0.000000000000 0.000045065000 0.000054538000 0.106170000000 0.000000000000 0.001981900000 0.006283800000 0.245140000000 0.030814000000 0.429070000000 0.623480000000 0.961940000000 0.000000000000 0.000000005223 0.000000000001 0.014482000000 0.000000000366 0.021122000000 0.041055000000 0.494770000000 0.000531850000 0.093901000000 0.164660000000 0.726150000000 0.358930000000 0.868480000000 0.936530000000 0.990220000000 0.036168000000 0.409230000000 0.591290000000 0.949880000000 0.785050000000 0.980990000000 0.988590000000 0.992030000000 0.919240000000 0.991700000000 0.991280000000 0.991740000000 0.992450000000 0.992370000000 0.991660000000 0.992190000000 0.000000390860 0.013668000000 0.020896000000 0.366820000000 0.087953000000 0.569310000000 0.738950000000 0.970740000000 0.312190000000 0.842240000000 0.921240000000 0.989300000000 0.959440000000 0.991300000000 0.991170000000 0.992200000000 0.700580000000 0.965650000000 0.981310000000 0.992250000000 0.989100000000 0.991490000000 0.991750000000 0.992170000000 0.988830000000 0.992210000000 0.991490000000 0.992090000000 0.992490000000 0.992050000000 0.991940000000 0.992130000000 0.895820000000 0.990510000000 0.990410000000 0.992380000000 0.991480000000 0.992110000000 0.992020000000 0.992020000000 0.990180000000 0.992080000000 0.992390000000 0.992260000000 0.992340000000 0.992220000000 0.991900000000 0.992200000000 0.993530000000 0.991540000000 0.992660000000 0.992140000000 0.993050000000 0.992220000000 0.992020000000 0.992180000000 0.992670000000 0.992170000000 0.992430000000 0.992230000000 0.991840000000 0.992170000000 0.992020000000 0.992190000000 0.072169000000 0.564190000000 0.728330000000 0.975600000000 0.891870000000 0.989650000000 0.990990000000 0.992260000000 0.960470000000 0.990490000000 0.993050000000 0.991720000000 0.993740000000 0.992180000000 0.992090000000 0.992170000000 0.979530000000 0.993050000000 0.991680000000 0.991660000000 0.991640000000 0.992310000000 0.992360000000 0.992310000000 0.992230000000 0.991740000000 0.992390000000 0.992340000000 0.992160000000 0.992230000000 0.991950000000 0.992200000000 0.989300000000 0.992520000000 0.991650000000 0.991710000000 0.990480000000 0.991740000000 0.992130000000 0.992250000000 0.992120000000 0.991620000000 0.992000000000 0.992130000000 0.992390000000 0.992130000000 0.992210000000 0.992230000000 0.992010000000 0.992180000000 0.991950000000 0.992160000000 0.992240000000 0.992380000000 0.992040000000 0.992170000000 0.993510000000 0.991980000000 0.991960000000 0.992220000000 0.992110000000 0.992180000000 0.992090000000 0.992180000000 0.988560000000 0.990680000000 0.993240000000 0.992720000000 0.994190000000 0.992130000000 0.993690000000 0.992170000000 0.990240000000 0.991460000000 0.992420000000 0.992160000000 0.991920000000 0.991980000000 0.992040000000 0.992200000000 0.991990000000 0.991940000000 0.992230000000 0.992270000000 0.992970000000 0.991900000000 0.992100000000 0.992280000000 0.992780000000 0.992440000000 0.992310000000 0.992240000000 0.992160000000 0.992110000000 0.992180000000 0.992190000000 0.993700000000 0.992160000000 0.991930000000 0.991790000000 0.992500000000 0.992200000000 0.992340000000 0.992120000000 0.993640000000 0.992410000000 0.992000000000 0.992150000000 0.992370000000 0.992150000000 0.992330000000 0.992170000000 0.993170000000 0.992040000000 0.992820000000 0.992150000000 0.992470000000 0.992150000000 0.992190000000 0.992200000000 0.991030000000 0.992350000000 0.992340000000 0.992190000000 0.991870000000 0.992200000000 0.992650000000 0.992190000000 0.739870000000 0.976710000000 0.983760000000 0.993450000000 0.987850000000 0.992630000000 0.992910000000 0.992000000000 0.990620000000 0.992510000000 0.992810000000 0.992460000000 0.990190000000 0.991630000000 0.991220000000 0.992160000000 0.989140000000 0.993220000000 0.993730000000 0.992600000000 0.991630000000 0.992040000000 0.992470000000 0.992260000000 0.993500000000 0.991530000000 0.991220000000 0.991980000000 0.991140000000 0.992340000000 0.992270000000 0.992250000000 0.993260000000 0.990360000000 0.991920000000 0.992580000000 0.992120000000 0.991540000000 0.991710000000 0.992220000000 0.991800000000 0.991620000000 0.992750000000 0.992150000000 0.991910000000 0.992280000000 0.992140000000 0.992240000000 0.992010000000 0.991970000000 0.992670000000 0.992140000000 0.992160000000 0.992110000000 0.992430000000 0.992150000000 0.993320000000 0.992170000000 0.992060000000 0.992140000000 0.993080000000 0.992220000000 0.991780000000 0.992160000000 0.993800000000 0.994280000000 0.991650000000 0.992470000000 0.991750000000 0.991440000000 0.991460000000 0.992270000000 0.993060000000 0.991210000000 0.992090000000 0.991880000000 0.991450000000 0.992240000000 0.991990000000 0.992240000000 0.992430000000 0.992500000000 0.991010000000 0.992200000000 0.992260000000 0.992160000000 0.991980000000 0.992210000000 0.992290000000 0.992360000000 0.992010000000 0.992210000000 0.991960000000 0.992230000000 0.991760000000 0.992170000000 0.992220000000 0.992140000000 0.991010000000 0.992070000000 0.992920000000 0.992380000000 0.991930000000 0.992160000000 0.991660000000 0.992270000000 0.992170000000 0.992170000000 0.992660000000 0.992120000000 0.991900000000 0.992180000000 0.994050000000 0.990840000000 0.992310000000 0.992180000000 0.992020000000 0.992240000000 0.992270000000 0.992170000000 0.991030000000 0.992220000000 0.992090000000 0.992180000000 0.992220000000 0.992180000000 0.991940000000 0.992190000000 0.987780000000 0.991280000000 0.993190000000 0.991530000000 0.992070000000 0.991960000000 0.991370000000 0.992310000000 0.992590000000 0.990820000000 0.991820000000 0.992000000000 0.992900000000 0.991710000000 0.992440000000 0.992210000000 0.992930000000 0.991320000000 0.992250000000 0.992020000000 0.993010000000 0.992380000000 0.991900000000 0.992210000000 0.991370000000 0.992440000000 0.991710000000 0.992170000000 0.992290000000 0.992220000000 0.992140000000 0.992210000000 0.994590000000 0.992250000000 0.991490000000 0.992430000000 0.993220000000 0.992040000000 0.992110000000 0.992120000000 0.991930000000 0.991490000000 0.992440000000 0.992170000000 0.992300000000 0.992130000000 0.992230000000 0.992200000000 0.990700000000 0.992660000000 0.991970000000 0.992150000000 0.992690000000 0.992180000000 0.992220000000 0.992200000000 0.993130000000 0.992110000000 0.992160000000 0.992190000000 0.992680000000 0.992190000000 0.992260000000 0.992190000000 0.994000000000 0.990840000000 0.992690000000 0.992190000000 0.992670000000 0.992090000000 0.992570000000 0.992300000000 0.993940000000 0.992360000000 0.992530000000 0.992220000000 0.991370000000 0.992110000000 0.992300000000 0.992190000000 0.993580000000 0.992560000000 0.991980000000 0.992230000000 0.991950000000 0.992240000000 0.992050000000 0.992210000000 0.991980000000 0.992130000000 0.992150000000 0.992200000000 0.992490000000 0.992170000000 0.991970000000 0.992190000000 0.994170000000 0.991650000000 0.992920000000 0.992380000000 0.991100000000 0.992370000000 0.992240000000 0.992180000000 0.992150000000 0.992100000000 0.992220000000 0.992190000000 0.992010000000 0.992170000000 0.992190000000 0.992190000000 0.993210000000 0.992000000000 0.992220000000 0.992130000000 0.992630000000 0.992180000000 0.992120000000 0.992190000000 0.992510000000 0.991900000000 0.992160000000 0.992190000000 0.992340000000 0.992180000000 0.992160000000 0.992190000000 

N_obs: 1000

File Format:
1- most to least reliable channels (taken entropies)
2- most to least reliable channels (taken error probabilities)
3- channels entropies (flipped)
4- channels error probabilities (flipped)
5- number of MontCarlo simulations
