511 510 509 508 507 506 505 504 503 502 501 500 499 498 497 496 495 494 493 492 491 490 489 488 487 486 485 484 483 482 481 480 479 478 477 476 475 474 473 472 471 470 469 468 467 466 465 463 462 461 460 459 458 457 455 454 453 451 447 446 445 444 443 442 441 440 439 438 437 436 435 434 433 431 430 429 428 427 426 425 423 422 421 419 415 414 413 412 411 410 409 407 406 405 403 399 398 397 395 391 383 382 381 380 379 378 377 376 375 374 373 372 371 370 369 367 366 365 364 363 362 361 359 358 357 355 351 350 349 348 347 346 345 343 342 341 339 335 333 331 319 318 317 315 311 303 255 254 253 252 251 250 249 247 246 245 243 239 238 237 235 231 223 222 221 219 191 464 456 334 314 432 449 424 450 452 287 404 417 310 420 408 215 248 418 241 401 313 316 402 242 327 360 309 396 307 234 394 368 236 356 233 127 302 301 354 389 390 244 393 340 229 353 230 344 337 190 187 332 299 387 189 207 338 217 218 227 220 330 329 448 312 416 214 295 308 326 213 400 286 306 285 240 183 325 392 211 232 305 300 283 188 126 352 388 206 323 228 298 125 186 336 175 205 386 226 297 216 185 279 123 328 294 385 203 225 182 212 284 159 181 293 324 119 210 271 304 199 282 111 124 95 63 179 174 291 322 209 204 281 173 122 184 171 296 278 121 167 158 321 157 202 155 151 143 118 277 117 224 115 201 180 109 107 110 103 275 87 384 93 91 94 79 62 61 59 292 55 270 47 198 269 31 267 197 178 263 195 177 290 172 208 280 289 170 169 166 165 120 163 156 154 150 153 149 320 147 142 276 141 116 139 114 106 108 105 135 113 200 102 86 101 90 274 85 83 89 92 78 77 99 75 58 273 53 60 54 51 57 46 45 71 43 39 268 30 266 29 196 27 23 265 262 194 261 15 176 193 259 288 168 164 162 148 146 161 152 140 145 138 137 84 100 134 82 133 104 76 74 73 52 81 88 44 112 50 42 98 41 131 49 70 69 37 38 56 97 272 35 28 67 26 25 21 22 19 264 260 14 13 11 7 258 192 257 136 160 144 132 72 36 40 68 80 130 20 34 48 24 66 18 33 129 17 96 65 12 10 9 6 5 3 256 16 32 8 128 64 4 2 1 0 

511 510 509 508 507 506 505 504 503 502 501 500 499 498 497 496 495 494 493 492 491 490 489 488 487 486 485 484 483 482 481 480 479 478 477 476 475 474 473 472 471 470 469 468 467 466 465 463 462 461 460 459 458 457 455 454 453 451 447 446 445 444 443 442 441 440 439 438 437 436 435 434 433 431 430 429 428 427 426 425 423 422 421 419 415 414 413 412 411 410 409 407 406 405 403 399 398 397 395 391 383 382 381 380 379 378 377 376 375 374 373 372 371 370 369 367 366 365 364 363 362 361 359 358 357 355 351 350 349 348 347 346 345 343 342 341 339 335 333 331 319 318 317 315 311 303 255 254 253 252 251 250 249 247 246 245 243 239 238 237 235 231 223 222 221 219 191 464 456 334 314 432 449 424 450 452 287 404 417 310 420 408 215 248 418 241 401 313 316 402 242 327 360 309 396 307 234 394 368 236 356 233 127 301 302 354 389 390 244 393 340 229 353 230 344 337 190 187 332 299 387 189 207 338 218 330 448 329 220 227 416 217 312 326 295 213 214 308 400 286 306 285 240 325 183 392 211 232 300 305 352 283 388 188 206 298 323 228 126 336 386 186 205 125 297 226 216 175 185 328 294 385 279 225 212 284 203 182 123 324 293 304 181 210 282 322 159 199 291 271 209 204 281 179 174 124 296 119 184 321 278 173 202 224 384 122 292 277 180 111 171 201 121 158 275 290 198 270 178 118 95 208 167 157 280 197 289 269 177 117 320 63 155 172 267 195 115 151 276 263 200 61 170 169 143 165 110 166 156 109 103 107 91 163 114 120 274 196 266 288 60 54 273 78 261 106 265 29 168 43 31 150 259 153 145 99 268 176 102 149 22 50 34 59 82 257 7 138 40 65 113 141 19 164 17 72 49 193 98 12 33 81 260 144 32 5 73 129 80 24 8 262 9 6 18 68 96 20 2 0 16 14 258 1 69 264 4 160 26 256 128 3 66 136 146 108 76 56 67 64 25 37 15 140 100 130 27 13 132 41 45 21 35 148 161 133 48 104 272 52 57 10 70 74 192 97 36 93 85 83 154 88 28 131 152 86 71 11 42 162 112 194 30 89 44 134 116 92 137 51 84 142 39 77 87 53 38 105 47 23 58 75 135 46 90 62 101 139 55 94 147 79 

0.000000000000 0.000000000000 0.000000000000 0.000000000000 0.000000000000 0.000000000000 0.000000000000 0.000000000000 0.000000000000 0.000000000000 0.000000000000 0.000000000000 0.000000000000 0.000000000000 0.000000000000 0.000000000000 0.000000000000 0.000000000000 0.000000000000 0.000000000000 0.000000000000 0.000000000000 0.000000000000 0.000000000000 0.000000000000 0.000000000000 0.000000000000 0.000000000000 0.000000000000 0.000000000000 0.000000000000 0.000000000000 0.000000000000 0.000000000000 0.000000000000 0.000000000000 0.000000000000 0.000000000000 0.000000000000 0.000000000000 0.000000000000 0.000000000000 0.000000000000 0.000000000000 0.000000000000 0.000000000000 0.000000000000 0.000000000000 0.000000000000 0.000000000000 0.000000000000 0.000000000000 0.000000000000 0.000000000000 0.000000000000 0.000000000000 0.000000000000 0.000000000000 0.000000000000 0.000000000000 0.000000000000 0.000000000000 0.000000000000 0.000365850000 0.000000000000 0.000000000000 0.000000000000 0.000000000000 0.000000000000 0.000000000000 0.000000000000 0.000000000000 0.000000000000 0.000000000000 0.000000000000 0.000000000000 0.000000000000 0.000000000000 0.000000000000 0.000000000000 0.000000000000 0.000000000000 0.000000000000 0.000000000000 0.000000000000 0.000000000000 0.000000000000 0.000000000000 0.000000000000 0.000000000000 0.000000000000 0.000000000000 0.000000000000 0.000000000001 0.000000000000 0.000609420000 0.000000000000 0.000000000000 0.000000000000 0.000000000000 0.000000000000 0.000000000000 0.000000000000 0.000000000000 0.000000000000 0.000000000000 0.000000000000 0.000000000000 0.000000000000 0.000000000007 0.000000000004 0.001204600000 0.000000000000 0.000000000000 0.000000000000 0.000000000036 0.000000000000 0.000000000103 0.000000055017 0.003867900000 0.000000000000 0.000000029099 0.000000014638 0.009589000000 0.000022762000 0.025021000000 0.065039000000 0.523700000000 0.000000000000 0.000000000000 0.000000000000 0.000000000000 0.000000000000 0.000000000000 0.000000000000 0.000000000000 0.000000000000 0.000000000000 0.000000000000 0.000000000000 0.000000000000 0.000000000000 0.000000000000 0.000000000155 0.000000000000 0.000000000000 0.000000000000 0.000000000000 0.000000000000 0.000000000000 0.000000000000 0.000000000026 0.000000000000 0.000000000000 0.000000000000 0.000000000497 0.000000000000 0.000000013342 0.000000188780 0.008397800000 0.000000000000 0.000000000000 0.000000000000 0.000000000000 0.000000000000 0.000000000000 0.000000000000 0.000000611530 0.000000000000 0.000000000000 0.000000000000 0.000000176790 0.000000000000 0.000046317000 0.000000881820 0.021065000000 0.000000000000 0.000000000000 0.000000000000 0.000004935600 0.000000000000 0.000190590000 0.000293830000 0.052480000000 0.000000000022 0.000971250000 0.002583000000 0.123250000000 0.014496000000 0.246530000000 0.379410000000 0.827420000000 0.000000000000 0.000000000000 0.000000000000 0.000000000006 0.000000000000 0.000000000000 0.000000000006 0.000456210000 0.000000000000 0.000000000000 0.000000000026 0.000926160000 0.000000000055 0.001516900000 0.005390200000 0.168890000000 0.000000000000 0.000000003175 0.000000003199 0.005875500000 0.000014864000 0.014934000000 0.032364000000 0.343130000000 0.000710630000 0.059461000000 0.121240000000 0.550380000000 0.242650000000 0.681730000000 0.736510000000 0.953460000000 0.000000000000 0.001319700000 0.001518900000 0.086759000000 0.006831500000 0.174600000000 0.268420000000 0.732480000000 0.049492000000 0.361350000000 0.448970000000 0.836610000000 0.513310000000 0.870890000000 0.885140000000 0.982600000000 0.164710000000 0.554970000000 0.584930000000 0.901720000000 0.601200000000 0.907650000000 0.915370000000 0.986260000000 0.641250000000 0.921240000000 0.927620000000 0.987750000000 0.938970000000 0.990340000000 0.991950000000 0.998980000000 0.000000000000 0.000000000000 0.000000000000 0.000000000000 0.000000000000 0.000000000000 0.000000000000 0.000000000001 0.000000000000 0.000000000000 0.000000000000 0.000000048647 0.000000000000 0.000000000017 0.000000000001 0.001785400000 0.000000000000 0.000000000000 0.000000000000 0.000000000398 0.000000000000 0.000000000062 0.000000001345 0.005281000000 0.000000000000 0.000000193470 0.000000179470 0.014838000000 0.000076301000 0.030483000000 0.069675000000 0.462270000000 0.000000000000 0.000000000000 0.000000000000 0.000173790000 0.000000000000 0.000064197000 0.000057129000 0.033255000000 0.000000000000 0.000653900000 0.001182100000 0.080789000000 0.005252000000 0.155490000000 0.249430000000 0.718600000000 0.000035859000 0.010150000000 0.022065000000 0.261930000000 0.069117000000 0.408420000000 0.481610000000 0.867900000000 0.171960000000 0.569010000000 0.606920000000 0.911510000000 0.645380000000 0.924310000000 0.935170000000 0.990970000000 0.000000000000 0.000000973940 0.000023552000 0.007052900000 0.000003715800 0.017912000000 0.034632000000 0.312430000000 0.002054200000 0.071928000000 0.119620000000 0.493450000000 0.204210000000 0.610400000000 0.656460000000 0.934700000000 0.021605000000 0.204680000000 0.279910000000 0.704240000000 0.337640000000 0.739870000000 0.759210000000 0.957690000000 0.369260000000 0.774810000000 0.778960000000 0.958650000000 0.801940000000 0.964300000000 0.968820000000 0.995690000000 0.088890000000 0.374300000000 0.407360000000 0.814090000000 0.429330000000 0.818160000000 0.822910000000 0.969470000000 0.437020000000 0.819400000000 0.824940000000 0.967270000000 0.828980000000 0.968140000000 0.971200000000 0.995770000000 0.443550000000 0.834640000000 0.841110000000 0.970490000000 0.846380000000 0.971730000000 0.972630000000 0.995580000000 0.866230000000 0.976640000000 0.977750000000 0.996120000000 0.980800000000 0.997020000000 0.997450000000 0.999680000000 0.000000001359 0.007350300000 0.017611000000 0.191870000000 0.052302000000 0.302210000000 0.361810000000 0.786700000000 0.125400000000 0.446500000000 0.450840000000 0.845560000000 0.473190000000 0.848330000000 0.867300000000 0.979750000000 0.181380000000 0.506460000000 0.498090000000 0.863440000000 0.500180000000 0.859340000000 0.865560000000 0.977830000000 0.507910000000 0.869070000000 0.869750000000 0.976450000000 0.882900000000 0.980200000000 0.982220000000 0.997550000000 0.197110000000 0.527470000000 0.523750000000 0.877160000000 0.524850000000 0.870470000000 0.875420000000 0.979290000000 0.520980000000 0.869320000000 0.871580000000 0.976110000000 0.874370000000 0.977200000000 0.979060000000 0.996800000000 0.529960000000 0.879190000000 0.881540000000 0.977920000000 0.883430000000 0.978190000000 0.978710000000 0.996420000000 0.892750000000 0.981380000000 0.981660000000 0.996760000000 0.983540000000 0.997350000000 0.997670000000 0.999690000000 0.198690000000 0.536380000000 0.539870000000 0.887690000000 0.550030000000 0.885070000000 0.888970000000 0.981790000000 0.554200000000 0.888450000000 0.886470000000 0.978800000000 0.888830000000 0.979860000000 0.981340000000 0.997160000000 0.562610000000 0.890620000000 0.892100000000 0.979740000000 0.894920000000 0.980170000000 0.980220000000 0.996660000000 0.898610000000 0.981760000000 0.981740000000 0.996660000000 0.982840000000 0.997160000000 0.997430000000 0.999640000000 0.589800000000 0.907050000000 0.910130000000 0.983130000000 0.912450000000 0.983810000000 0.983830000000 0.997190000000 0.915320000000 0.985170000000 0.984760000000 0.997140000000 0.985300000000 0.997420000000 0.997550000000 0.999630000000 0.927800000000 0.988270000000 0.988410000000 0.997820000000 0.988710000000 0.997980000000 0.998020000000 0.999670000000 0.990300000000 0.998490000000 0.998560000000 0.999750000000 0.998770000000 0.999820000000 0.999840000000 0.999980000000 

0.000000000000 0.000000000000 0.000000000000 0.000000000000 0.000000000000 0.000000000000 0.000000000000 0.000000000000 0.000000000000 0.000000000000 0.000000000000 0.000000000000 0.000000000000 0.000000000000 0.000000000000 0.000000000000 0.000000000000 0.000000000000 0.000000000000 0.000000000000 0.000000000000 0.000000000000 0.000000000000 0.000000000000 0.000000000000 0.000000000000 0.000000000000 0.000000000000 0.000000000000 0.000000000000 0.000000000000 0.000000000000 0.000000000000 0.000000000000 0.000000000000 0.000000000000 0.000000000000 0.000000000000 0.000000000000 0.000000000000 0.000000000000 0.000000000000 0.000000000000 0.000000000000 0.000000000000 0.000000000000 0.000000000000 0.000000000000 0.000000000000 0.000000000000 0.000000000000 0.000000000000 0.000000000000 0.000000000000 0.000000000000 0.000000000000 0.000000000000 0.000000000000 0.000000000000 0.000000000000 0.000000000000 0.000000000000 0.000000000000 0.000648820000 0.000000000000 0.000000000000 0.000000000000 0.000000000000 0.000000000000 0.000000000000 0.000000000000 0.000000000000 0.000000000000 0.000000000000 0.000000000000 0.000000000000 0.000000000000 0.000000000000 0.000000000000 0.000000000000 0.000000000000 0.000000000000 0.000000000000 0.000000000000 0.000000000000 0.000000000000 0.000000000000 0.000000000000 0.000000000000 0.000000000000 0.000000000000 0.000000000000 0.000000000000 0.000000000000 0.000000000000 0.000977590000 0.000000000000 0.000000000000 0.000000000000 0.000000000000 0.000000000000 0.000000000000 0.000000000000 0.000000000000 0.000000000000 0.000000000000 0.000000000000 0.000000000000 0.000000000000 0.000000000002 0.000000000001 0.003261600000 0.000000000000 0.000000000000 0.000000000000 0.000000000009 0.000000000000 0.000000000029 0.000000025546 0.009400500000 0.000000000000 0.000000011690 0.000000005389 0.026973000000 0.000025147000 0.061030000000 0.152710000000 0.813400000000 0.000000000000 0.000000000000 0.000000000000 0.000000000000 0.000000000000 0.000000000000 0.000000000000 0.000000000000 0.000000000000 0.000000000000 0.000000000000 0.000000000000 0.000000000000 0.000000000000 0.000000000000 0.000000000046 0.000000000000 0.000000000000 0.000000000000 0.000000000000 0.000000000000 0.000000000000 0.000000000000 0.000000000007 0.000000000000 0.000000000000 0.000000000000 0.000000000146 0.000000000000 0.000000005278 0.000000091041 0.021349000000 0.000000000000 0.000000000000 0.000000000000 0.000000000000 0.000000000000 0.000000000000 0.000000000000 0.000000378100 0.000000000000 0.000000000000 0.000000000000 0.000000077072 0.000000000000 0.000071108000 0.000000488000 0.054286000000 0.000000000000 0.000000000000 0.000000000000 0.000003338400 0.000000000000 0.000609650000 0.000745730000 0.124520000000 0.000000000006 0.002002400000 0.007291300000 0.267670000000 0.041686000000 0.468770000000 0.679020000000 0.980310000000 0.000000000000 0.000000000000 0.000000000000 0.000000000002 0.000000000000 0.000000000000 0.000000000001 0.001815100000 0.000000000000 0.000000000000 0.000000000007 0.003219200000 0.000000000015 0.005490200000 0.018479000000 0.365430000000 0.000000000000 0.000000001195 0.000000001082 0.018413000000 0.000013040000 0.039732000000 0.087534000000 0.613240000000 0.002618700000 0.149870000000 0.279670000000 0.847790000000 0.539030000000 0.939000000000 0.974700000000 0.995800000000 0.000000000000 0.004079700000 0.006355500000 0.226430000000 0.023205000000 0.400300000000 0.593090000000 0.962160000000 0.166930000000 0.724620000000 0.865160000000 0.992560000000 0.933790000000 0.995630000000 0.995850000000 0.996130000000 0.550690000000 0.947970000000 0.975620000000 0.995990000000 0.987690000000 0.995730000000 0.995910000000 0.996100000000 0.992780000000 0.996090000000 0.995890000000 0.996080000000 0.995950000000 0.996100000000 0.996050000000 0.996100000000 0.000000000000 0.000000000000 0.000000000000 0.000000000000 0.000000000000 0.000000000000 0.000000000000 0.000000000000 0.000000000000 0.000000000000 0.000000000000 0.000000023102 0.000000000000 0.000000000004 0.000000000000 0.006847000000 0.000000000000 0.000000000000 0.000000000000 0.000000000121 0.000000000000 0.000000000017 0.000000000437 0.016910000000 0.000000000000 0.000000098990 0.000000084468 0.041982000000 0.000911380000 0.091688000000 0.189130000000 0.801400000000 0.000000000000 0.000000000000 0.000000000000 0.000820930000 0.000000000000 0.000088524000 0.001015800000 0.099148000000 0.000000000000 0.003123200000 0.002841600000 0.215560000000 0.016827000000 0.375170000000 0.559620000000 0.959590000000 0.000048941000 0.034469000000 0.075391000000 0.586250000000 0.227460000000 0.784530000000 0.902990000000 0.992890000000 0.533160000000 0.946700000000 0.974610000000 0.995650000000 0.990140000000 0.996190000000 0.996070000000 0.996130000000 0.000000000000 0.000000640380 0.000028815000 0.027879000000 0.000002271600 0.061140000000 0.112840000000 0.672620000000 0.007549100000 0.239330000000 0.373470000000 0.881900000000 0.598390000000 0.953400000000 0.976300000000 0.996000000000 0.105450000000 0.612920000000 0.783730000000 0.984570000000 0.900710000000 0.993220000000 0.993480000000 0.995920000000 0.961050000000 0.994920000000 0.994720000000 0.996060000000 0.995410000000 0.996180000000 0.996120000000 0.996100000000 0.470500000000 0.917350000000 0.961120000000 0.994950000000 0.983600000000 0.996150000000 0.995960000000 0.996160000000 0.991430000000 0.995920000000 0.996020000000 0.996120000000 0.996700000000 0.996100000000 0.995960000000 0.996080000000 0.993910000000 0.996210000000 0.996060000000 0.996110000000 0.996450000000 0.996050000000 0.996210000000 0.996100000000 0.996250000000 0.996190000000 0.996120000000 0.996120000000 0.996160000000 0.996110000000 0.996090000000 0.996100000000 0.000000000468 0.043770000000 0.076042000000 0.613150000000 0.255370000000 0.824040000000 0.916530000000 0.995600000000 0.620940000000 0.957060000000 0.980250000000 0.996200000000 0.990430000000 0.995560000000 0.996060000000 0.996180000000 0.898480000000 0.994830000000 0.995040000000 0.996110000000 0.995230000000 0.995910000000 0.996230000000 0.996130000000 0.995050000000 0.996000000000 0.996410000000 0.996110000000 0.995990000000 0.996070000000 0.996130000000 0.996090000000 0.958870000000 0.996660000000 0.996140000000 0.996200000000 0.995260000000 0.996400000000 0.996190000000 0.996150000000 0.996220000000 0.996170000000 0.996140000000 0.996210000000 0.996150000000 0.996040000000 0.996080000000 0.996090000000 0.996940000000 0.995870000000 0.996220000000 0.996110000000 0.996240000000 0.996130000000 0.996080000000 0.996070000000 0.996170000000 0.996130000000 0.996100000000 0.996090000000 0.996110000000 0.996100000000 0.996060000000 0.996110000000 0.983400000000 0.996400000000 0.993190000000 0.995810000000 0.996040000000 0.996240000000 0.996130000000 0.996110000000 0.996510000000 0.995850000000 0.996220000000 0.996130000000 0.996210000000 0.996020000000 0.996070000000 0.996120000000 0.996230000000 0.996380000000 0.996120000000 0.996190000000 0.995920000000 0.996180000000 0.996120000000 0.996050000000 0.996210000000 0.996230000000 0.996110000000 0.996140000000 0.996120000000 0.996040000000 0.996070000000 0.996080000000 0.995920000000 0.996190000000 0.995920000000 0.996160000000 0.996110000000 0.996100000000 0.996110000000 0.996090000000 0.996240000000 0.996020000000 0.996120000000 0.996090000000 0.996060000000 0.996090000000 0.996070000000 0.996090000000 0.996110000000 0.996090000000 0.996120000000 0.996070000000 0.996180000000 0.996130000000 0.996090000000 0.996090000000 0.996050000000 0.996090000000 0.996080000000 0.996100000000 0.996100000000 0.996090000000 0.996100000000 0.996090000000 

N_obs: 1000

File Format:
1- most to least reliable channels (taken entropies)
2- most to least reliable channels (taken error probabilities)
3- channels entropies (flipped)
4- channels error probabilities (flipped)
5- number of MontCarlo simulations
