511 510 509 508 507 506 505 504 503 502 501 500 499 498 497 496 495 494 493 492 491 490 489 488 487 486 485 484 483 482 481 480 479 478 477 476 475 474 473 472 471 470 469 468 467 466 465 464 463 462 461 460 459 458 457 456 455 454 453 452 451 450 449 447 446 445 444 443 442 441 440 439 438 437 436 435 434 433 432 431 430 429 428 427 426 425 424 423 422 421 420 419 418 417 415 414 413 412 411 410 409 408 407 406 405 404 403 402 401 399 398 397 396 395 394 393 391 390 389 387 383 382 381 380 379 378 377 376 375 374 373 372 371 370 369 368 367 366 365 364 363 362 361 360 359 358 357 356 355 354 353 351 350 349 348 347 346 345 344 343 342 341 340 339 338 337 335 334 333 332 331 330 329 327 326 325 323 319 318 317 316 315 314 313 312 311 310 309 308 307 306 305 303 302 301 300 299 298 297 295 294 293 291 287 286 285 284 283 282 281 279 278 277 275 271 270 269 267 255 254 253 252 251 250 249 248 247 246 245 244 243 242 241 240 239 238 237 236 235 234 233 232 231 230 229 228 227 226 225 223 222 221 220 219 218 217 216 215 214 213 212 211 210 209 207 206 205 204 203 202 201 199 198 197 195 191 190 189 188 187 186 185 184 183 182 181 180 179 178 177 175 174 173 172 171 170 169 167 166 165 159 158 157 156 155 154 153 151 149 147 143 127 126 125 124 123 122 121 120 119 118 117 116 115 111 110 109 108 107 103 95 94 93 91 87 79 63 62 61 59 263 150 114 106 102 336 113 163 352 55 400 392 448 101 139 328 386 385 92 388 296 322 304 105 90 142 321 416 141 324 224 86 280 89 292 290 289 208 273 135 99 274 196 200 266 85 268 276 265 193 83 194 77 176 168 162 164 148 58 78 152 262 145 261 112 47 75 60 146 161 138 259 57 100 320 104 140 54 384 137 88 98 53 97 288 84 71 134 31 272 133 51 192 82 46 264 81 45 160 76 260 131 56 74 144 43 258 73 52 136 30 257 70 96 50 39 29 132 69 49 44 27 80 23 15 67 130 42 41 72 129 38 28 37 35 7 256 19 11 26 25 68 21 13 14 48 22 66 65 3 40 128 33 17 9 36 5 34 6 24 18 20 12 10 1 64 32 8 16 4 2 0 

511 510 509 508 507 506 505 504 503 502 501 500 499 498 497 496 495 494 493 492 491 490 489 488 487 486 485 484 483 482 481 480 479 478 477 476 475 474 473 472 471 470 469 468 467 466 465 464 463 462 461 460 459 458 457 456 455 454 453 452 451 450 449 447 446 445 444 443 442 441 440 439 438 437 436 435 434 433 432 431 430 429 428 427 426 425 424 423 422 421 420 419 418 417 415 414 413 412 411 410 409 408 407 406 405 404 403 402 401 399 398 397 396 395 394 393 391 390 389 387 383 382 381 380 379 378 377 376 375 374 373 372 371 370 369 368 367 366 365 364 363 362 361 360 359 358 357 356 355 354 353 351 350 349 348 347 346 345 344 343 342 341 340 339 338 337 335 334 333 332 331 330 329 327 326 325 323 319 318 317 316 315 314 313 312 311 310 309 308 307 306 305 303 302 301 300 299 298 297 295 294 293 291 287 286 285 284 283 282 281 279 278 277 275 271 270 269 267 255 254 253 252 251 250 249 248 247 246 245 244 243 242 241 240 239 238 237 236 235 234 233 232 231 230 229 228 227 226 225 223 222 221 220 219 218 217 216 215 214 213 212 211 210 209 207 206 205 204 203 202 201 199 198 197 195 191 190 189 188 187 186 185 184 183 182 181 180 179 178 177 175 174 173 172 171 170 169 167 166 165 159 158 157 156 155 154 153 151 149 147 143 127 126 125 124 123 122 121 120 119 118 117 116 115 111 110 109 108 107 103 95 94 93 91 87 79 63 62 61 59 263 150 114 106 102 336 113 163 352 55 400 392 448 101 139 328 386 385 92 388 296 322 304 105 90 142 321 416 141 324 224 86 280 89 292 290 289 273 208 135 99 274 196 200 266 85 268 265 276 193 83 194 77 176 168 162 164 148 58 78 152 262 145 261 112 47 75 146 60 138 259 320 100 161 104 57 137 88 140 384 54 98 84 288 97 53 71 272 134 133 31 264 51 82 192 46 81 160 76 45 260 131 74 56 144 258 43 73 52 136 257 96 70 30 50 132 39 69 29 44 49 80 130 67 27 42 72 129 41 256 23 38 28 68 48 15 37 26 66 25 35 65 128 40 22 7 36 19 14 13 21 33 1 18 10 17 2 64 8 0 16 4 20 32 6 34 24 5 9 12 3 11 

0.000000000000 0.000000000000 0.000000000000 0.000000000000 0.000000000000 0.000000000000 0.000000000000 0.000000000000 0.000000000000 0.000000000000 0.000000000000 0.000000000000 0.000000000000 0.000000000000 0.000000000000 0.000000000000 0.000000000000 0.000000000000 0.000000000000 0.000000000000 0.000000000000 0.000000000000 0.000000000000 0.000000000000 0.000000000000 0.000000000000 0.000000000000 0.000000000000 0.000000000000 0.000000000000 0.000000000000 0.000000000000 0.000000000000 0.000000000000 0.000000000000 0.000000000000 0.000000000000 0.000000000000 0.000000000000 0.000000000000 0.000000000000 0.000000000000 0.000000000000 0.000000000000 0.000000000000 0.000000000000 0.000000000000 0.000000000000 0.000000000000 0.000000000000 0.000000000000 0.000000000000 0.000000000000 0.000000000000 0.000000000000 0.000000000000 0.000000000000 0.000000000000 0.000000000000 0.000000000000 0.000000000000 0.000000000000 0.000000000000 0.000000000000 0.000000000000 0.000000000000 0.000000000000 0.000000000000 0.000000000000 0.000000000000 0.000000000000 0.000000000000 0.000000000000 0.000000000000 0.000000000000 0.000000000000 0.000000000000 0.000000000000 0.000000000000 0.000000000000 0.000000000000 0.000000000000 0.000000000000 0.000000000000 0.000000000000 0.000000000000 0.000000000000 0.000000000000 0.000000000000 0.000000000000 0.000000000000 0.000000000000 0.000000000000 0.000000000000 0.000000000000 0.000000000001 0.000000000000 0.000000000000 0.000000000000 0.000000000000 0.000000000000 0.000000000000 0.000000000000 0.000000000000 0.000000000000 0.000000000000 0.000000000000 0.000000000000 0.000000000000 0.000000000000 0.000000000000 0.000000000000 0.000000000000 0.000000000000 0.000000000000 0.000000000000 0.000000000000 0.000000000000 0.000000000000 0.000000000000 0.000000000000 0.000000000000 0.000000000000 0.000000000000 0.000000000000 0.000000000000 0.000000000000 0.000584360000 0.000000000000 0.000000000000 0.000000000000 0.000000000000 0.000000000000 0.000000000000 0.000000000000 0.000000000000 0.000000000000 0.000000000000 0.000000000000 0.000000000000 0.000000000000 0.000000000000 0.000000000000 0.000000000000 0.000000000000 0.000000000000 0.000000000000 0.000000000000 0.000000000000 0.000000000000 0.000000000000 0.000000000000 0.000000000000 0.000000000000 0.000000000000 0.000000000000 0.000000000000 0.000000000000 0.000000000000 0.000000000000 0.000000000000 0.000000000000 0.000000000000 0.000000000000 0.000000000000 0.000000000000 0.000000000000 0.000000000000 0.000000000000 0.000000000000 0.000000000000 0.000000000000 0.000000000000 0.000000000000 0.000000000000 0.000000000000 0.000000000000 0.000000000000 0.000000000000 0.000000000000 0.000000000000 0.000000000000 0.000000000000 0.000000000000 0.000000000000 0.000000000000 0.000000000000 0.000000000001 0.000000000000 0.000000000000 0.000000000001 0.000319910000 0.000000000000 0.000000000000 0.000000000000 0.000000000000 0.000000000000 0.000000000000 0.000000000000 0.000000000000 0.000000000000 0.000000000000 0.000000000000 0.000000000000 0.000000000000 0.000000000000 0.000000000000 0.000000000000 0.000000000000 0.000000000000 0.000000000000 0.000000000000 0.000000000000 0.000000000000 0.000000000000 0.000000000000 0.000000000000 0.000000000000 0.000000000000 0.000000000103 0.000000000000 0.000000000108 0.000000000267 0.001850800000 0.000000000000 0.000000000000 0.000000000000 0.000000000000 0.000000000000 0.000000000000 0.000000000000 0.000000000016 0.000000000000 0.000000000000 0.000000000000 0.000000009303 0.000000000000 0.000000001176 0.000000000312 0.003500700000 0.000000000000 0.000000000000 0.000000000000 0.000000008695 0.000000000000 0.000000003559 0.000000010548 0.007859100000 0.000000000000 0.000009935100 0.000017469000 0.023323000000 0.000207530000 0.059857000000 0.127120000000 0.625440000000 0.000000000000 0.000000000000 0.000000000000 0.000000000000 0.000000000000 0.000000000000 0.000000000000 0.000000000000 0.000000000000 0.000000000000 0.000000000000 0.000000000000 0.000000000000 0.000000000000 0.000000000000 0.000000000000 0.000000000000 0.000000000000 0.000000000000 0.000000000000 0.000000000000 0.000000000000 0.000000000000 0.000000000000 0.000000000000 0.000000000000 0.000000000000 0.000000000000 0.000000000000 0.000000000000 0.000000000000 0.000000000002 0.000000000000 0.000000000000 0.000000000000 0.000000000000 0.000000000000 0.000000000000 0.000000000000 0.000000000000 0.000000000000 0.000000000000 0.000000000000 0.000000000000 0.000000000000 0.000000000000 0.000000000000 0.000000000292 0.000000000000 0.000000000000 0.000000000000 0.000000000000 0.000000000000 0.000000000000 0.000000000000 0.000000002213 0.000000000000 0.000000000000 0.000000000000 0.000000001989 0.000000000000 0.000000074230 0.000000016163 0.007279100000 0.000000000000 0.000000000000 0.000000000000 0.000000000000 0.000000000000 0.000000000000 0.000000000000 0.000000000000 0.000000000000 0.000000000000 0.000000000000 0.000000000000 0.000000000000 0.000000000000 0.000000000000 0.000000374670 0.000000000000 0.000000000000 0.000000000000 0.000000000000 0.000000000000 0.000000000000 0.000000000000 0.000001103000 0.000000000000 0.000000000000 0.000000000000 0.000001292200 0.000000000000 0.000001281000 0.000151840000 0.017720000000 0.000000000000 0.000000000000 0.000000000000 0.000000000000 0.000000000000 0.000000000000 0.000000000000 0.000008440400 0.000000000000 0.000000000000 0.000000000000 0.000005112300 0.000000000000 0.000092175000 0.000016459000 0.041483000000 0.000000000000 0.000000000001 0.000000000001 0.000494440000 0.000000000000 0.000198640000 0.000799670000 0.093365000000 0.000000000539 0.002834700000 0.006144200000 0.194620000000 0.034642000000 0.355580000000 0.474620000000 0.869860000000 0.000000000000 0.000000000000 0.000000000000 0.000000000000 0.000000000000 0.000000000000 0.000000000000 0.000000000000 0.000000000000 0.000000000000 0.000000000000 0.000000000000 0.000000000000 0.000000000000 0.000000000000 0.000021815000 0.000000000000 0.000000000000 0.000000000000 0.000000000000 0.000000000000 0.000000000000 0.000000000000 0.000396760000 0.000000000000 0.000000000000 0.000000000000 0.000305190000 0.000000000780 0.001029400000 0.001588900000 0.128920000000 0.000000000000 0.000000000000 0.000000000000 0.000000000000 0.000000000000 0.000000000000 0.000000000040 0.000935170000 0.000000000000 0.000000000005 0.000000007792 0.002340200000 0.000000064688 0.007511000000 0.013985000000 0.267860000000 0.000000000000 0.000007057300 0.000000274620 0.019220000000 0.000056089000 0.039824000000 0.070546000000 0.468950000000 0.002351900000 0.127830000000 0.217640000000 0.666690000000 0.332980000000 0.758660000000 0.762190000000 0.966020000000 0.000000000000 0.000000000000 0.000000000000 0.000083825000 0.000000000000 0.000005996300 0.000255050000 0.039278000000 0.000000000000 0.000534340000 0.001543900000 0.075269000000 0.006919000000 0.151040000000 0.233360000000 0.692730000000 0.000035737000 0.007568500000 0.017148000000 0.235640000000 0.052972000000 0.374170000000 0.451790000000 0.850040000000 0.152180000000 0.535600000000 0.563230000000 0.896960000000 0.568840000000 0.905360000000 0.873580000000 0.989510000000 0.003053200000 0.101430000000 0.163370000000 0.557940000000 0.247240000000 0.648590000000 0.651880000000 0.932280000000 0.303650000000 0.697350000000 0.675080000000 0.938400000000 0.639680000000 0.934830000000 0.894100000000 0.992690000000 0.316510000000 0.689800000000 0.684410000000 0.938910000000 0.648000000000 0.939660000000 0.895760000000 0.992540000000 0.590390000000 0.922400000000 0.898480000000 0.993260000000 0.821320000000 0.993310000000 0.943540000000 0.999540000000 

0.000000000000 0.000000000000 0.000000000000 0.000000000000 0.000000000000 0.000000000000 0.000000000000 0.000000000000 0.000000000000 0.000000000000 0.000000000000 0.000000000000 0.000000000000 0.000000000000 0.000000000000 0.000000000000 0.000000000000 0.000000000000 0.000000000000 0.000000000000 0.000000000000 0.000000000000 0.000000000000 0.000000000000 0.000000000000 0.000000000000 0.000000000000 0.000000000000 0.000000000000 0.000000000000 0.000000000000 0.000000000000 0.000000000000 0.000000000000 0.000000000000 0.000000000000 0.000000000000 0.000000000000 0.000000000000 0.000000000000 0.000000000000 0.000000000000 0.000000000000 0.000000000000 0.000000000000 0.000000000000 0.000000000000 0.000000000000 0.000000000000 0.000000000000 0.000000000000 0.000000000000 0.000000000000 0.000000000000 0.000000000000 0.000000000000 0.000000000000 0.000000000000 0.000000000000 0.000000000000 0.000000000000 0.000000000000 0.000000000000 0.000000000000 0.000000000000 0.000000000000 0.000000000000 0.000000000000 0.000000000000 0.000000000000 0.000000000000 0.000000000000 0.000000000000 0.000000000000 0.000000000000 0.000000000000 0.000000000000 0.000000000000 0.000000000000 0.000000000000 0.000000000000 0.000000000000 0.000000000000 0.000000000000 0.000000000000 0.000000000000 0.000000000000 0.000000000000 0.000000000000 0.000000000000 0.000000000000 0.000000000000 0.000000000000 0.000000000000 0.000000000000 0.000000000000 0.000000000000 0.000000000000 0.000000000000 0.000000000000 0.000000000000 0.000000000000 0.000000000000 0.000000000000 0.000000000000 0.000000000000 0.000000000000 0.000000000000 0.000000000000 0.000000000000 0.000000000000 0.000000000000 0.000000000000 0.000000000000 0.000000000000 0.000000000000 0.000000000000 0.000000000000 0.000000000000 0.000000000000 0.000000000000 0.000000000000 0.000000000000 0.000000000000 0.000000000000 0.000000000000 0.000000000000 0.002014900000 0.000000000000 0.000000000000 0.000000000000 0.000000000000 0.000000000000 0.000000000000 0.000000000000 0.000000000000 0.000000000000 0.000000000000 0.000000000000 0.000000000000 0.000000000000 0.000000000000 0.000000000000 0.000000000000 0.000000000000 0.000000000000 0.000000000000 0.000000000000 0.000000000000 0.000000000000 0.000000000000 0.000000000000 0.000000000000 0.000000000000 0.000000000000 0.000000000000 0.000000000000 0.000000000000 0.000000000000 0.000000000000 0.000000000000 0.000000000000 0.000000000000 0.000000000000 0.000000000000 0.000000000000 0.000000000000 0.000000000000 0.000000000000 0.000000000000 0.000000000000 0.000000000000 0.000000000000 0.000000000000 0.000000000000 0.000000000000 0.000000000000 0.000000000000 0.000000000000 0.000000000000 0.000000000000 0.000000000000 0.000000000000 0.000000000000 0.000000000000 0.000000000000 0.000000000000 0.000000000000 0.000000000000 0.000000000000 0.000000000000 0.000323940000 0.000000000000 0.000000000000 0.000000000000 0.000000000000 0.000000000000 0.000000000000 0.000000000000 0.000000000000 0.000000000000 0.000000000000 0.000000000000 0.000000000000 0.000000000000 0.000000000000 0.000000000000 0.000000000000 0.000000000000 0.000000000000 0.000000000000 0.000000000000 0.000000000000 0.000000000000 0.000000000000 0.000000000000 0.000000000000 0.000000000000 0.000000000000 0.000000000026 0.000000000000 0.000000000027 0.000000000068 0.004747100000 0.000000000000 0.000000000000 0.000000000000 0.000000000000 0.000000000000 0.000000000000 0.000000000000 0.000000000004 0.000000000000 0.000000000000 0.000000000000 0.000000003207 0.000000000000 0.000000000331 0.000000000078 0.008324100000 0.000000000000 0.000000000000 0.000000000000 0.000000002799 0.000000000000 0.000000001084 0.000000003101 0.016923000000 0.000000000000 0.000007490600 0.000013529000 0.058157000000 0.000256060000 0.126420000000 0.256500000000 0.878180000000 0.000000000000 0.000000000000 0.000000000000 0.000000000000 0.000000000000 0.000000000000 0.000000000000 0.000000000000 0.000000000000 0.000000000000 0.000000000000 0.000000000000 0.000000000000 0.000000000000 0.000000000000 0.000000000000 0.000000000000 0.000000000000 0.000000000000 0.000000000000 0.000000000000 0.000000000000 0.000000000000 0.000000000000 0.000000000000 0.000000000000 0.000000000000 0.000000000000 0.000000000000 0.000000000000 0.000000000000 0.000000000000 0.000000000000 0.000000000000 0.000000000000 0.000000000000 0.000000000000 0.000000000000 0.000000000000 0.000000000000 0.000000000000 0.000000000000 0.000000000000 0.000000000000 0.000000000000 0.000000000000 0.000000000000 0.000000000079 0.000000000000 0.000000000000 0.000000000000 0.000000000000 0.000000000000 0.000000000000 0.000000000000 0.000000000692 0.000000000000 0.000000000000 0.000000000000 0.000000000570 0.000000000000 0.000000030202 0.000000005357 0.017665000000 0.000000000000 0.000000000000 0.000000000000 0.000000000000 0.000000000000 0.000000000000 0.000000000000 0.000000000000 0.000000000000 0.000000000000 0.000000000000 0.000000000000 0.000000000000 0.000000000000 0.000000000000 0.000000173930 0.000000000000 0.000000000000 0.000000000000 0.000000000000 0.000000000000 0.000000000000 0.000000000000 0.000000559620 0.000000000000 0.000000000000 0.000000000000 0.000000704990 0.000000000000 0.000000679320 0.000727660000 0.044552000000 0.000000000000 0.000000000000 0.000000000000 0.000000000000 0.000000000000 0.000000000000 0.000000000000 0.000005675000 0.000000000000 0.000000000000 0.000000000000 0.000002748100 0.000000000000 0.000095875000 0.000009139200 0.095671000000 0.000000000000 0.000000000000 0.000000000000 0.001977400000 0.000000000000 0.000178930000 0.001454800000 0.207830000000 0.000000000147 0.009178400000 0.014798000000 0.374820000000 0.083402000000 0.610330000000 0.794600000000 0.983340000000 0.000000000000 0.000000000000 0.000000000000 0.000000000000 0.000000000000 0.000000000000 0.000000000000 0.000000000000 0.000000000000 0.000000000000 0.000000000000 0.000000000000 0.000000000000 0.000000000000 0.000000000000 0.000016138000 0.000000000000 0.000000000000 0.000000000000 0.000000000000 0.000000000000 0.000000000000 0.000000000000 0.000756410000 0.000000000000 0.000000000000 0.000000000000 0.000452980000 0.000000000229 0.002148600000 0.005062800000 0.269080000000 0.000000000000 0.000000000000 0.000000000000 0.000000000000 0.000000000000 0.000000000000 0.000000000010 0.001824000000 0.000000000000 0.000000000001 0.000000002698 0.004185000000 0.000000023073 0.017448000000 0.035930000000 0.494560000000 0.000000000000 0.000005468300 0.000000108290 0.047355000000 0.000061704000 0.090639000000 0.171750000000 0.757060000000 0.007260400000 0.277480000000 0.446080000000 0.918840000000 0.690720000000 0.970890000000 0.982440000000 0.992150000000 0.000000000000 0.000000000000 0.000000000000 0.000105780000 0.000000000000 0.000003992300 0.000960700000 0.094185000000 0.000000000000 0.002077500000 0.005573100000 0.175090000000 0.016978000000 0.335660000000 0.491490000000 0.931760000000 0.000039413000 0.024242000000 0.052829000000 0.482180000000 0.157210000000 0.699400000000 0.821440000000 0.984040000000 0.432650000000 0.901300000000 0.947870000000 0.991000000000 0.976850000000 0.992400000000 0.991760000000 0.992310000000 0.015043000000 0.295810000000 0.449430000000 0.910390000000 0.693720000000 0.967420000000 0.975130000000 0.992510000000 0.882410000000 0.987780000000 0.991740000000 0.992260000000 0.991290000000 0.991990000000 0.992100000000 0.992210000000 0.944220000000 0.991470000000 0.991580000000 0.992950000000 0.993150000000 0.992040000000 0.992880000000 0.992170000000 0.990360000000 0.992390000000 0.992530000000 0.992220000000 0.992980000000 0.992130000000 0.991920000000 0.992200000000 

N_obs: 1000

File Format:
1- most to least reliable channels (taken entropies)
2- most to least reliable channels (taken error probabilities)
3- channels entropies (flipped)
4- channels error probabilities (flipped)
5- number of MontCarlo simulations
