511 510 509 508 507 506 505 504 503 502 501 500 499 498 497 495 494 493 492 491 490 489 487 486 485 483 479 478 477 476 475 474 473 471 470 469 467 463 461 447 446 445 443 439 431 383 382 462 459 381 442 415 441 379 455 437 444 255 438 435 429 430 375 484 488 496 427 482 472 481 465 468 460 466 458 380 367 378 457 440 436 413 454 414 377 423 434 453 374 254 411 433 428 373 253 480 426 351 451 371 425 464 366 407 251 422 365 456 376 412 247 421 319 399 452 372 363 410 252 127 239 191 350 432 223 419 63 409 359 349 250 450 370 95 287 249 159 347 111 335 406 303 424 123 343 119 175 311 317 207 315 125 245 369 318 31 246 183 187 243 231 215 235 449 126 364 189 219 237 405 221 190 238 222 403 79 271 143 47 391 398 362 397 395 61 55 59 420 15 361 62 87 103 327 279 295 151 355 167 199 357 358 91 283 285 155 93 331 107 157 115 286 339 94 299 307 348 158 418 117 109 333 171 345 179 110 341 203 408 301 346 417 211 334 309 121 302 23 39 118 71 263 227 173 248 135 342 205 313 122 310 174 181 206 7 185 314 182 213 29 229 316 124 233 241 186 217 27 30 214 244 242 230 234 218 387 188 368 236 51 220 404 99 75 43 275 267 291 83 323 147 139 163 401 448 195 402 393 389 57 67 45 19 46 35 11 77 131 259 270 269 78 141 142 3 390 53 396 394 60 58 353 281 54 89 277 153 101 325 105 13 329 293 14 85 360 113 297 149 337 165 305 169 197 201 177 209 278 102 225 326 354 86 356 294 150 284 166 282 92 90 198 156 154 330 106 114 338 108 25 332 385 116 298 49 306 340 37 69 300 273 73 41 81 21 97 289 145 137 265 261 133 321 308 161 344 193 170 172 416 178 120 202 204 180 210 33 17 312 65 9 5 129 257 1 212 28 228 226 184 216 232 240 38 70 22 134 262 6 26 400 56 388 392 386 44 76 52 50 268 140 274 74 98 280 352 42 82 290 266 104 276 88 322 328 100 146 324 152 138 292 84 162 296 148 112 336 164 304 168 194 200 196 176 208 224 12 384 24 48 34 72 66 18 36 40 68 272 80 264 10 20 136 144 288 96 130 260 258 132 320 160 192 16 32 8 64 2 4 128 256 0 

511 510 509 508 507 506 505 504 503 502 501 500 499 498 497 495 494 493 492 491 490 489 487 486 485 483 479 478 477 476 475 474 473 471 470 469 467 463 461 447 446 445 443 439 431 383 382 462 459 381 442 415 441 379 455 437 444 255 438 435 429 430 375 484 488 496 427 482 472 481 465 460 458 466 380 457 468 367 378 440 413 436 454 377 423 414 434 453 374 411 433 428 254 373 480 451 426 253 351 425 464 371 366 407 456 422 365 412 376 251 421 452 410 372 432 363 399 450 419 409 319 252 247 350 370 424 406 449 349 359 250 364 369 405 420 239 249 347 362 403 398 418 318 246 408 223 343 397 361 417 245 317 358 448 348 191 395 368 243 335 404 391 357 355 238 315 127 303 311 346 248 61 59 402 62 171 187 235 126 15 111 237 401 345 302 203 219 231 185 95 179 285 327 91 207 151 181 71 390 94 339 93 244 230 416 387 116 283 236 222 11 356 334 215 39 218 186 29 396 33 275 389 277 329 227 106 115 234 232 30 23 242 141 195 85 259 281 78 169 75 109 37 147 265 165 92 27 22 330 25 60 17 344 139 262 340 210 86 13 233 197 385 73 386 270 113 98 5 9 180 140 122 201 65 97 240 70 14 79 184 90 54 296 154 45 49 352 41 146 48 260 24 280 1 21 112 124 326 328 353 136 66 388 84 172 266 88 263 290 42 43 18 12 50 268 224 161 89 304 322 194 77 192 144 10 200 276 198 152 337 16 8 68 20 272 119 35 4 393 132 0 176 2 156 384 392 32 36 64 168 96 34 26 80 256 292 128 100 135 288 40 264 38 295 28 323 320 150 258 336 160 110 226 199 56 72 274 130 284 138 360 196 193 324 164 261 6 177 44 148 162 104 133 212 208 76 305 257 170 142 342 178 273 354 131 300 166 67 74 297 3 120 301 321 306 202 83 153 137 82 129 225 216 69 293 228 52 294 289 19 101 204 394 149 107 209 31 114 325 53 134 57 217 269 298 167 47 55 158 338 282 205 310 308 81 286 145 102 400 51 316 314 332 291 105 312 157 214 108 46 220 58 123 7 313 183 307 211 182 174 159 213 278 188 309 279 271 267 121 331 103 163 206 118 287 229 63 117 241 333 189 173 299 175 99 87 143 125 155 190 341 221 

0.000000000000 0.000000000000 0.000000000000 0.000000000000 0.000000000000 0.000000000000 0.000000000000 0.000000000000 0.000000000000 0.000000000000 0.000000000000 0.000000000000 0.000000000000 0.000000000000 0.000000000000 0.000000018449 0.000000000000 0.000000000000 0.000000000000 0.000000000000 0.000000000000 0.000000000000 0.000000000000 0.000000017861 0.000000000000 0.000000000000 0.000000000000 0.000000015388 0.000000000000 0.000000197520 0.000001708800 0.011798000000 0.000000000000 0.000000000000 0.000000000000 0.000000000000 0.000000000000 0.000000000000 0.000000000000 0.000001522700 0.000000000000 0.000000000000 0.000000000000 0.000037885000 0.000000000000 0.000083084000 0.000008551100 0.029138000000 0.000000000000 0.000000000000 0.000000000000 0.000048880000 0.000000000000 0.000125080000 0.000445010000 0.062737000000 0.000000000002 0.001165700000 0.002877700000 0.139090000000 0.016493000000 0.251920000000 0.380630000000 0.821690000000 0.000000000000 0.000000000000 0.000000000000 0.000000000041 0.000000000000 0.000000000000 0.000000000000 0.000542490000 0.000000000000 0.000000000094 0.000000000005 0.000626580000 0.000000000993 0.002469600000 0.005950900000 0.171820000000 0.000000000000 0.000000007517 0.000000006556 0.006947000000 0.000000168660 0.012881000000 0.026770000000 0.320280000000 0.001662100000 0.053769000000 0.101680000000 0.524740000000 0.204810000000 0.659020000000 0.682790000000 0.946380000000 0.000000000000 0.001209000000 0.001052500000 0.072295000000 0.005329700000 0.141770000000 0.225010000000 0.676450000000 0.035377000000 0.306220000000 0.400060000000 0.806300000000 0.444720000000 0.834350000000 0.816610000000 0.977740000000 0.138030000000 0.486760000000 0.511170000000 0.871330000000 0.518200000000 0.871500000000 0.839840000000 0.982100000000 0.479770000000 0.860090000000 0.840390000000 0.981900000000 0.779140000000 0.982430000000 0.934110000000 0.998640000000 0.000000000000 0.000000000000 0.000000000000 0.000163570000 0.000000000001 0.000382420000 0.001299900000 0.069275000000 0.000000008441 0.002932000000 0.008984300000 0.139650000000 0.025743000000 0.254890000000 0.347660000000 0.784700000000 0.000275130000 0.030935000000 0.061206000000 0.383730000000 0.140520000000 0.500900000000 0.549500000000 0.890690000000 0.234840000000 0.605230000000 0.599010000000 0.913750000000 0.587820000000 0.913200000000 0.878970000000 0.990340000000 0.012952000000 0.170560000000 0.242920000000 0.653430000000 0.298420000000 0.681700000000 0.670500000000 0.941670000000 0.325310000000 0.702040000000 0.674050000000 0.937580000000 0.640430000000 0.932660000000 0.894110000000 0.992480000000 0.303590000000 0.684880000000 0.663640000000 0.934010000000 0.627580000000 0.929770000000 0.888650000000 0.990980000000 0.572100000000 0.912590000000 0.887780000000 0.991210000000 0.813060000000 0.990980000000 0.941070000000 0.999290000000 0.102890000000 0.349120000000 0.341110000000 0.740160000000 0.343280000000 0.729330000000 0.710380000000 0.950520000000 0.337200000000 0.711020000000 0.688570000000 0.941110000000 0.648360000000 0.937270000000 0.896040000000 0.992890000000 0.309640000000 0.689150000000 0.678080000000 0.939270000000 0.646180000000 0.935840000000 0.891680000000 0.991790000000 0.581120000000 0.915010000000 0.889120000000 0.991330000000 0.811240000000 0.990510000000 0.940030000000 0.999180000000 0.282710000000 0.639860000000 0.612350000000 0.917250000000 0.611100000000 0.920770000000 0.881400000000 0.990230000000 0.577610000000 0.909530000000 0.886560000000 0.990930000000 0.810480000000 0.990120000000 0.939310000000 0.999060000000 0.464990000000 0.852320000000 0.853120000000 0.987180000000 0.811220000000 0.990860000000 0.940540000000 0.999120000000 0.693460000000 0.965640000000 0.940620000000 0.999220000000 0.851920000000 0.999230000000 0.951070000000 0.999950000000 0.000000000065 0.004424200000 0.009577900000 0.144290000000 0.039090000000 0.248100000000 0.288780000000 0.698900000000 0.101630000000 0.354260000000 0.345620000000 0.755390000000 0.360200000000 0.758300000000 0.745370000000 0.963480000000 0.163800000000 0.425010000000 0.391380000000 0.791320000000 0.368970000000 0.764440000000 0.743520000000 0.962600000000 0.363290000000 0.764180000000 0.737050000000 0.955850000000 0.695200000000 0.956480000000 0.911800000000 0.995650000000 0.178210000000 0.438940000000 0.401790000000 0.798880000000 0.385390000000 0.769540000000 0.747270000000 0.960860000000 0.365660000000 0.752350000000 0.732690000000 0.954760000000 0.683070000000 0.950200000000 0.906010000000 0.994410000000 0.341830000000 0.718670000000 0.704560000000 0.947250000000 0.676160000000 0.947150000000 0.901940000000 0.993420000000 0.594000000000 0.924780000000 0.901270000000 0.993600000000 0.822280000000 0.993400000000 0.943290000000 0.999490000000 0.168260000000 0.422990000000 0.384840000000 0.779910000000 0.356290000000 0.746660000000 0.727850000000 0.956970000000 0.355530000000 0.731470000000 0.714180000000 0.949660000000 0.671070000000 0.946540000000 0.904020000000 0.994190000000 0.332760000000 0.711350000000 0.695930000000 0.945070000000 0.665610000000 0.943430000000 0.899130000000 0.992970000000 0.589020000000 0.919990000000 0.895700000000 0.992610000000 0.816200000000 0.991620000000 0.941210000000 0.999320000000 0.289040000000 0.658950000000 0.635590000000 0.926570000000 0.621050000000 0.928190000000 0.887030000000 0.991210000000 0.585810000000 0.916960000000 0.893370000000 0.992050000000 0.813170000000 0.991070000000 0.940160000000 0.999160000000 0.473830000000 0.855100000000 0.854840000000 0.987550000000 0.814520000000 0.991320000000 0.940320000000 0.999130000000 0.701910000000 0.965600000000 0.940920000000 0.999230000000 0.851690000000 0.999210000000 0.951040000000 0.999940000000 0.149500000000 0.381160000000 0.344730000000 0.743280000000 0.324360000000 0.710980000000 0.688720000000 0.946610000000 0.330680000000 0.692090000000 0.660260000000 0.935070000000 0.637220000000 0.930820000000 0.890910000000 0.992230000000 0.299800000000 0.673010000000 0.663340000000 0.933410000000 0.628660000000 0.930390000000 0.888120000000 0.990900000000 0.571810000000 0.910820000000 0.887180000000 0.991060000000 0.809540000000 0.990190000000 0.939850000000 0.999190000000 0.280600000000 0.645570000000 0.625310000000 0.922880000000 0.607330000000 0.923960000000 0.885450000000 0.990950000000 0.571790000000 0.913460000000 0.889980000000 0.991410000000 0.812930000000 0.990410000000 0.939600000000 0.999070000000 0.462790000000 0.853680000000 0.851680000000 0.986280000000 0.809590000000 0.990140000000 0.939380000000 0.998980000000 0.693120000000 0.964960000000 0.939210000000 0.999050000000 0.848800000000 0.998990000000 0.950680000000 0.999920000000 0.221590000000 0.552170000000 0.518670000000 0.875300000000 0.524160000000 0.877720000000 0.841520000000 0.981890000000 0.519700000000 0.884110000000 0.864580000000 0.986620000000 0.796720000000 0.986700000000 0.936710000000 0.998790000000 0.475650000000 0.849960000000 0.849880000000 0.986230000000 0.809960000000 0.990380000000 0.939540000000 0.999000000000 0.690200000000 0.964870000000 0.938900000000 0.999000000000 0.850260000000 0.998890000000 0.950320000000 0.999910000000 0.351870000000 0.748200000000 0.734750000000 0.955340000000 0.747620000000 0.977320000000 0.933780000000 0.998670000000 0.690140000000 0.965340000000 0.939830000000 0.999130000000 0.849940000000 0.998990000000 0.950390000000 0.999910000000 0.528920000000 0.889690000000 0.888220000000 0.998330000000 0.850630000000 0.999130000000 0.950790000000 0.999920000000 0.724810000000 0.971800000000 0.950830000000 0.999930000000 0.858950000000 0.999930000000 0.953450000000 1.000000000000 

0.000000000000 0.000000000000 0.000000000000 0.000000000000 0.000000000000 0.000000000000 0.000000000000 0.000000000000 0.000000000000 0.000000000000 0.000000000000 0.000000000000 0.000000000000 0.000000000000 0.000000000000 0.000000006816 0.000000000000 0.000000000000 0.000000000000 0.000000000000 0.000000000000 0.000000000000 0.000000000000 0.000000006365 0.000000000000 0.000000000000 0.000000000000 0.000000005118 0.000000000000 0.000000092082 0.000001031100 0.034358000000 0.000000000000 0.000000000000 0.000000000000 0.000000000000 0.000000000000 0.000000000000 0.000000000000 0.000000792340 0.000000000000 0.000000000000 0.000000000000 0.000985320000 0.000000000000 0.000135120000 0.000005571300 0.066468000000 0.000000000000 0.000000000000 0.000000000000 0.000039211000 0.000000000000 0.000114340000 0.000978000000 0.137590000000 0.000000000000 0.003064600000 0.006632700000 0.283100000000 0.034827000000 0.463610000000 0.661840000000 0.971570000000 0.000000000000 0.000000000000 0.000000000000 0.000000000010 0.000000000000 0.000000000000 0.000000000000 0.001872500000 0.000000000000 0.000000000024 0.000000000001 0.002904800000 0.000000000299 0.005876500000 0.012978000000 0.345300000000 0.000000000000 0.000000002307 0.000000002048 0.016989000000 0.000000071276 0.036276000000 0.062208000000 0.579690000000 0.004361400000 0.138580000000 0.230490000000 0.810890000000 0.467110000000 0.921430000000 0.959090000000 0.991330000000 0.000000000000 0.005299300000 0.002354700000 0.177250000000 0.012736000000 0.313080000000 0.497220000000 0.927650000000 0.110750000000 0.632790000000 0.776430000000 0.980250000000 0.904450000000 0.989590000000 0.990320000000 0.992570000000 0.446840000000 0.915580000000 0.951670000000 0.991610000000 0.976300000000 0.992390000000 0.992180000000 0.992190000000 0.982660000000 0.991090000000 0.991670000000 0.992150000000 0.991340000000 0.992020000000 0.992020000000 0.992190000000 0.000000000000 0.000000000000 0.000000000000 0.000193200000 0.000000000000 0.001480300000 0.004129400000 0.185980000000 0.000000002770 0.008415900000 0.028477000000 0.335530000000 0.077941000000 0.565320000000 0.732740000000 0.976560000000 0.001238100000 0.102290000000 0.176660000000 0.727530000000 0.417960000000 0.880560000000 0.951670000000 0.992230000000 0.712540000000 0.970150000000 0.983160000000 0.991510000000 0.984270000000 0.992300000000 0.992140000000 0.992110000000 0.052988000000 0.545080000000 0.708420000000 0.972090000000 0.868920000000 0.988170000000 0.990410000000 0.991940000000 0.947890000000 0.992300000000 0.994240000000 0.991940000000 0.991170000000 0.992470000000 0.992180000000 0.992210000000 0.980160000000 0.991530000000 0.993410000000 0.992590000000 0.993120000000 0.991910000000 0.991740000000 0.992140000000 0.990940000000 0.992140000000 0.992410000000 0.992240000000 0.992210000000 0.992170000000 0.992320000000 0.992210000000 0.503450000000 0.924830000000 0.968190000000 0.992580000000 0.985130000000 0.992590000000 0.992800000000 0.992630000000 0.987240000000 0.992520000000 0.993030000000 0.992540000000 0.992940000000 0.992330000000 0.992270000000 0.992170000000 0.987090000000 0.990460000000 0.992320000000 0.992310000000 0.993460000000 0.992440000000 0.992310000000 0.992100000000 0.992200000000 0.992370000000 0.992360000000 0.992200000000 0.992610000000 0.992150000000 0.992370000000 0.992200000000 0.993190000000 0.992550000000 0.990910000000 0.992230000000 0.991400000000 0.992500000000 0.991850000000 0.992130000000 0.993040000000 0.992990000000 0.991730000000 0.992180000000 0.991640000000 0.992220000000 0.992300000000 0.992180000000 0.993050000000 0.992030000000 0.992430000000 0.992160000000 0.993090000000 0.992150000000 0.991900000000 0.992200000000 0.992150000000 0.991940000000 0.992240000000 0.992130000000 0.991840000000 0.992210000000 0.992280000000 0.992200000000 0.000000000016 0.019233000000 0.048666000000 0.512030000000 0.189410000000 0.725810000000 0.866580000000 0.988180000000 0.522380000000 0.926040000000 0.965160000000 0.991220000000 0.977000000000 0.991800000000 0.993400000000 0.992080000000 0.827080000000 0.984400000000 0.990190000000 0.991440000000 0.989800000000 0.991770000000 0.991960000000 0.991770000000 0.990710000000 0.991290000000 0.993380000000 0.992360000000 0.991740000000 0.992210000000 0.992340000000 0.992160000000 0.947780000000 0.991460000000 0.994510000000 0.992720000000 0.990580000000 0.991570000000 0.992430000000 0.992340000000 0.991550000000 0.992660000000 0.992980000000 0.992270000000 0.992940000000 0.991950000000 0.992400000000 0.992270000000 0.991010000000 0.993140000000 0.992520000000 0.992380000000 0.990520000000 0.992330000000 0.992060000000 0.992180000000 0.992210000000 0.992180000000 0.992000000000 0.992230000000 0.991820000000 0.992170000000 0.992240000000 0.992170000000 0.975350000000 0.994130000000 0.993420000000 0.993010000000 0.989780000000 0.991580000000 0.990820000000 0.992100000000 0.992940000000 0.992950000000 0.991060000000 0.992040000000 0.990890000000 0.992300000000 0.992240000000 0.992190000000 0.993640000000 0.992960000000 0.993450000000 0.992150000000 0.989670000000 0.992290000000 0.991870000000 0.992190000000 0.992460000000 0.992310000000 0.991900000000 0.992240000000 0.993130000000 0.992260000000 0.992170000000 0.992210000000 0.992960000000 0.992470000000 0.992650000000 0.992190000000 0.993970000000 0.992100000000 0.992330000000 0.992180000000 0.991020000000 0.992210000000 0.992390000000 0.992250000000 0.991890000000 0.992130000000 0.992550000000 0.992170000000 0.993800000000 0.992290000000 0.991800000000 0.992050000000 0.991940000000 0.992230000000 0.992340000000 0.992140000000 0.992200000000 0.992420000000 0.992260000000 0.992190000000 0.992300000000 0.992220000000 0.992340000000 0.992200000000 0.986340000000 0.989980000000 0.993840000000 0.992140000000 0.992770000000 0.992050000000 0.993100000000 0.992320000000 0.992180000000 0.993150000000 0.993390000000 0.991390000000 0.991760000000 0.992400000000 0.992030000000 0.992140000000 0.990160000000 0.992210000000 0.991870000000 0.992670000000 0.992390000000 0.991750000000 0.992620000000 0.992260000000 0.993120000000 0.992560000000 0.992380000000 0.992200000000 0.993690000000 0.992040000000 0.992060000000 0.992190000000 0.990840000000 0.991170000000 0.991180000000 0.991900000000 0.991000000000 0.992100000000 0.992170000000 0.992150000000 0.993700000000 0.991960000000 0.991820000000 0.992150000000 0.992330000000 0.992340000000 0.992540000000 0.992200000000 0.992090000000 0.991860000000 0.992170000000 0.992270000000 0.991870000000 0.992310000000 0.992020000000 0.992220000000 0.991060000000 0.992080000000 0.992360000000 0.992180000000 0.992310000000 0.992150000000 0.992060000000 0.992190000000 0.993390000000 0.989620000000 0.988940000000 0.991930000000 0.989190000000 0.992720000000 0.992430000000 0.992220000000 0.992470000000 0.992100000000 0.992410000000 0.992360000000 0.992580000000 0.992160000000 0.992110000000 0.992130000000 0.992460000000 0.992710000000 0.992110000000 0.992240000000 0.992160000000 0.992160000000 0.992110000000 0.992200000000 0.991560000000 0.992200000000 0.991880000000 0.992190000000 0.992180000000 0.992190000000 0.991630000000 0.992190000000 0.992400000000 0.991790000000 0.991600000000 0.992210000000 0.991900000000 0.992190000000 0.991930000000 0.992130000000 0.991790000000 0.991910000000 0.992140000000 0.992180000000 0.992380000000 0.992160000000 0.991940000000 0.992180000000 0.990140000000 0.992080000000 0.991960000000 0.992160000000 0.991500000000 0.992170000000 0.992040000000 0.992180000000 0.992780000000 0.992240000000 0.992040000000 0.992180000000 0.992320000000 0.992190000000 0.992140000000 0.992190000000 

N_obs: 1000

File Format:
1- most to least reliable channels (taken entropies)
2- most to least reliable channels (taken error probabilities)
3- channels entropies (flipped)
4- channels error probabilities (flipped)
5- number of MontCarlo simulations
