511 510 509 508 507 506 505 504 503 502 501 500 499 498 497 495 494 493 492 491 490 489 487 486 485 483 479 478 477 476 475 474 473 471 470 469 467 463 462 461 447 446 445 444 443 439 431 383 382 459 442 381 455 415 441 438 435 488 496 484 437 472 430 429 482 379 481 465 466 468 427 460 458 457 255 440 375 454 380 423 453 378 436 414 434 377 413 367 480 433 428 254 451 374 411 464 426 373 253 351 456 425 251 407 371 366 319 422 452 247 412 127 239 376 191 223 365 399 421 432 252 410 363 450 350 419 359 372 349 347 250 335 343 409 318 249 317 311 315 287 449 303 246 245 243 175 235 237 183 189 187 424 159 406 215 111 221 207 219 222 126 231 238 95 370 63 190 125 123 119 405 369 403 398 364 397 395 420 391 362 361 358 357 418 355 348 346 342 334 345 339 417 341 333 331 327 314 299 309 310 301 313 248 408 316 307 302 286 295 285 242 283 244 234 279 218 181 213 233 205 211 186 173 171 220 230 158 182 122 167 174 203 206 236 448 155 229 188 271 157 179 214 241 110 185 121 151 117 109 217 124 87 94 115 91 118 107 103 79 93 143 227 199 62 404 59 61 55 47 402 31 368 401 396 394 393 390 389 360 387 356 354 353 330 338 332 340 329 337 300 344 298 326 308 297 416 325 306 293 284 294 282 312 291 323 281 305 277 169 278 170 204 275 154 166 180 212 202 172 165 210 153 86 150 201 85 147 83 178 106 149 228 116 105 90 209 108 89 156 232 163 77 102 75 92 78 101 114 269 270 177 99 71 198 216 184 51 267 58 53 57 120 197 139 226 142 141 113 60 43 54 45 39 240 46 135 195 263 225 29 30 23 27 15 400 392 388 386 385 328 324 296 292 336 352 276 280 164 148 290 168 84 82 273 289 73 274 322 76 146 268 81 74 100 152 145 200 88 266 304 162 52 140 196 104 321 44 41 137 42 265 50 138 69 49 56 98 70 208 161 37 67 176 97 35 38 112 28 25 133 134 26 261 194 262 19 22 21 193 131 259 224 14 13 11 7 384 72 40 68 80 272 36 288 136 264 144 34 48 66 132 20 33 320 24 160 260 65 18 17 96 130 12 258 10 9 192 129 257 6 5 3 32 16 64 8 4 128 256 2 1 0 

511 510 509 508 507 506 505 504 503 502 501 500 499 498 497 495 494 493 492 491 490 489 487 486 485 483 479 478 477 476 475 474 473 471 470 469 467 463 462 461 447 446 445 444 443 439 431 383 459 382 442 381 455 415 441 438 435 488 496 484 437 472 430 429 482 379 481 465 466 468 427 460 458 457 454 440 255 375 423 436 380 453 378 414 434 480 413 377 367 433 451 428 464 411 374 254 426 456 373 425 253 452 422 351 407 371 412 366 432 376 421 450 251 410 365 399 419 409 372 449 424 319 252 363 406 247 370 350 359 420 239 349 405 250 403 364 369 398 418 347 191 408 223 448 417 362 246 159 397 243 395 238 317 187 318 119 287 63 343 331 215 361 174 95 402 183 299 327 157 182 310 313 346 335 79 179 153 314 109 245 387 219 173 62 394 156 149 218 85 332 110 312 165 232 172 108 199 121 284 227 203 55 283 368 39 391 323 195 270 71 344 87 315 329 114 326 92 212 352 152 325 298 75 163 57 267 265 226 296 242 190 84 292 305 52 54 105 297 43 197 38 338 164 385 278 200 180 120 249 324 228 288 28 241 21 224 13 81 400 201 262 401 345 10 76 112 161 98 194 170 142 58 330 12 357 41 257 74 268 113 100 145 65 229 272 42 217 146 192 264 80 129 128 144 360 355 336 1 6 22 132 276 162 131 96 40 202 50 18 306 260 0 64 2 32 136 48 178 256 104 66 320 148 16 4 23 34 116 269 15 9 259 49 8 133 68 101 5 321 17 33 70 225 166 97 24 3 20 51 56 130 177 47 263 258 281 36 30 210 72 26 322 83 168 67 308 150 167 304 126 19 184 137 45 160 11 140 176 333 389 69 138 392 416 386 59 27 196 290 208 90 135 353 384 274 89 44 205 7 277 147 204 139 209 328 46 37 289 29 141 261 271 14 134 234 86 73 25 154 193 35 169 78 99 53 214 102 82 266 280 295 291 393 337 244 60 404 356 88 181 388 286 171 94 282 340 186 107 240 77 273 294 300 151 233 390 185 309 293 275 396 31 237 354 216 311 188 198 143 106 348 115 236 285 307 334 61 93 206 103 118 91 279 158 358 341 175 124 220 155 213 117 342 211 230 316 111 248 122 231 303 301 339 189 302 123 222 125 207 221 127 235 

0.000000000000 0.000000000000 0.000000000000 0.000000000000 0.000000000000 0.000000000000 0.000000000000 0.000000000000 0.000000000000 0.000000000000 0.000000000000 0.000000000000 0.000000000000 0.000000000000 0.000000000000 0.000000000090 0.000000000000 0.000000000000 0.000000000000 0.000000000000 0.000000000000 0.000000000000 0.000000000000 0.000000000060 0.000000000000 0.000000000000 0.000000000000 0.000000000130 0.000000000000 0.000000001185 0.000000008375 0.009488100000 0.000000000000 0.000000000000 0.000000000000 0.000000000000 0.000000000000 0.000000000000 0.000000000000 0.000000000213 0.000000000000 0.000000000000 0.000000000000 0.000000132530 0.000000000000 0.000000039777 0.000000028966 0.031362000000 0.000000000000 0.000000000000 0.000000000000 0.000050806000 0.000000000000 0.000083788000 0.000169400000 0.064280000000 0.000000000000 0.000763270000 0.002658700000 0.159860000000 0.023523000000 0.314150000000 0.462040000000 0.867340000000 0.000000000000 0.000000000000 0.000000000000 0.000000000000 0.000000000000 0.000000000000 0.000000000001 0.000705790000 0.000000000000 0.000000000002 0.000000000185 0.003867200000 0.000000000050 0.005660900000 0.015221000000 0.269530000000 0.000000000000 0.000000000368 0.000000000970 0.017285000000 0.000001785200 0.045090000000 0.081994000000 0.500490000000 0.001885500000 0.143060000000 0.235360000000 0.690560000000 0.344560000000 0.774720000000 0.804810000000 0.968230000000 0.000000000000 0.004254800000 0.007750300000 0.172540000000 0.027388000000 0.299500000000 0.414140000000 0.833180000000 0.121240000000 0.503130000000 0.558150000000 0.884190000000 0.594300000000 0.899390000000 0.914320000000 0.987500000000 0.222890000000 0.633300000000 0.650550000000 0.922740000000 0.653810000000 0.923630000000 0.928160000000 0.988170000000 0.696220000000 0.938480000000 0.941770000000 0.989520000000 0.949820000000 0.991990000000 0.993280000000 0.999100000000 0.000000000000 0.000000000000 0.000000000000 0.001749400000 0.000000004819 0.003001800000 0.006926400000 0.185880000000 0.000743440000 0.026040000000 0.048806000000 0.363450000000 0.123070000000 0.520180000000 0.573420000000 0.911040000000 0.008440700000 0.140430000000 0.212740000000 0.634690000000 0.306990000000 0.719190000000 0.726460000000 0.948890000000 0.349830000000 0.745690000000 0.763390000000 0.955890000000 0.776530000000 0.957280000000 0.963060000000 0.994990000000 0.060904000000 0.339550000000 0.380860000000 0.788400000000 0.393120000000 0.794610000000 0.802900000000 0.965900000000 0.412090000000 0.800800000000 0.805400000000 0.964470000000 0.803280000000 0.963310000000 0.965600000000 0.994880000000 0.404320000000 0.802480000000 0.806160000000 0.963980000000 0.813210000000 0.963220000000 0.964690000000 0.993800000000 0.820820000000 0.967430000000 0.968500000000 0.994400000000 0.972280000000 0.995670000000 0.996100000000 0.999480000000 0.143050000000 0.422870000000 0.437460000000 0.833340000000 0.444700000000 0.821730000000 0.831310000000 0.971430000000 0.440490000000 0.829680000000 0.829360000000 0.967600000000 0.834480000000 0.969410000000 0.973020000000 0.996020000000 0.464140000000 0.835930000000 0.830710000000 0.965860000000 0.827340000000 0.966590000000 0.967660000000 0.994460000000 0.841840000000 0.971170000000 0.970230000000 0.994520000000 0.971680000000 0.995380000000 0.995540000000 0.999350000000 0.447890000000 0.840910000000 0.841940000000 0.970850000000 0.852020000000 0.971230000000 0.972300000000 0.995240000000 0.854920000000 0.973890000000 0.973390000000 0.995060000000 0.974130000000 0.995660000000 0.995540000000 0.999350000000 0.868790000000 0.977930000000 0.977780000000 0.995790000000 0.978880000000 0.995980000000 0.996260000000 0.999360000000 0.981590000000 0.997190000000 0.997160000000 0.999500000000 0.997560000000 0.999640000000 0.999690000000 0.999960000000 0.000602720000 0.020213000000 0.055950000000 0.281190000000 0.110230000000 0.401720000000 0.427950000000 0.833060000000 0.171940000000 0.474220000000 0.478010000000 0.853060000000 0.480430000000 0.850890000000 0.870550000000 0.980860000000 0.177530000000 0.517770000000 0.492610000000 0.867320000000 0.492000000000 0.854260000000 0.861250000000 0.976860000000 0.517650000000 0.863830000000 0.868220000000 0.976030000000 0.880560000000 0.979270000000 0.982410000000 0.997610000000 0.199970000000 0.514960000000 0.506610000000 0.863420000000 0.510300000000 0.859520000000 0.873490000000 0.978450000000 0.504990000000 0.870340000000 0.861230000000 0.974620000000 0.861880000000 0.975020000000 0.976350000000 0.996450000000 0.507530000000 0.866920000000 0.861870000000 0.974100000000 0.866860000000 0.974630000000 0.975410000000 0.995910000000 0.882850000000 0.978390000000 0.979130000000 0.996060000000 0.981560000000 0.997190000000 0.997440000000 0.999650000000 0.191420000000 0.527540000000 0.499810000000 0.868270000000 0.500140000000 0.861940000000 0.871300000000 0.978490000000 0.498460000000 0.864870000000 0.860250000000 0.974480000000 0.870160000000 0.975770000000 0.978050000000 0.996680000000 0.482780000000 0.865140000000 0.861980000000 0.974880000000 0.863220000000 0.973920000000 0.973860000000 0.995440000000 0.865110000000 0.974370000000 0.975000000000 0.995300000000 0.976890000000 0.996040000000 0.996500000000 0.999490000000 0.503070000000 0.864170000000 0.868920000000 0.976640000000 0.867990000000 0.974210000000 0.975290000000 0.995840000000 0.872110000000 0.975360000000 0.975870000000 0.995350000000 0.975630000000 0.995730000000 0.995850000000 0.999380000000 0.879070000000 0.979280000000 0.979330000000 0.996060000000 0.979210000000 0.996300000000 0.996210000000 0.999350000000 0.981290000000 0.997060000000 0.997040000000 0.999460000000 0.997440000000 0.999600000000 0.999660000000 0.999960000000 0.176280000000 0.515950000000 0.527580000000 0.873890000000 0.530150000000 0.864960000000 0.871390000000 0.979100000000 0.531100000000 0.876280000000 0.872190000000 0.976100000000 0.875600000000 0.977780000000 0.979430000000 0.996930000000 0.506450000000 0.871150000000 0.873220000000 0.976400000000 0.876620000000 0.975810000000 0.976260000000 0.996090000000 0.877810000000 0.977110000000 0.977680000000 0.995820000000 0.978330000000 0.996360000000 0.996690000000 0.999540000000 0.518420000000 0.875200000000 0.879000000000 0.977620000000 0.875670000000 0.976310000000 0.976620000000 0.995920000000 0.873900000000 0.975340000000 0.975490000000 0.995440000000 0.975720000000 0.995490000000 0.995810000000 0.999340000000 0.878250000000 0.977630000000 0.976990000000 0.995710000000 0.977230000000 0.995810000000 0.995590000000 0.999220000000 0.978370000000 0.996400000000 0.996340000000 0.999340000000 0.996610000000 0.999450000000 0.999520000000 0.999930000000 0.526160000000 0.883190000000 0.888390000000 0.979460000000 0.888350000000 0.978990000000 0.979080000000 0.996360000000 0.889890000000 0.980270000000 0.979070000000 0.996050000000 0.978760000000 0.996270000000 0.996350000000 0.999450000000 0.893470000000 0.981000000000 0.980430000000 0.996170000000 0.980100000000 0.996240000000 0.996210000000 0.999320000000 0.980660000000 0.996730000000 0.996560000000 0.999350000000 0.996710000000 0.999450000000 0.999480000000 0.999930000000 0.902950000000 0.983970000000 0.983790000000 0.996940000000 0.984350000000 0.997120000000 0.997020000000 0.999480000000 0.984130000000 0.997250000000 0.997260000000 0.999460000000 0.997230000000 0.999520000000 0.999530000000 0.999930000000 0.986320000000 0.997830000000 0.997870000000 0.999610000000 0.997950000000 0.999640000000 0.999650000000 0.999940000000 0.998190000000 0.999730000000 0.999730000000 0.999950000000 0.999770000000 0.999970000000 0.999970000000 1.000000000000 

0.000000000000 0.000000000000 0.000000000000 0.000000000000 0.000000000000 0.000000000000 0.000000000000 0.000000000000 0.000000000000 0.000000000000 0.000000000000 0.000000000000 0.000000000000 0.000000000000 0.000000000000 0.000000000023 0.000000000000 0.000000000000 0.000000000000 0.000000000000 0.000000000000 0.000000000000 0.000000000000 0.000000000016 0.000000000000 0.000000000000 0.000000000000 0.000000000033 0.000000000000 0.000000000368 0.000000002870 0.017498000000 0.000000000000 0.000000000000 0.000000000000 0.000000000000 0.000000000000 0.000000000000 0.000000000000 0.000000000054 0.000000000000 0.000000000000 0.000000000000 0.000000055135 0.000000000000 0.000000014095 0.000000009103 0.071496000000 0.000000000000 0.000000000000 0.000000000000 0.000049227000 0.000000000000 0.000082633000 0.000135340000 0.154560000000 0.000000000000 0.000702490000 0.010143000000 0.349230000000 0.051293000000 0.567300000000 0.776040000000 0.986860000000 0.000000000000 0.000000000000 0.000000000000 0.000000000000 0.000000000000 0.000000000000 0.000000000000 0.001118400000 0.000000000000 0.000000000000 0.000000000053 0.007549200000 0.000000000013 0.017481000000 0.042542000000 0.509950000000 0.000000000000 0.000000000099 0.000000000279 0.057367000000 0.000000810990 0.122840000000 0.214490000000 0.793950000000 0.006233600000 0.353500000000 0.520260000000 0.940200000000 0.744540000000 0.978210000000 0.989120000000 0.996140000000 0.000000000000 0.017261000000 0.019528000000 0.402200000000 0.094150000000 0.622230000000 0.767110000000 0.982390000000 0.363250000000 0.884830000000 0.958870000000 0.996240000000 0.973250000000 0.994740000000 0.996050000000 0.996050000000 0.700490000000 0.977320000000 0.990730000000 0.996330000000 0.992120000000 0.995730000000 0.996220000000 0.996140000000 0.995900000000 0.996310000000 0.996130000000 0.996240000000 0.995710000000 0.996140000000 0.996030000000 0.996150000000 0.000000000000 0.000000000000 0.000000000000 0.008873300000 0.000000001680 0.013293000000 0.024479000000 0.513410000000 0.004983400000 0.098905000000 0.167630000000 0.771390000000 0.393850000000 0.912180000000 0.974680000000 0.995900000000 0.042483000000 0.470220000000 0.624170000000 0.974280000000 0.852410000000 0.989400000000 0.994440000000 0.996080000000 0.929350000000 0.996700000000 0.996070000000 0.996240000000 0.996090000000 0.996370000000 0.996150000000 0.995950000000 0.362560000000 0.914100000000 0.955540000000 0.996480000000 0.979880000000 0.995390000000 0.996050000000 0.995920000000 0.994020000000 0.996830000000 0.996710000000 0.996260000000 0.997120000000 0.996030000000 0.996230000000 0.996090000000 0.995390000000 0.996520000000 0.996130000000 0.995810000000 0.994210000000 0.996070000000 0.995930000000 0.996160000000 0.994830000000 0.995930000000 0.995950000000 0.996040000000 0.995920000000 0.996120000000 0.996110000000 0.996100000000 0.827210000000 0.992950000000 0.992790000000 0.996870000000 0.995930000000 0.995630000000 0.995250000000 0.995830000000 0.996410000000 0.995130000000 0.996310000000 0.996120000000 0.996510000000 0.996090000000 0.996000000000 0.996130000000 0.997040000000 0.997310000000 0.997100000000 0.996300000000 0.994770000000 0.995960000000 0.996020000000 0.995980000000 0.996220000000 0.996290000000 0.996310000000 0.996000000000 0.996220000000 0.996140000000 0.996170000000 0.996040000000 0.993740000000 0.996240000000 0.996500000000 0.995860000000 0.995890000000 0.996260000000 0.996120000000 0.996220000000 0.996660000000 0.996030000000 0.996160000000 0.996090000000 0.996330000000 0.996150000000 0.996290000000 0.996080000000 0.996170000000 0.995920000000 0.996100000000 0.996070000000 0.995970000000 0.996210000000 0.995970000000 0.996080000000 0.996120000000 0.996050000000 0.996170000000 0.996090000000 0.996100000000 0.996120000000 0.996070000000 0.996090000000 0.003116000000 0.122430000000 0.295500000000 0.847760000000 0.620090000000 0.966770000000 0.996030000000 0.996930000000 0.909920000000 0.989600000000 0.995700000000 0.996230000000 0.990920000000 0.995980000000 0.996040000000 0.996280000000 0.949580000000 0.992470000000 0.996360000000 0.996500000000 0.998560000000 0.996170000000 0.996310000000 0.995840000000 0.997020000000 0.996870000000 0.996080000000 0.996040000000 0.995870000000 0.995970000000 0.996110000000 0.996040000000 0.984950000000 0.997410000000 0.997860000000 0.996750000000 0.995710000000 0.995790000000 0.996080000000 0.996370000000 0.994270000000 0.996200000000 0.996770000000 0.995940000000 0.996860000000 0.996120000000 0.996160000000 0.996140000000 0.997760000000 0.996560000000 0.996150000000 0.996160000000 0.995880000000 0.996090000000 0.996050000000 0.996030000000 0.995850000000 0.996430000000 0.996020000000 0.996140000000 0.995920000000 0.996060000000 0.996180000000 0.996080000000 0.980830000000 0.995980000000 0.997310000000 0.996420000000 0.992910000000 0.996270000000 0.996310000000 0.996130000000 0.994740000000 0.995110000000 0.996240000000 0.996030000000 0.995440000000 0.996090000000 0.996110000000 0.996130000000 0.996720000000 0.994580000000 0.995720000000 0.995850000000 0.996250000000 0.996070000000 0.996180000000 0.996120000000 0.996130000000 0.996110000000 0.995830000000 0.996030000000 0.995960000000 0.996090000000 0.996060000000 0.996130000000 0.990550000000 0.996690000000 0.995000000000 0.995770000000 0.996760000000 0.996180000000 0.995510000000 0.995950000000 0.996300000000 0.996120000000 0.995790000000 0.996100000000 0.996160000000 0.996080000000 0.996080000000 0.996080000000 0.996450000000 0.996070000000 0.996170000000 0.996130000000 0.996160000000 0.996130000000 0.996130000000 0.996090000000 0.996150000000 0.996170000000 0.996100000000 0.996090000000 0.996090000000 0.996110000000 0.996080000000 0.996080000000 0.997980000000 0.996130000000 0.997420000000 0.996730000000 0.997380000000 0.996970000000 0.995850000000 0.996030000000 0.993430000000 0.996570000000 0.996770000000 0.996100000000 0.996480000000 0.995930000000 0.996070000000 0.996060000000 0.996890000000 0.995830000000 0.995670000000 0.995850000000 0.996280000000 0.996470000000 0.996020000000 0.996100000000 0.996570000000 0.996200000000 0.996110000000 0.996070000000 0.996190000000 0.996060000000 0.996110000000 0.996090000000 0.994640000000 0.996250000000 0.996550000000 0.995940000000 0.996620000000 0.996140000000 0.996150000000 0.996240000000 0.995920000000 0.996170000000 0.995790000000 0.995990000000 0.996120000000 0.996200000000 0.996040000000 0.996080000000 0.995420000000 0.996190000000 0.996290000000 0.996060000000 0.995960000000 0.996070000000 0.996180000000 0.996120000000 0.995920000000 0.996110000000 0.996130000000 0.996100000000 0.996120000000 0.996100000000 0.996080000000 0.996090000000 0.993760000000 0.995730000000 0.996530000000 0.996230000000 0.996140000000 0.996070000000 0.995960000000 0.996110000000 0.995880000000 0.996010000000 0.996200000000 0.996010000000 0.996110000000 0.996090000000 0.996100000000 0.996090000000 0.996110000000 0.996160000000 0.996130000000 0.996150000000 0.996020000000 0.996080000000 0.996070000000 0.996090000000 0.995900000000 0.996030000000 0.996170000000 0.996120000000 0.996180000000 0.996100000000 0.996110000000 0.996090000000 0.996340000000 0.996120000000 0.996170000000 0.996040000000 0.996140000000 0.996120000000 0.996180000000 0.996110000000 0.996100000000 0.996090000000 0.996040000000 0.996110000000 0.996130000000 0.996090000000 0.996110000000 0.996100000000 0.996100000000 0.996170000000 0.996040000000 0.996070000000 0.996130000000 0.996050000000 0.996100000000 0.996100000000 0.996160000000 0.996090000000 0.996110000000 0.996100000000 0.996110000000 0.996090000000 0.996090000000 0.996090000000 

N_obs: 200

File Format:
1- most to least reliable channels (taken entropies)
2- most to least reliable channels (taken error probabilities)
3- channels entropies (flipped)
4- channels error probabilities (flipped)
5- number of MontCarlo simulations
