511 510 509 508 507 506 505 504 503 502 501 500 499 498 497 496 495 494 493 492 491 490 489 488 487 486 485 484 483 482 481 479 478 477 476 475 474 473 472 471 470 469 468 467 466 465 463 462 461 460 459 458 457 455 454 453 451 447 446 445 444 443 442 441 440 439 438 437 436 435 434 433 431 430 429 428 427 426 425 423 422 421 419 415 414 413 412 411 410 409 407 406 405 403 399 398 383 382 381 380 379 378 377 376 375 374 373 372 371 369 367 366 365 363 359 351 350 349 347 343 335 319 318 317 315 255 254 253 252 251 250 249 247 239 223 245 362 370 364 397 361 358 246 243 395 357 346 237 348 464 452 480 391 456 311 238 424 345 420 450 355 449 432 341 418 404 235 303 417 222 339 316 342 368 402 334 333 191 401 408 248 331 394 242 396 314 231 244 360 313 221 393 236 356 241 390 389 219 448 354 234 353 310 344 309 340 287 416 327 307 233 338 127 302 215 400 190 387 332 230 337 220 189 312 301 229 392 330 207 218 187 240 299 308 329 227 217 126 183 352 286 388 125 326 159 214 175 295 123 119 111 285 63 95 306 232 213 325 188 283 305 211 386 279 336 271 206 205 300 228 323 186 203 185 199 385 298 181 179 182 173 171 155 174 157 167 216 158 124 226 297 151 103 115 328 110 91 109 107 143 93 122 117 118 121 87 79 61 59 225 94 62 47 294 55 31 293 284 291 212 282 281 277 210 278 324 275 270 209 304 269 267 204 322 202 263 201 321 198 197 184 178 195 180 384 172 170 166 169 177 165 154 150 149 153 156 163 106 147 102 90 296 141 142 86 108 105 114 85 83 92 89 101 116 78 139 75 77 99 60 71 57 113 53 58 51 120 135 54 43 45 46 39 224 292 30 29 27 290 23 289 15 280 276 274 273 266 268 265 208 262 261 200 196 259 320 194 164 148 168 152 146 140 162 193 84 176 82 138 145 100 76 137 73 81 74 52 104 88 42 41 161 50 70 56 98 44 37 69 35 49 38 134 97 133 67 25 28 26 112 19 21 131 22 13 14 11 288 7 264 272 260 258 257 72 36 136 40 68 144 80 132 192 34 20 24 33 160 48 66 18 17 96 65 130 12 9 10 129 5 6 3 256 16 32 8 64 4 128 2 1 0 

511 510 509 508 507 506 505 504 503 502 501 500 499 498 497 496 495 494 493 492 491 490 489 488 487 486 485 484 483 482 481 479 478 477 476 475 474 473 472 471 470 469 468 467 466 465 463 462 461 460 459 458 457 455 454 453 451 447 446 445 444 443 442 441 440 439 438 437 436 435 434 433 431 430 429 428 427 426 425 423 422 421 419 415 414 413 412 411 410 409 407 406 405 403 399 398 383 382 381 380 379 378 377 376 375 374 373 372 371 369 367 366 365 363 359 351 350 349 347 343 335 319 318 317 315 255 254 253 252 251 250 249 247 239 223 362 245 370 364 397 361 358 246 243 395 357 346 237 348 464 452 480 391 456 311 424 238 345 420 450 355 449 432 341 418 404 235 303 417 222 339 316 342 368 402 334 333 191 401 408 331 248 394 396 314 244 313 360 393 231 221 241 356 390 354 353 242 236 344 389 310 448 219 309 234 340 416 233 307 287 338 327 400 302 387 332 215 337 230 190 312 301 392 127 220 330 229 189 240 218 308 329 388 352 299 207 326 227 187 217 286 232 306 214 325 386 336 295 305 285 213 300 228 126 183 385 188 323 211 283 298 328 125 206 175 226 186 279 216 205 225 297 271 123 294 159 324 304 185 212 284 293 111 203 199 179 181 384 109 171 321 124 210 322 177 102 204 197 101 94 139 291 282 63 209 54 151 182 46 198 170 149 163 296 263 154 201 58 90 270 71 85 113 99 78 92 266 184 14 156 148 161 104 114 84 49 77 178 112 22 153 15 81 29 30 70 272 273 23 145 67 26 91 69 80 257 137 144 131 35 162 13 18 165 48 258 65 40 224 260 136 34 256 39 194 66 42 129 17 121 60 7 134 36 4 10 96 0 88 8 193 24 3 132 100 38 82 32 20 74 130 97 133 192 9 140 1 2 52 16 128 208 64 33 51 12 5 21 50 176 98 168 72 6 160 288 95 56 68 135 27 196 164 89 169 44 265 11 141 19 25 41 37 261 86 274 147 259 75 200 292 152 276 262 120 138 264 146 320 108 76 28 268 105 289 116 158 87 110 172 280 43 57 150 73 157 166 269 277 180 290 31 83 142 45 62 106 202 79 281 195 61 47 53 103 278 118 267 155 55 117 59 167 275 107 119 122 93 143 115 174 173 

0.000000000000 0.000000000000 0.000000000000 0.000000000000 0.000000000000 0.000000000000 0.000000000000 0.000000000000 0.000000000000 0.000000000000 0.000000000000 0.000000000000 0.000000000000 0.000000000000 0.000000000000 0.000000000000 0.000000000000 0.000000000000 0.000000000000 0.000000000000 0.000000000000 0.000000000000 0.000000000000 0.000000000000 0.000000000000 0.000000000000 0.000000000000 0.000000000000 0.000000000000 0.000000000000 0.000000000000 0.000000000001 0.000000000000 0.000000000000 0.000000000000 0.000000000000 0.000000000000 0.000000000000 0.000000000000 0.000000000000 0.000000000000 0.000000000000 0.000000000000 0.000000000000 0.000000000000 0.000000000000 0.000000000000 0.000000000001 0.000000000000 0.000000000000 0.000000000000 0.000000000000 0.000000000000 0.000000000000 0.000000000000 0.000000000006 0.000000000000 0.000000000000 0.000000000000 0.000000000001 0.000000000000 0.000000000166 0.000000001281 0.003806700000 0.000000000000 0.000000000000 0.000000000000 0.000000000000 0.000000000000 0.000000000000 0.000000000000 0.000000000000 0.000000000000 0.000000000000 0.000000000000 0.000000000000 0.000000000000 0.000000000000 0.000000000000 0.000000002076 0.000000000000 0.000000000000 0.000000000000 0.000000000000 0.000000000000 0.000000000000 0.000000000000 0.000000000034 0.000000000000 0.000000000000 0.000000000000 0.000000000077 0.000000000000 0.000000004636 0.000000142750 0.012230000000 0.000000000000 0.000000000000 0.000000000000 0.000000000000 0.000000000000 0.000000000000 0.000000000000 0.000041033000 0.000000000000 0.000000000000 0.000000000000 0.000000024755 0.000000000000 0.000011512000 0.000034023000 0.032937000000 0.000000000000 0.000000000000 0.000000000000 0.000306280000 0.000000000000 0.000080562000 0.001384800000 0.086543000000 0.000000000002 0.003234700000 0.003562800000 0.202460000000 0.035181000000 0.387290000000 0.514190000000 0.894550000000 0.000000000000 0.000000000000 0.000000000000 0.000000000000 0.000000000000 0.000000000000 0.000000000000 0.000000000000 0.000000000000 0.000000000000 0.000000000000 0.000000000000 0.000000000000 0.000000000000 0.000000000000 0.000010309000 0.000000000000 0.000000000000 0.000000000000 0.000000000000 0.000000000000 0.000000000000 0.000000000000 0.000653320000 0.000000000000 0.000000000000 0.000000000000 0.001774500000 0.000000000376 0.003842200000 0.004972100000 0.202020000000 0.000000000000 0.000000000000 0.000000000000 0.000000000000 0.000000000000 0.000000000000 0.000000000047 0.005259600000 0.000000000000 0.000005160500 0.000000002299 0.010590000000 0.000001413500 0.025307000000 0.046522000000 0.402520000000 0.000000000000 0.000016552000 0.000016980000 0.043013000000 0.000070838000 0.093164000000 0.176810000000 0.632140000000 0.017426000000 0.237660000000 0.352200000000 0.800270000000 0.461310000000 0.846610000000 0.866800000000 0.980380000000 0.000000000000 0.000000000000 0.000000000000 0.000004214200 0.000000000000 0.000318180000 0.000715010000 0.074113000000 0.000000000016 0.004992100000 0.006037600000 0.156320000000 0.019547000000 0.270030000000 0.377650000000 0.818520000000 0.000000034888 0.029469000000 0.074878000000 0.438270000000 0.143960000000 0.540550000000 0.614650000000 0.918140000000 0.255510000000 0.674290000000 0.711770000000 0.942560000000 0.728910000000 0.946370000000 0.953900000000 0.993770000000 0.011396000000 0.202310000000 0.266380000000 0.713650000000 0.359160000000 0.761210000000 0.768580000000 0.956790000000 0.400090000000 0.799210000000 0.798560000000 0.962460000000 0.803400000000 0.962800000000 0.965660000000 0.994900000000 0.414260000000 0.817150000000 0.820690000000 0.967960000000 0.823070000000 0.967220000000 0.969070000000 0.994850000000 0.856230000000 0.975130000000 0.976300000000 0.995830000000 0.979860000000 0.996890000000 0.997340000000 0.999670000000 0.000000000000 0.000000000000 0.000000000000 0.000000000000 0.000000000000 0.000000000000 0.000000000000 0.000061713000 0.000000000000 0.000000000000 0.000000000000 0.000440180000 0.000000000000 0.000207690000 0.002932700000 0.135520000000 0.000000000000 0.000000000031 0.000000000000 0.001584300000 0.000000031365 0.004467200000 0.019820000000 0.271170000000 0.000337680000 0.043274000000 0.078155000000 0.444700000000 0.184860000000 0.612740000000 0.665310000000 0.937430000000 0.000000000000 0.000000362530 0.001101400000 0.066551000000 0.003648000000 0.117990000000 0.185490000000 0.603450000000 0.029642000000 0.241050000000 0.313100000000 0.740740000000 0.384910000000 0.799050000000 0.817710000000 0.972000000000 0.097804000000 0.425930000000 0.428460000000 0.839700000000 0.482650000000 0.848900000000 0.857690000000 0.977040000000 0.499460000000 0.867290000000 0.881200000000 0.979060000000 0.893550000000 0.982590000000 0.985240000000 0.998100000000 0.000025303000 0.034491000000 0.070472000000 0.353490000000 0.130500000000 0.468870000000 0.494890000000 0.881970000000 0.199210000000 0.569910000000 0.559120000000 0.893970000000 0.559580000000 0.887870000000 0.904980000000 0.985780000000 0.241230000000 0.597240000000 0.572950000000 0.895150000000 0.580690000000 0.901790000000 0.902960000000 0.984180000000 0.601900000000 0.902950000000 0.905230000000 0.982600000000 0.912720000000 0.985230000000 0.987490000000 0.998280000000 0.238890000000 0.604900000000 0.601800000000 0.911330000000 0.596160000000 0.906990000000 0.910980000000 0.984450000000 0.616750000000 0.907820000000 0.910220000000 0.983680000000 0.915210000000 0.984780000000 0.985960000000 0.997940000000 0.638780000000 0.919030000000 0.918270000000 0.985130000000 0.924860000000 0.985880000000 0.986410000000 0.997780000000 0.932910000000 0.988930000000 0.989340000000 0.998100000000 0.990730000000 0.998600000000 0.998840000000 0.999850000000 0.026762000000 0.196030000000 0.222480000000 0.612190000000 0.261280000000 0.639660000000 0.647670000000 0.931930000000 0.261810000000 0.643210000000 0.640380000000 0.922540000000 0.630050000000 0.920480000000 0.930370000000 0.990110000000 0.262090000000 0.635230000000 0.638010000000 0.919280000000 0.638380000000 0.914030000000 0.919410000000 0.987070000000 0.616860000000 0.918020000000 0.922380000000 0.986020000000 0.928450000000 0.988030000000 0.989070000000 0.998530000000 0.268350000000 0.667200000000 0.639100000000 0.922060000000 0.637350000000 0.918110000000 0.922350000000 0.987100000000 0.650570000000 0.919190000000 0.921110000000 0.985570000000 0.921820000000 0.985850000000 0.986750000000 0.997960000000 0.654760000000 0.923480000000 0.926970000000 0.986230000000 0.926740000000 0.986790000000 0.986450000000 0.997650000000 0.929410000000 0.987740000000 0.988520000000 0.997850000000 0.989620000000 0.998320000000 0.998560000000 0.999810000000 0.267850000000 0.672440000000 0.661020000000 0.928510000000 0.663850000000 0.931020000000 0.929930000000 0.987910000000 0.682710000000 0.933040000000 0.930760000000 0.986840000000 0.931770000000 0.987670000000 0.988630000000 0.998280000000 0.673350000000 0.934880000000 0.934450000000 0.988050000000 0.933430000000 0.987370000000 0.987370000000 0.997820000000 0.935090000000 0.988750000000 0.988280000000 0.997770000000 0.988560000000 0.998110000000 0.998270000000 0.999760000000 0.708650000000 0.943580000000 0.945990000000 0.989880000000 0.946010000000 0.990090000000 0.989830000000 0.998250000000 0.948040000000 0.990990000000 0.990670000000 0.998200000000 0.990580000000 0.998340000000 0.998420000000 0.999760000000 0.954000000000 0.992780000000 0.992760000000 0.998680000000 0.993010000000 0.998790000000 0.998760000000 0.999790000000 0.994030000000 0.999100000000 0.999080000000 0.999840000000 0.999220000000 0.999890000000 0.999900000000 0.999990000000 

0.000000000000 0.000000000000 0.000000000000 0.000000000000 0.000000000000 0.000000000000 0.000000000000 0.000000000000 0.000000000000 0.000000000000 0.000000000000 0.000000000000 0.000000000000 0.000000000000 0.000000000000 0.000000000000 0.000000000000 0.000000000000 0.000000000000 0.000000000000 0.000000000000 0.000000000000 0.000000000000 0.000000000000 0.000000000000 0.000000000000 0.000000000000 0.000000000000 0.000000000000 0.000000000000 0.000000000000 0.000000000000 0.000000000000 0.000000000000 0.000000000000 0.000000000000 0.000000000000 0.000000000000 0.000000000000 0.000000000000 0.000000000000 0.000000000000 0.000000000000 0.000000000000 0.000000000000 0.000000000000 0.000000000000 0.000000000000 0.000000000000 0.000000000000 0.000000000000 0.000000000000 0.000000000000 0.000000000000 0.000000000000 0.000000000001 0.000000000000 0.000000000000 0.000000000000 0.000000000000 0.000000000000 0.000000000044 0.000000000405 0.016518000000 0.000000000000 0.000000000000 0.000000000000 0.000000000000 0.000000000000 0.000000000000 0.000000000000 0.000000000000 0.000000000000 0.000000000000 0.000000000000 0.000000000000 0.000000000000 0.000000000000 0.000000000000 0.000000000674 0.000000000000 0.000000000000 0.000000000000 0.000000000000 0.000000000000 0.000000000000 0.000000000000 0.000000000008 0.000000000000 0.000000000000 0.000000000000 0.000000000019 0.000000000000 0.000000001462 0.000000060350 0.032998000000 0.000000000000 0.000000000000 0.000000000000 0.000000000000 0.000000000000 0.000000000000 0.000000000000 0.000036344000 0.000000000000 0.000000000000 0.000000000000 0.000000008370 0.000000000000 0.000007745400 0.000030369000 0.075286000000 0.000000000000 0.000000000000 0.000000000000 0.000485540000 0.000000000000 0.000072193000 0.001917200000 0.205550000000 0.000000000000 0.008255400000 0.010805000000 0.417900000000 0.096662000000 0.677990000000 0.847520000000 0.992480000000 0.000000000000 0.000000000000 0.000000000000 0.000000000000 0.000000000000 0.000000000000 0.000000000000 0.000000000000 0.000000000000 0.000000000000 0.000000000000 0.000000000000 0.000000000000 0.000000000000 0.000000000000 0.000005781700 0.000000000000 0.000000000000 0.000000000000 0.000000000000 0.000000000000 0.000000000000 0.000000000000 0.001108500000 0.000000000000 0.000000000000 0.000000000000 0.008216800000 0.000000000112 0.009221400000 0.009665000000 0.419110000000 0.000000000000 0.000000000000 0.000000000000 0.000000000000 0.000000000000 0.000000000000 0.000000000011 0.010612000000 0.000000000000 0.000003145600 0.000000000734 0.030227000000 0.000000750910 0.067484000000 0.125590000000 0.692030000000 0.000000000000 0.000011267000 0.000011307000 0.099442000000 0.000047363000 0.230420000000 0.388660000000 0.917120000000 0.071555000000 0.522690000000 0.673210000000 0.980160000000 0.879180000000 0.994520000000 0.993720000000 0.996220000000 0.000000000000 0.000000000000 0.000000000000 0.000002189300 0.000000000000 0.000520640000 0.000769250000 0.192840000000 0.000000000004 0.012740000000 0.024097000000 0.382170000000 0.059971000000 0.585170000000 0.734420000000 0.981250000000 0.000000012139 0.084956000000 0.202600000000 0.803720000000 0.435810000000 0.913790000000 0.973640000000 0.995700000000 0.732960000000 0.979690000000 0.987060000000 0.996200000000 0.995270000000 0.996470000000 0.996290000000 0.996130000000 0.066590000000 0.565810000000 0.761370000000 0.984770000000 0.899640000000 0.995360000000 0.996600000000 0.996320000000 0.967790000000 0.996830000000 0.996420000000 0.996200000000 0.997520000000 0.996180000000 0.996010000000 0.996010000000 0.975410000000 0.995830000000 0.996390000000 0.996240000000 0.997110000000 0.995890000000 0.996160000000 0.996210000000 0.995710000000 0.996200000000 0.996180000000 0.996070000000 0.996180000000 0.996060000000 0.996030000000 0.996070000000 0.000000000000 0.000000000000 0.000000000000 0.000000000000 0.000000000000 0.000000000000 0.000000000000 0.000059249000 0.000000000000 0.000000000000 0.000000000000 0.000684030000 0.000000000000 0.010063000000 0.006624700000 0.362900000000 0.000000000000 0.000000000008 0.000000000000 0.010232000000 0.000000011390 0.025136000000 0.057011000000 0.580100000000 0.005067700000 0.137390000000 0.258400000000 0.811960000000 0.542690000000 0.954410000000 0.972690000000 0.996070000000 0.000000000000 0.000000156900 0.006469700000 0.226690000000 0.020615000000 0.369630000000 0.557470000000 0.967930000000 0.103940000000 0.645230000000 0.784270000000 0.984590000000 0.897960000000 0.994070000000 0.995430000000 0.996110000000 0.456030000000 0.917990000000 0.968940000000 0.994900000000 0.987900000000 0.996590000000 0.995760000000 0.996200000000 0.988910000000 0.995630000000 0.994980000000 0.996150000000 0.996620000000 0.996080000000 0.996090000000 0.996110000000 0.000019288000 0.163590000000 0.312060000000 0.873450000000 0.548310000000 0.956350000000 0.982290000000 0.995900000000 0.843450000000 0.995570000000 0.991050000000 0.996430000000 0.989180000000 0.995980000000 0.994530000000 0.996120000000 0.947060000000 0.998050000000 0.998420000000 0.996320000000 0.993360000000 0.995640000000 0.996160000000 0.996120000000 0.997420000000 0.996390000000 0.996050000000 0.996150000000 0.995700000000 0.996050000000 0.995950000000 0.996130000000 0.979870000000 0.996300000000 0.996380000000 0.995910000000 0.997190000000 0.995710000000 0.995990000000 0.996200000000 0.995550000000 0.996370000000 0.995660000000 0.995920000000 0.996180000000 0.996220000000 0.996020000000 0.996040000000 0.997960000000 0.996530000000 0.996170000000 0.996110000000 0.995210000000 0.996210000000 0.996040000000 0.996070000000 0.996150000000 0.996080000000 0.996110000000 0.996090000000 0.996040000000 0.996100000000 0.996080000000 0.996110000000 0.207620000000 0.837960000000 0.917630000000 0.993740000000 0.976060000000 0.997760000000 0.996080000000 0.996210000000 0.997680000000 0.997080000000 0.997250000000 0.996300000000 0.997960000000 0.995970000000 0.995850000000 0.995990000000 0.987830000000 0.996320000000 0.993270000000 0.996220000000 0.997680000000 0.996570000000 0.996250000000 0.995960000000 0.996810000000 0.994870000000 0.995120000000 0.996090000000 0.995880000000 0.996120000000 0.996100000000 0.996090000000 0.996130000000 0.995210000000 0.997780000000 0.995890000000 0.996030000000 0.995820000000 0.996160000000 0.996090000000 0.996310000000 0.996180000000 0.995830000000 0.995970000000 0.996520000000 0.996090000000 0.996000000000 0.996030000000 0.996590000000 0.995880000000 0.995980000000 0.996230000000 0.996190000000 0.996100000000 0.996370000000 0.996130000000 0.995830000000 0.996010000000 0.996030000000 0.996140000000 0.996030000000 0.996080000000 0.996060000000 0.996120000000 0.995380000000 0.996570000000 0.996650000000 0.996080000000 0.997350000000 0.995800000000 0.996340000000 0.996140000000 0.997220000000 0.995490000000 0.996690000000 0.996110000000 0.996120000000 0.996120000000 0.995970000000 0.996050000000 0.996670000000 0.995600000000 0.996540000000 0.996160000000 0.996330000000 0.996080000000 0.996170000000 0.996060000000 0.996070000000 0.996090000000 0.996180000000 0.996080000000 0.996050000000 0.996070000000 0.996120000000 0.996090000000 0.996520000000 0.996000000000 0.996000000000 0.996240000000 0.996150000000 0.996030000000 0.996170000000 0.996090000000 0.996020000000 0.995990000000 0.996120000000 0.996100000000 0.996170000000 0.996050000000 0.996080000000 0.996110000000 0.995990000000 0.995910000000 0.996050000000 0.996120000000 0.996160000000 0.996090000000 0.996110000000 0.996090000000 0.996080000000 0.996130000000 0.996120000000 0.996080000000 0.996090000000 0.996110000000 0.996110000000 0.996090000000 

N_obs: 200

File Format:
1- most to least reliable channels (taken entropies)
2- most to least reliable channels (taken error probabilities)
3- channels entropies (flipped)
4- channels error probabilities (flipped)
5- number of MontCarlo simulations
