511 510 509 508 507 506 505 504 503 502 501 500 499 498 497 496 495 494 493 492 491 490 489 488 487 486 485 484 483 482 481 479 478 477 476 475 474 473 472 471 470 469 467 463 462 461 459 455 447 446 445 444 443 442 441 439 438 437 435 431 430 429 427 423 415 414 413 411 407 383 382 381 380 379 378 377 375 374 373 371 367 366 351 255 254 253 251 468 466 465 457 458 363 365 460 399 440 436 453 454 247 433 451 425 350 434 428 422 426 319 359 421 349 410 409 419 347 412 376 406 239 252 370 480 250 372 464 369 403 364 405 343 456 249 450 361 452 362 432 246 398 424 318 245 397 449 358 317 420 348 357 223 418 395 335 408 346 243 315 238 417 355 345 404 237 368 342 402 248 391 311 341 360 191 235 401 244 316 396 222 127 448 356 231 339 303 334 242 221 394 314 287 219 63 333 241 236 215 344 354 313 95 159 393 207 111 416 190 175 119 123 189 187 183 125 331 126 310 31 353 390 327 234 309 271 340 307 233 47 79 143 295 389 279 55 299 302 301 283 59 230 227 285 229 151 400 61 286 387 87 15 103 220 199 167 62 91 155 338 211 93 107 157 203 217 218 115 205 171 213 109 179 94 158 173 337 214 117 206 110 118 181 174 185 121 122 182 332 263 186 240 23 71 39 188 135 312 124 323 29 7 330 329 27 30 392 325 326 291 267 275 51 75 43 139 83 269 147 99 163 195 308 270 352 305 293 306 277 297 45 77 57 141 281 232 46 78 142 294 53 278 259 35 225 67 19 11 388 131 298 282 385 54 300 58 284 85 149 101 89 153 3 165 197 105 201 228 226 60 209 169 113 386 150 86 177 102 198 166 14 13 90 154 92 156 106 202 210 170 216 212 204 114 108 172 116 178 321 336 180 25 273 289 265 261 49 120 37 69 73 184 41 81 21 145 137 133 97 161 193 257 33 17 65 9 5 129 28 262 1 328 38 70 324 22 322 134 26 6 268 304 290 274 266 292 296 276 280 50 56 76 44 140 52 74 42 82 146 138 98 224 148 84 100 162 384 194 152 88 164 104 196 200 168 208 112 176 320 12 264 272 24 260 288 258 48 34 18 66 40 72 36 68 136 80 20 144 10 130 132 96 160 192 16 32 256 8 64 2 4 128 0 

511 510 509 508 507 506 505 504 503 502 501 500 499 498 497 496 495 494 493 492 491 490 489 488 487 486 485 484 483 482 481 479 478 477 476 475 474 473 472 471 470 469 467 463 462 461 459 455 447 446 445 444 443 442 441 439 438 437 435 431 430 429 427 423 415 414 413 411 407 383 382 381 380 379 378 377 375 374 373 371 367 366 351 255 254 253 251 468 466 465 457 458 363 365 460 399 440 436 453 454 247 433 451 425 350 434 428 422 426 319 359 421 349 410 409 419 347 412 376 406 239 252 370 480 250 464 372 405 343 249 450 361 456 362 403 369 424 398 432 364 452 318 449 246 397 245 358 420 357 317 348 418 395 408 335 223 243 417 346 355 315 345 404 238 402 368 237 342 248 391 360 311 341 401 396 244 448 235 316 356 394 339 191 334 222 242 314 416 354 344 393 303 333 231 221 241 236 313 353 390 310 340 331 400 234 219 127 389 287 338 309 190 327 215 233 387 337 392 230 302 307 332 220 189 312 240 207 352 229 187 301 218 227 330 183 388 217 126 329 299 159 295 308 125 213 63 271 214 123 326 283 286 232 285 385 175 300 155 211 279 174 206 103 306 305 336 291 325 95 323 117 386 15 23 150 201 7 169 31 277 171 209 67 11 165 13 293 115 105 203 143 193 172 267 179 184 79 74 92 210 204 114 43 9 46 73 22 262 259 298 37 304 49 153 107 212 282 164 42 268 137 81 39 265 181 324 70 133 226 161 6 56 162 281 134 90 76 322 261 98 112 116 104 82 89 84 160 200 129 52 100 280 44 288 139 269 66 136 276 1 145 20 258 135 132 196 148 5 77 97 40 17 38 72 256 260 140 208 36 18 80 64 292 384 57 50 26 8 16 0 32 197 176 2 144 99 85 157 128 264 194 178 75 68 4 41 87 34 192 28 108 10 88 290 33 154 130 96 48 156 12 272 149 86 138 257 274 177 152 113 273 69 53 58 328 320 24 47 14 65 266 216 101 228 51 21 166 102 29 142 163 296 146 289 27 173 54 120 19 168 59 180 224 83 3 106 131 78 25 170 45 62 294 188 151 202 141 91 147 225 198 195 278 121 297 284 275 270 60 110 30 35 182 321 71 167 186 109 111 158 122 94 118 205 124 185 93 61 55 199 263 119 

0.000000000000 0.000000000000 0.000000000000 0.000000000000 0.000000000000 0.000000000000 0.000000000000 0.000000000000 0.000000000000 0.000000000000 0.000000000000 0.000000000000 0.000000000000 0.000000000000 0.000000000000 0.000000000000 0.000000000000 0.000000000000 0.000000000000 0.000000000000 0.000000000000 0.000000000000 0.000000000000 0.000000000000 0.000000000000 0.000000000000 0.000000000000 0.000000000000 0.000000000000 0.000000000000 0.000000000000 0.000003763700 0.000000000000 0.000000000000 0.000000000000 0.000000000000 0.000000000000 0.000000000000 0.000000000000 0.000000000000 0.000000000000 0.000000000000 0.000000000000 0.000000000000 0.000000000000 0.000000000000 0.000000000000 0.000032940000 0.000000000000 0.000000000000 0.000000000000 0.000000000000 0.000000000000 0.000000000000 0.000000000000 0.000223130000 0.000000000000 0.000000000000 0.000000000000 0.000491220000 0.000000000000 0.000406280000 0.001769800000 0.128420000000 0.000000000000 0.000000000000 0.000000000000 0.000000000000 0.000000000000 0.000000000000 0.000000000000 0.000000000000 0.000000000000 0.000000000000 0.000000000000 0.000000000000 0.000000000000 0.000000000002 0.000000000000 0.000618650000 0.000000000000 0.000000000000 0.000000000000 0.000000000007 0.000000000000 0.000000000021 0.000000000001 0.000896010000 0.000000000000 0.000000000013 0.000000001939 0.002720600000 0.000000060556 0.004816900000 0.012420000000 0.270180000000 0.000000000000 0.000000000000 0.000000000000 0.000000598680 0.000000000000 0.000000008114 0.000000038399 0.008189300000 0.000000000000 0.000001419400 0.000109390000 0.019667000000 0.000077718000 0.035047000000 0.079999000000 0.506110000000 0.000000000000 0.000726420000 0.001416200000 0.091922000000 0.006955200000 0.161710000000 0.263490000000 0.729130000000 0.042832000000 0.350260000000 0.448010000000 0.845330000000 0.508880000000 0.874840000000 0.848560000000 0.985210000000 0.000000000000 0.000000000000 0.000000000000 0.000000000000 0.000000000000 0.000000000000 0.000000000000 0.000000615950 0.000000000000 0.000000000000 0.000000000000 0.000032731000 0.000000000000 0.000003385500 0.000063818000 0.030751000000 0.000000000000 0.000000000000 0.000000000000 0.000102800000 0.000000000000 0.000595620000 0.000424150000 0.066069000000 0.000000000099 0.001916800000 0.003499000000 0.130450000000 0.016871000000 0.251210000000 0.349530000000 0.796350000000 0.000000000000 0.000000000001 0.000000001951 0.003473000000 0.000000084281 0.008642900000 0.017048000000 0.250810000000 0.000157000000 0.030852000000 0.062239000000 0.410690000000 0.142170000000 0.552450000000 0.600050000000 0.917620000000 0.007377900000 0.149240000000 0.232410000000 0.655010000000 0.306200000000 0.722330000000 0.723280000000 0.954320000000 0.354230000000 0.750890000000 0.738480000000 0.958370000000 0.702610000000 0.958640000000 0.915420000000 0.996160000000 0.000000000070 0.000947340000 0.002635900000 0.091102000000 0.011015000000 0.166740000000 0.252240000000 0.679490000000 0.048472000000 0.331270000000 0.390430000000 0.794800000000 0.427480000000 0.814300000000 0.796990000000 0.973810000000 0.143460000000 0.472010000000 0.475700000000 0.851380000000 0.470840000000 0.847400000000 0.818790000000 0.976640000000 0.444080000000 0.828540000000 0.811890000000 0.975380000000 0.754260000000 0.974290000000 0.926610000000 0.997680000000 0.201500000000 0.508370000000 0.495670000000 0.854550000000 0.477740000000 0.848370000000 0.821280000000 0.978060000000 0.462900000000 0.840450000000 0.817830000000 0.976700000000 0.757940000000 0.974610000000 0.925880000000 0.997430000000 0.407440000000 0.795320000000 0.786640000000 0.971450000000 0.756660000000 0.975090000000 0.926810000000 0.997380000000 0.656020000000 0.952570000000 0.927100000000 0.997660000000 0.841270000000 0.997730000000 0.948260000000 0.999840000000 0.000000000000 0.000000000000 0.000000000000 0.000002764100 0.000000000000 0.000029513000 0.000277320000 0.038949000000 0.000000000000 0.000692370000 0.001320200000 0.081043000000 0.009389000000 0.152190000000 0.234360000000 0.664480000000 0.000002576600 0.011686000000 0.025287000000 0.242250000000 0.071039000000 0.369420000000 0.428580000000 0.821460000000 0.141360000000 0.481840000000 0.499310000000 0.863620000000 0.493270000000 0.863800000000 0.843830000000 0.984250000000 0.004647600000 0.105090000000 0.161200000000 0.523960000000 0.223040000000 0.575440000000 0.574440000000 0.904510000000 0.249220000000 0.601540000000 0.587580000000 0.905210000000 0.558960000000 0.899910000000 0.866070000000 0.988090000000 0.263670000000 0.613340000000 0.579690000000 0.906390000000 0.567130000000 0.898960000000 0.862700000000 0.986390000000 0.526580000000 0.883380000000 0.861440000000 0.986290000000 0.793530000000 0.985290000000 0.936630000000 0.998860000000 0.068067000000 0.272460000000 0.285600000000 0.673910000000 0.287000000000 0.661230000000 0.635640000000 0.932270000000 0.293120000000 0.643870000000 0.628050000000 0.921570000000 0.592750000000 0.914490000000 0.878530000000 0.990080000000 0.272610000000 0.632350000000 0.598190000000 0.911820000000 0.583510000000 0.904330000000 0.869120000000 0.987140000000 0.528530000000 0.883910000000 0.861370000000 0.985900000000 0.790600000000 0.985040000000 0.935370000000 0.998730000000 0.254530000000 0.597090000000 0.566460000000 0.896690000000 0.547710000000 0.893130000000 0.857220000000 0.985510000000 0.505160000000 0.877710000000 0.855990000000 0.984820000000 0.787260000000 0.983100000000 0.933220000000 0.998370000000 0.439480000000 0.826780000000 0.821240000000 0.979580000000 0.784010000000 0.983340000000 0.933240000000 0.998290000000 0.678280000000 0.959350000000 0.933780000000 0.998520000000 0.846260000000 0.998440000000 0.949660000000 0.999890000000 0.116090000000 0.328150000000 0.297240000000 0.688330000000 0.280430000000 0.641260000000 0.636060000000 0.930230000000 0.274640000000 0.622320000000 0.606400000000 0.911850000000 0.578200000000 0.908550000000 0.872770000000 0.989360000000 0.268180000000 0.620850000000 0.589350000000 0.909660000000 0.565690000000 0.898250000000 0.861820000000 0.986290000000 0.518820000000 0.880940000000 0.856040000000 0.985020000000 0.787810000000 0.984060000000 0.934830000000 0.998620000000 0.252810000000 0.595790000000 0.559070000000 0.896550000000 0.544440000000 0.890730000000 0.856750000000 0.985560000000 0.514010000000 0.878180000000 0.855740000000 0.984970000000 0.784170000000 0.982700000000 0.932900000000 0.998320000000 0.436680000000 0.826290000000 0.819040000000 0.978760000000 0.778530000000 0.981970000000 0.932100000000 0.998130000000 0.670650000000 0.957850000000 0.931650000000 0.998190000000 0.844080000000 0.998120000000 0.948950000000 0.999850000000 0.225320000000 0.534870000000 0.506280000000 0.864010000000 0.479990000000 0.852640000000 0.820990000000 0.978340000000 0.469660000000 0.851110000000 0.830710000000 0.979620000000 0.768430000000 0.978090000000 0.929570000000 0.997920000000 0.431170000000 0.822890000000 0.818940000000 0.978770000000 0.780440000000 0.982520000000 0.932400000000 0.998120000000 0.673860000000 0.957700000000 0.931580000000 0.998130000000 0.843660000000 0.997940000000 0.948730000000 0.999830000000 0.348400000000 0.729060000000 0.718670000000 0.951520000000 0.724110000000 0.968310000000 0.924450000000 0.997500000000 0.668050000000 0.958440000000 0.932960000000 0.998360000000 0.844500000000 0.998040000000 0.948760000000 0.999830000000 0.514140000000 0.885830000000 0.886720000000 0.996960000000 0.844770000000 0.998390000000 0.949230000000 0.999850000000 0.720920000000 0.971230000000 0.949620000000 0.999870000000 0.858020000000 0.999860000000 0.952960000000 0.999990000000 

0.000000000000 0.000000000000 0.000000000000 0.000000000000 0.000000000000 0.000000000000 0.000000000000 0.000000000000 0.000000000000 0.000000000000 0.000000000000 0.000000000000 0.000000000000 0.000000000000 0.000000000000 0.000000000000 0.000000000000 0.000000000000 0.000000000000 0.000000000000 0.000000000000 0.000000000000 0.000000000000 0.000000000000 0.000000000000 0.000000000000 0.000000000000 0.000000000000 0.000000000000 0.000000000000 0.000000000000 0.000002024400 0.000000000000 0.000000000000 0.000000000000 0.000000000000 0.000000000000 0.000000000000 0.000000000000 0.000000000000 0.000000000000 0.000000000000 0.000000000000 0.000000000000 0.000000000000 0.000000000000 0.000000000000 0.000026350000 0.000000000000 0.000000000000 0.000000000000 0.000000000000 0.000000000000 0.000000000000 0.000000000000 0.000900870000 0.000000000000 0.000000000000 0.000000000000 0.002120000000 0.000000000000 0.000461480000 0.003022900000 0.243430000000 0.000000000000 0.000000000000 0.000000000000 0.000000000000 0.000000000000 0.000000000000 0.000000000000 0.000000000000 0.000000000000 0.000000000000 0.000000000000 0.000000000000 0.000000000000 0.000000000000 0.000000000000 0.001803900000 0.000000000000 0.000000000000 0.000000000000 0.000000000002 0.000000000000 0.000000000005 0.000000000000 0.001321600000 0.000000000000 0.000000000003 0.000000000571 0.006483200000 0.000000024400 0.010309000000 0.029178000000 0.481860000000 0.000000000000 0.000000000000 0.000000000000 0.000000302090 0.000000000000 0.000000002480 0.000000013879 0.020212000000 0.000000000000 0.000000811880 0.000168590000 0.047734000000 0.001032000000 0.074908000000 0.167280000000 0.763740000000 0.000000000000 0.001434700000 0.003824900000 0.198840000000 0.014894000000 0.331000000000 0.506310000000 0.934080000000 0.122960000000 0.652330000000 0.811430000000 0.982610000000 0.912270000000 0.991380000000 0.990290000000 0.992190000000 0.000000000000 0.000000000000 0.000000000000 0.000000000000 0.000000000000 0.000000000000 0.000000000000 0.000000303000 0.000000000000 0.000000000000 0.000000000000 0.000035297000 0.000000000000 0.000001950100 0.001049000000 0.076047000000 0.000000000000 0.000000000000 0.000000000000 0.002033200000 0.000000000000 0.001010600000 0.000695680000 0.152600000000 0.000000000023 0.006335100000 0.009069000000 0.289150000000 0.039205000000 0.489690000000 0.651590000000 0.966450000000 0.000000000000 0.000000000000 0.000000000618 0.009860600000 0.000000034196 0.029850000000 0.043895000000 0.491640000000 0.000202560000 0.086229000000 0.161720000000 0.723090000000 0.349170000000 0.863450000000 0.925450000000 0.991240000000 0.022051000000 0.374230000000 0.540930000000 0.943070000000 0.749020000000 0.979360000000 0.984000000000 0.992270000000 0.893720000000 0.988770000000 0.991260000000 0.992050000000 0.991370000000 0.992110000000 0.992960000000 0.992270000000 0.000000000017 0.002239900000 0.009235200000 0.266710000000 0.040284000000 0.422090000000 0.623260000000 0.950450000000 0.161440000000 0.722960000000 0.869770000000 0.986290000000 0.939780000000 0.991180000000 0.991200000000 0.991990000000 0.539890000000 0.938060000000 0.970580000000 0.990320000000 0.984270000000 0.991980000000 0.992730000000 0.992360000000 0.985530000000 0.992560000000 0.991750000000 0.992180000000 0.991250000000 0.992220000000 0.992360000000 0.992150000000 0.830670000000 0.989770000000 0.990140000000 0.992740000000 0.989640000000 0.992010000000 0.992100000000 0.992140000000 0.990540000000 0.992720000000 0.991510000000 0.992160000000 0.992760000000 0.992240000000 0.992260000000 0.992230000000 0.987730000000 0.992770000000 0.992150000000 0.992030000000 0.991860000000 0.992310000000 0.992050000000 0.992200000000 0.994240000000 0.991960000000 0.992120000000 0.992170000000 0.991960000000 0.992160000000 0.992240000000 0.992170000000 0.000000000000 0.000000000000 0.000000000000 0.000001615900 0.000000000000 0.000025830000 0.000396430000 0.122330000000 0.000000000000 0.003680200000 0.004666200000 0.242830000000 0.026421000000 0.405600000000 0.582720000000 0.950800000000 0.000001525600 0.049284000000 0.084945000000 0.613960000000 0.254660000000 0.788340000000 0.905470000000 0.989900000000 0.553470000000 0.934550000000 0.970440000000 0.992330000000 0.978940000000 0.992070000000 0.992670000000 0.992410000000 0.026394000000 0.395680000000 0.568690000000 0.944360000000 0.790790000000 0.973020000000 0.982770000000 0.992310000000 0.902700000000 0.987990000000 0.986950000000 0.992010000000 0.990520000000 0.991880000000 0.991600000000 0.992180000000 0.956900000000 0.990930000000 0.993350000000 0.991900000000 0.991770000000 0.992590000000 0.991470000000 0.992130000000 0.993720000000 0.992680000000 0.992190000000 0.992170000000 0.992720000000 0.992200000000 0.991780000000 0.992210000000 0.369430000000 0.882410000000 0.944570000000 0.992570000000 0.970580000000 0.993070000000 0.993590000000 0.991870000000 0.981020000000 0.992830000000 0.992050000000 0.992400000000 0.991870000000 0.992200000000 0.992260000000 0.992190000000 0.990310000000 0.990870000000 0.992370000000 0.991790000000 0.991570000000 0.992510000000 0.991490000000 0.992390000000 0.993040000000 0.992330000000 0.991730000000 0.992020000000 0.992350000000 0.992100000000 0.992080000000 0.992130000000 0.984830000000 0.993270000000 0.992200000000 0.992230000000 0.990380000000 0.992220000000 0.992000000000 0.992260000000 0.992570000000 0.991470000000 0.992230000000 0.992170000000 0.992670000000 0.992360000000 0.992160000000 0.992200000000 0.991780000000 0.992350000000 0.992600000000 0.992180000000 0.992150000000 0.992230000000 0.992030000000 0.992150000000 0.992160000000 0.992100000000 0.992070000000 0.992160000000 0.992480000000 0.992220000000 0.992140000000 0.992200000000 0.804770000000 0.982970000000 0.986720000000 0.993450000000 0.988730000000 0.993270000000 0.992720000000 0.992380000000 0.995370000000 0.993300000000 0.991370000000 0.992120000000 0.991760000000 0.991900000000 0.992260000000 0.992120000000 0.993200000000 0.992780000000 0.993120000000 0.992220000000 0.992000000000 0.992470000000 0.991760000000 0.992130000000 0.991150000000 0.992330000000 0.992320000000 0.992140000000 0.992200000000 0.992120000000 0.992170000000 0.992220000000 0.991270000000 0.993290000000 0.993650000000 0.991880000000 0.992660000000 0.992100000000 0.992130000000 0.992220000000 0.992210000000 0.992230000000 0.992200000000 0.992130000000 0.992420000000 0.992130000000 0.992040000000 0.992180000000 0.991870000000 0.992490000000 0.992170000000 0.992110000000 0.992200000000 0.991880000000 0.991960000000 0.992170000000 0.992990000000 0.992070000000 0.992270000000 0.992210000000 0.991650000000 0.992150000000 0.992290000000 0.992180000000 0.987700000000 0.992550000000 0.993650000000 0.992770000000 0.992390000000 0.992270000000 0.992190000000 0.992090000000 0.993660000000 0.992380000000 0.992270000000 0.992140000000 0.992330000000 0.992190000000 0.991990000000 0.992230000000 0.992280000000 0.991930000000 0.992530000000 0.992140000000 0.991930000000 0.992020000000 0.992210000000 0.992170000000 0.992040000000 0.992170000000 0.991980000000 0.992180000000 0.992820000000 0.992210000000 0.992220000000 0.992190000000 0.991500000000 0.992800000000 0.992340000000 0.992210000000 0.992370000000 0.992190000000 0.992500000000 0.992280000000 0.991450000000 0.991960000000 0.992330000000 0.992160000000 0.992390000000 0.992180000000 0.992170000000 0.992190000000 0.991400000000 0.992290000000 0.991740000000 0.992230000000 0.991720000000 0.992220000000 0.991930000000 0.992190000000 0.991490000000 0.992090000000 0.992170000000 0.992210000000 0.992460000000 0.992190000000 0.992160000000 0.992190000000 

N_obs: 1000

File Format:
1- most to least reliable channels (taken entropies)
2- most to least reliable channels (taken error probabilities)
3- channels entropies (flipped)
4- channels error probabilities (flipped)
5- number of MontCarlo simulations
