511 510 509 508 507 506 505 504 503 502 501 500 499 498 497 496 495 494 493 492 491 490 489 488 487 486 485 484 483 482 481 480 479 478 477 476 475 474 473 472 471 470 469 468 467 466 465 464 463 462 461 460 459 458 457 456 455 454 453 452 451 450 449 447 446 445 444 443 442 441 440 439 438 437 436 435 434 433 432 431 430 429 428 427 426 425 424 423 422 421 420 419 418 417 415 414 413 412 411 410 409 408 407 406 405 404 403 402 401 399 398 397 396 395 394 393 391 390 389 387 383 382 381 380 379 378 377 376 375 374 373 372 371 370 369 368 367 366 365 364 363 362 361 360 359 358 357 356 355 354 353 351 350 349 348 347 346 345 344 343 342 341 340 339 338 337 335 334 333 332 331 330 329 327 326 325 323 319 318 317 316 315 314 313 312 311 310 309 308 307 306 305 303 302 301 300 299 298 297 295 294 287 286 285 283 279 271 255 254 253 252 251 250 249 248 247 246 245 244 243 242 241 240 239 238 237 236 235 234 233 231 230 229 228 227 226 223 222 221 220 219 218 217 215 214 213 211 207 206 205 203 199 191 190 189 188 187 186 185 183 182 181 179 175 174 173 171 167 159 158 157 155 151 127 126 125 124 123 122 121 119 118 117 111 110 95 293 284 291 232 281 212 115 282 204 210 109 107 225 278 63 202 184 277 198 180 275 270 197 209 216 448 195 170 178 169 269 172 143 352 103 416 94 400 165 388 177 392 166 201 385 93 386 296 154 328 292 267 304 322 336 324 116 321 150 163 224 91 290 114 120 263 113 156 153 149 280 289 108 208 276 106 274 196 87 200 147 105 176 268 273 194 62 142 168 61 102 193 266 141 164 92 384 101 265 79 162 90 152 59 139 320 262 89 99 161 148 112 288 86 261 55 146 135 85 104 272 60 145 259 140 47 100 192 83 78 58 31 264 138 77 57 98 88 75 54 137 160 71 97 53 15 260 51 134 39 84 23 45 43 46 27 29 133 30 131 82 258 144 81 257 7 76 56 67 73 74 69 35 19 11 70 136 49 13 52 14 37 50 96 41 21 25 38 22 3 42 26 44 28 129 132 130 65 80 17 33 9 5 256 1 6 72 68 66 12 34 48 18 36 10 40 20 24 128 64 8 16 32 4 2 0 

511 510 509 508 507 506 505 504 503 502 501 500 499 498 497 496 495 494 493 492 491 490 489 488 487 486 485 484 483 482 481 480 479 478 477 476 475 474 473 472 471 470 469 468 467 466 465 464 463 462 461 460 459 458 457 456 455 454 453 452 451 450 449 447 446 445 444 443 442 441 440 439 438 437 436 435 434 433 432 431 430 429 428 427 426 425 424 423 422 421 420 419 418 417 415 414 413 412 411 410 409 408 407 406 405 404 403 402 401 399 398 397 396 395 394 393 391 390 389 387 383 382 381 380 379 378 377 376 375 374 373 372 371 370 369 368 367 366 365 364 363 362 361 360 359 358 357 356 355 354 353 351 350 349 348 347 346 345 344 343 342 341 340 339 338 337 335 334 333 332 331 330 329 327 326 325 323 319 318 317 316 315 314 313 312 311 310 309 308 307 306 305 303 302 301 300 299 298 297 295 294 287 286 285 283 279 271 255 254 253 252 251 250 249 248 247 246 245 244 243 242 241 240 239 238 237 236 235 234 233 231 230 229 228 227 226 223 222 221 220 219 218 217 215 214 213 211 207 206 205 203 199 191 190 189 188 187 186 185 183 182 181 179 175 174 173 171 167 159 158 157 155 151 127 126 125 124 123 122 121 119 118 117 111 110 95 293 284 291 232 212 281 115 282 204 210 109 107 225 278 63 202 184 277 198 180 275 270 197 209 216 448 195 170 178 169 269 172 143 352 103 416 94 400 165 388 177 166 392 201 385 296 93 386 154 328 292 267 304 322 324 336 116 321 150 163 224 91 290 114 120 263 113 156 149 280 153 289 208 108 87 276 196 106 147 268 274 200 176 105 273 194 168 142 102 62 266 193 141 61 164 92 384 265 101 162 90 79 139 152 320 59 262 161 89 148 99 288 112 261 86 146 104 272 135 55 85 145 60 259 140 192 100 264 83 78 138 58 98 88 47 160 77 137 57 260 97 54 134 84 75 144 31 258 133 53 82 71 257 51 81 46 131 76 56 136 96 45 43 74 30 132 73 52 27 39 80 70 15 256 44 49 41 67 129 22 11 33 29 69 35 72 3 6 48 25 50 18 10 28 23 9 34 64 130 24 36 38 8 128 4 0 16 5 17 32 2 68 20 42 66 1 40 21 65 37 12 19 13 14 7 26 

0.000000000000 0.000000000000 0.000000000000 0.000000000000 0.000000000000 0.000000000000 0.000000000000 0.000000000000 0.000000000000 0.000000000000 0.000000000000 0.000000000000 0.000000000000 0.000000000000 0.000000000000 0.000000000000 0.000000000000 0.000000000000 0.000000000000 0.000000000000 0.000000000000 0.000000000000 0.000000000000 0.000000000000 0.000000000000 0.000000000000 0.000000000000 0.000000000000 0.000000000000 0.000000000000 0.000000000000 0.000000000000 0.000000000000 0.000000000000 0.000000000000 0.000000000000 0.000000000000 0.000000000000 0.000000000000 0.000000000000 0.000000000000 0.000000000000 0.000000000000 0.000000000000 0.000000000000 0.000000000000 0.000000000000 0.000000000000 0.000000000000 0.000000000000 0.000000000000 0.000000000000 0.000000000000 0.000000000000 0.000000000000 0.000000000000 0.000000000000 0.000000000000 0.000000000000 0.000000000000 0.000000000000 0.000000000000 0.000000000000 0.000000000004 0.000000000000 0.000000000000 0.000000000000 0.000000000000 0.000000000000 0.000000000000 0.000000000000 0.000000000000 0.000000000000 0.000000000000 0.000000000000 0.000000000000 0.000000000000 0.000000000000 0.000000000000 0.000000000000 0.000000000000 0.000000000000 0.000000000000 0.000000000000 0.000000000000 0.000000000000 0.000000000000 0.000000000000 0.000000000000 0.000000000000 0.000000000000 0.000000000000 0.000000000000 0.000000000000 0.000000000000 0.000000000534 0.000000000000 0.000000000000 0.000000000000 0.000000000000 0.000000000000 0.000000000000 0.000000000000 0.000000000000 0.000000000000 0.000000000000 0.000000000000 0.000000000000 0.000000000000 0.000000000000 0.000000000000 0.000000001114 0.000000000000 0.000000000000 0.000000000000 0.000000000000 0.000000000000 0.000000000000 0.000000000000 0.000000005669 0.000000000000 0.000000000000 0.000000000000 0.000000003984 0.000000000000 0.000000142780 0.000000111460 0.007418300000 0.000000000000 0.000000000000 0.000000000000 0.000000000000 0.000000000000 0.000000000000 0.000000000000 0.000000000000 0.000000000000 0.000000000000 0.000000000000 0.000000000000 0.000000000000 0.000000000000 0.000000000000 0.000000000000 0.000000000000 0.000000000000 0.000000000000 0.000000000000 0.000000000000 0.000000000000 0.000000000000 0.000000000000 0.000000000000 0.000000000000 0.000000000000 0.000000000000 0.000000000000 0.000000000000 0.000000000000 0.000000000175 0.000000000000 0.000000000000 0.000000000000 0.000000000000 0.000000000000 0.000000000000 0.000000000000 0.000000000000 0.000000000000 0.000000000000 0.000000000000 0.000000000000 0.000000000000 0.000000000000 0.000000000000 0.000001095300 0.000000000000 0.000000000000 0.000000000000 0.000000000000 0.000000000000 0.000000000000 0.000000000000 0.000000525110 0.000000000000 0.000000000000 0.000000000000 0.000001097200 0.000000000000 0.000000957470 0.000005412200 0.018614000000 0.000000000000 0.000000000000 0.000000000000 0.000000000000 0.000000000000 0.000000000000 0.000000000000 0.000000000000 0.000000000000 0.000000000000 0.000000000000 0.000000000000 0.000000000000 0.000000000000 0.000000000000 0.000000768170 0.000000000000 0.000000000000 0.000000000000 0.000000000000 0.000000000000 0.000000000000 0.000000000000 0.000000151010 0.000000000000 0.000000000000 0.000000000000 0.000000589250 0.000000000000 0.000022012000 0.000183310000 0.043979000000 0.000000000000 0.000000000000 0.000000000000 0.000000000000 0.000000000000 0.000000000000 0.000000000000 0.000168870000 0.000000000000 0.000000000000 0.000000000000 0.000341140000 0.000000000001 0.000619140000 0.001460600000 0.104090000000 0.000000000000 0.000000000002 0.000000000023 0.001357100000 0.000000686850 0.004178000000 0.009012200000 0.224940000000 0.000043422000 0.025401000000 0.051143000000 0.419890000000 0.133740000000 0.587150000000 0.649840000000 0.937410000000 0.000000000000 0.000000000000 0.000000000000 0.000000000000 0.000000000000 0.000000000000 0.000000000000 0.000000000000 0.000000000000 0.000000000000 0.000000000000 0.000000000000 0.000000000000 0.000000000000 0.000000000000 0.000000000000 0.000000000000 0.000000000000 0.000000000000 0.000000000000 0.000000000000 0.000000000000 0.000000000000 0.000000000000 0.000000000000 0.000000000000 0.000000000000 0.000000000000 0.000000000000 0.000000000000 0.000000000000 0.000011291000 0.000000000000 0.000000000000 0.000000000000 0.000000000000 0.000000000000 0.000000000000 0.000000000000 0.000000000004 0.000000000000 0.000000000000 0.000000000000 0.000000000000 0.000000000000 0.000000000000 0.000000000002 0.000265310000 0.000000000000 0.000000000000 0.000000000000 0.000000000000 0.000000000000 0.000000000000 0.000000009970 0.000682060000 0.000000000000 0.000000000000 0.000000000002 0.000624230000 0.000000000006 0.001538200000 0.003875500000 0.173420000000 0.000000000000 0.000000000000 0.000000000000 0.000000000000 0.000000000000 0.000000000000 0.000000000000 0.000000000000 0.000000000000 0.000000000000 0.000000000000 0.000000000000 0.000000000000 0.000000000012 0.000000004645 0.000819430000 0.000000000000 0.000000000000 0.000000000000 0.000000000036 0.000000000000 0.000000000010 0.000000000014 0.002999700000 0.000000000000 0.000000005933 0.000000003594 0.005667700000 0.000006828200 0.012265000000 0.028375000000 0.345990000000 0.000000000000 0.000000000000 0.000000000000 0.000085614000 0.000000000000 0.000000279470 0.000112140000 0.013471000000 0.000000000000 0.000006816000 0.000115380000 0.033255000000 0.000701770000 0.068688000000 0.129220000000 0.588070000000 0.000000000040 0.002136700000 0.004950700000 0.137200000000 0.015278000000 0.239990000000 0.343680000000 0.785420000000 0.081257000000 0.442700000000 0.496320000000 0.870450000000 0.537670000000 0.888080000000 0.860660000000 0.987610000000 0.000000000000 0.000000000000 0.000000000000 0.000000000000 0.000000000000 0.000000000000 0.000000000000 0.000029734000 0.000000000000 0.000000000000 0.000000000000 0.000003281300 0.000000000000 0.000028222000 0.000052225000 0.041967000000 0.000000000000 0.000000000000 0.000000000000 0.000264600000 0.000000000000 0.000348170000 0.000816540000 0.089644000000 0.000000000412 0.003832700000 0.008514700000 0.169600000000 0.028057000000 0.289200000000 0.391930000000 0.816520000000 0.000000000000 0.000000001109 0.000000137320 0.006138000000 0.000013647000 0.012836000000 0.025643000000 0.291300000000 0.000631690000 0.049628000000 0.086208000000 0.461400000000 0.178560000000 0.586660000000 0.618330000000 0.925580000000 0.010728000000 0.178740000000 0.248940000000 0.674080000000 0.340120000000 0.736730000000 0.721890000000 0.955820000000 0.362610000000 0.765280000000 0.747180000000 0.959140000000 0.704240000000 0.959430000000 0.915100000000 0.996160000000 0.000000000000 0.002115200000 0.003397400000 0.107970000000 0.015187000000 0.188230000000 0.268370000000 0.699190000000 0.061046000000 0.343090000000 0.394870000000 0.800520000000 0.426640000000 0.815000000000 0.792030000000 0.973980000000 0.154570000000 0.476580000000 0.468370000000 0.852480000000 0.475880000000 0.844270000000 0.819210000000 0.977830000000 0.453140000000 0.831140000000 0.812180000000 0.975850000000 0.753300000000 0.973730000000 0.926930000000 0.997680000000 0.207230000000 0.516240000000 0.491270000000 0.859500000000 0.490300000000 0.851790000000 0.824610000000 0.978770000000 0.464760000000 0.842210000000 0.823670000000 0.977970000000 0.757060000000 0.975330000000 0.926430000000 0.997580000000 0.410240000000 0.801150000000 0.795470000000 0.973060000000 0.759410000000 0.976240000000 0.927840000000 0.997570000000 0.660860000000 0.955160000000 0.929020000000 0.997960000000 0.842410000000 0.997980000000 0.949070000000 0.999860000000 

0.000000000000 0.000000000000 0.000000000000 0.000000000000 0.000000000000 0.000000000000 0.000000000000 0.000000000000 0.000000000000 0.000000000000 0.000000000000 0.000000000000 0.000000000000 0.000000000000 0.000000000000 0.000000000000 0.000000000000 0.000000000000 0.000000000000 0.000000000000 0.000000000000 0.000000000000 0.000000000000 0.000000000000 0.000000000000 0.000000000000 0.000000000000 0.000000000000 0.000000000000 0.000000000000 0.000000000000 0.000000000000 0.000000000000 0.000000000000 0.000000000000 0.000000000000 0.000000000000 0.000000000000 0.000000000000 0.000000000000 0.000000000000 0.000000000000 0.000000000000 0.000000000000 0.000000000000 0.000000000000 0.000000000000 0.000000000000 0.000000000000 0.000000000000 0.000000000000 0.000000000000 0.000000000000 0.000000000000 0.000000000000 0.000000000000 0.000000000000 0.000000000000 0.000000000000 0.000000000000 0.000000000000 0.000000000000 0.000000000000 0.000000000001 0.000000000000 0.000000000000 0.000000000000 0.000000000000 0.000000000000 0.000000000000 0.000000000000 0.000000000000 0.000000000000 0.000000000000 0.000000000000 0.000000000000 0.000000000000 0.000000000000 0.000000000000 0.000000000000 0.000000000000 0.000000000000 0.000000000000 0.000000000000 0.000000000000 0.000000000000 0.000000000000 0.000000000000 0.000000000000 0.000000000000 0.000000000000 0.000000000000 0.000000000000 0.000000000000 0.000000000000 0.000000000153 0.000000000000 0.000000000000 0.000000000000 0.000000000000 0.000000000000 0.000000000000 0.000000000000 0.000000000000 0.000000000000 0.000000000000 0.000000000000 0.000000000000 0.000000000000 0.000000000000 0.000000000000 0.000000000328 0.000000000000 0.000000000000 0.000000000000 0.000000000000 0.000000000000 0.000000000000 0.000000000000 0.000000001901 0.000000000000 0.000000000000 0.000000000000 0.000000001210 0.000000000000 0.000000063555 0.000000042670 0.017760000000 0.000000000000 0.000000000000 0.000000000000 0.000000000000 0.000000000000 0.000000000000 0.000000000000 0.000000000000 0.000000000000 0.000000000000 0.000000000000 0.000000000000 0.000000000000 0.000000000000 0.000000000000 0.000000000000 0.000000000000 0.000000000000 0.000000000000 0.000000000000 0.000000000000 0.000000000000 0.000000000000 0.000000000000 0.000000000000 0.000000000000 0.000000000000 0.000000000000 0.000000000000 0.000000000000 0.000000000000 0.000000000041 0.000000000000 0.000000000000 0.000000000000 0.000000000000 0.000000000000 0.000000000000 0.000000000000 0.000000000000 0.000000000000 0.000000000000 0.000000000000 0.000000000000 0.000000000000 0.000000000000 0.000000000000 0.000000601070 0.000000000000 0.000000000000 0.000000000000 0.000000000000 0.000000000000 0.000000000000 0.000000000000 0.000000247470 0.000000000000 0.000000000000 0.000000000000 0.000000545520 0.000000000000 0.000000428890 0.000003529000 0.048418000000 0.000000000000 0.000000000000 0.000000000000 0.000000000000 0.000000000000 0.000000000000 0.000000000000 0.000000000000 0.000000000000 0.000000000000 0.000000000000 0.000000000000 0.000000000000 0.000000000000 0.000000000000 0.000000370230 0.000000000000 0.000000000000 0.000000000000 0.000000000000 0.000000000000 0.000000000000 0.000000000000 0.000000056270 0.000000000000 0.000000000000 0.000000000000 0.000000249470 0.000000000000 0.000015771000 0.000321760000 0.100470000000 0.000000000000 0.000000000000 0.000000000000 0.000000000000 0.000000000000 0.000000000000 0.000000000000 0.000185580000 0.000000000000 0.000000000000 0.000000000000 0.000903380000 0.000000000000 0.001865100000 0.003728300000 0.210100000000 0.000000000000 0.000000000000 0.000000000005 0.001860200000 0.000000312480 0.009277700000 0.019023000000 0.425260000000 0.000037236000 0.062570000000 0.111020000000 0.687770000000 0.299620000000 0.867710000000 0.941750000000 0.991020000000 0.000000000000 0.000000000000 0.000000000000 0.000000000000 0.000000000000 0.000000000000 0.000000000000 0.000000000000 0.000000000000 0.000000000000 0.000000000000 0.000000000000 0.000000000000 0.000000000000 0.000000000000 0.000000000000 0.000000000000 0.000000000000 0.000000000000 0.000000000000 0.000000000000 0.000000000000 0.000000000000 0.000000000000 0.000000000000 0.000000000000 0.000000000000 0.000000000000 0.000000000000 0.000000000000 0.000000000000 0.000006604400 0.000000000000 0.000000000000 0.000000000000 0.000000000000 0.000000000000 0.000000000000 0.000000000000 0.000000000001 0.000000000000 0.000000000000 0.000000000000 0.000000000000 0.000000000000 0.000000000000 0.000000000000 0.000403190000 0.000000000000 0.000000000000 0.000000000000 0.000000000000 0.000000000000 0.000000000000 0.000000003572 0.002567600000 0.000000000000 0.000000000000 0.000000000000 0.001570000000 0.000000000001 0.003770500000 0.010349000000 0.354050000000 0.000000000000 0.000000000000 0.000000000000 0.000000000000 0.000000000000 0.000000000000 0.000000000000 0.000000000000 0.000000000000 0.000000000000 0.000000000000 0.000000000000 0.000000000000 0.000000000003 0.000000001565 0.002798200000 0.000000000000 0.000000000000 0.000000000000 0.000000000008 0.000000000000 0.000000000002 0.000000000003 0.006830800000 0.000000000000 0.000000001843 0.000000001071 0.015728000000 0.000005057200 0.029588000000 0.063387000000 0.597860000000 0.000000000000 0.000000000000 0.000000000000 0.000133210000 0.000000000000 0.000000122150 0.000231610000 0.041599000000 0.000000000000 0.000004565600 0.000153800000 0.074293000000 0.001754300000 0.163690000000 0.264380000000 0.844720000000 0.000000000009 0.007265600000 0.013728000000 0.310920000000 0.038205000000 0.470230000000 0.653880000000 0.968030000000 0.213290000000 0.778770000000 0.879190000000 0.988080000000 0.950400000000 0.992110000000 0.991440000000 0.992170000000 0.000000000000 0.000000000000 0.000000000000 0.000000000000 0.000000000000 0.000000000000 0.000000000000 0.000026461000 0.000000000000 0.000000000000 0.000000000000 0.000001709800 0.000000000000 0.000022320000 0.000039194000 0.103150000000 0.000000000000 0.000000000000 0.000000000000 0.000468060000 0.000000000000 0.001634800000 0.002835800000 0.206240000000 0.000000000108 0.008827900000 0.026496000000 0.361930000000 0.074387000000 0.552610000000 0.729120000000 0.975600000000 0.000000000000 0.000000000326 0.000000058869 0.017365000000 0.000008185300 0.034922000000 0.071530000000 0.562800000000 0.000876420000 0.139360000000 0.226380000000 0.784990000000 0.440700000000 0.906490000000 0.946430000000 0.990380000000 0.037270000000 0.466380000000 0.616790000000 0.953210000000 0.807180000000 0.986920000000 0.988420000000 0.991820000000 0.912280000000 0.990650000000 0.991700000000 0.992220000000 0.991350000000 0.992250000000 0.992300000000 0.992110000000 0.000000000000 0.009219100000 0.015513000000 0.295860000000 0.052173000000 0.479850000000 0.659000000000 0.965560000000 0.216160000000 0.770310000000 0.880370000000 0.988530000000 0.943480000000 0.991960000000 0.991270000000 0.991960000000 0.566100000000 0.947360000000 0.976290000000 0.991170000000 0.985160000000 0.992240000000 0.991280000000 0.992260000000 0.989700000000 0.992150000000 0.992370000000 0.992120000000 0.991730000000 0.992100000000 0.991650000000 0.992190000000 0.846450000000 0.987800000000 0.991680000000 0.991980000000 0.989050000000 0.993160000000 0.991960000000 0.992120000000 0.992010000000 0.991580000000 0.992270000000 0.992230000000 0.992510000000 0.991980000000 0.992190000000 0.992190000000 0.990810000000 0.992570000000 0.992540000000 0.992430000000 0.991630000000 0.991980000000 0.992070000000 0.992160000000 0.993100000000 0.991960000000 0.992190000000 0.992180000000 0.991820000000 0.992190000000 0.992260000000 0.992190000000 

N_obs: 1000

File Format:
1- most to least reliable channels (taken entropies)
2- most to least reliable channels (taken error probabilities)
3- channels entropies (flipped)
4- channels error probabilities (flipped)
5- number of MontCarlo simulations
