511 510 509 508 507 506 505 504 503 502 501 500 499 498 497 496 495 494 493 492 491 490 489 488 487 486 485 484 483 482 481 480 479 478 477 476 475 474 473 472 471 470 469 468 467 466 465 464 463 462 461 460 459 458 457 456 455 454 453 452 451 450 449 447 446 445 444 443 442 441 440 439 438 437 436 435 434 433 432 431 430 429 428 427 426 425 424 423 422 421 420 419 418 417 416 415 414 413 412 411 410 409 408 407 406 405 404 403 402 401 399 398 397 396 395 394 393 391 390 389 387 383 382 381 380 379 378 377 376 375 374 373 372 371 370 369 368 367 366 365 364 363 362 361 360 359 358 357 356 355 354 353 351 350 349 348 347 346 345 344 343 342 341 340 339 338 337 335 334 333 332 331 330 329 327 326 325 323 319 318 317 316 315 314 313 312 311 310 309 308 307 306 305 303 302 301 300 299 298 297 295 294 293 291 287 286 285 284 283 282 281 279 278 277 275 271 270 269 267 255 254 253 252 251 250 249 248 247 246 245 244 243 242 241 240 239 238 237 236 235 234 233 232 231 230 229 228 227 226 225 223 222 221 220 219 218 217 216 215 214 213 212 211 210 209 207 206 205 204 203 202 201 199 198 197 195 191 190 189 188 187 186 185 184 183 182 181 180 179 178 177 175 174 173 172 171 170 169 167 166 165 159 158 157 155 151 143 127 126 125 124 123 122 121 119 118 117 115 111 110 109 107 103 95 94 93 91 87 63 153 163 400 263 392 120 156 154 448 116 388 150 304 352 149 386 324 108 142 113 106 61 385 141 321 296 336 292 322 105 62 114 139 290 200 147 280 276 101 208 59 79 102 289 274 328 92 194 224 268 196 266 273 265 176 90 168 99 193 152 135 89 161 262 85 164 162 261 148 83 55 146 86 384 145 320 112 60 140 259 78 104 288 77 138 47 58 100 57 272 137 98 88 75 264 54 192 97 134 84 53 160 260 31 133 82 71 51 144 46 81 76 258 131 45 56 74 136 257 43 30 96 73 52 39 29 27 70 23 132 15 50 69 49 80 67 44 130 129 42 41 37 38 256 35 72 28 26 25 21 22 19 14 13 11 68 7 66 48 65 128 40 36 34 33 20 24 18 17 12 10 9 6 5 3 64 32 16 8 4 2 1 0 

511 510 509 508 507 506 505 504 503 502 501 500 499 498 497 496 495 494 493 492 491 490 489 488 487 486 485 484 483 482 481 480 479 478 477 476 475 474 473 472 471 470 469 468 467 466 465 464 463 462 461 460 459 458 457 456 455 454 453 452 451 450 449 447 446 445 444 443 442 441 440 439 438 437 436 435 434 433 432 431 430 429 428 427 426 425 424 423 422 421 420 419 418 417 416 415 414 413 412 411 410 409 408 407 406 405 404 403 402 401 399 398 397 396 395 394 393 391 390 389 387 383 382 381 380 379 378 377 376 375 374 373 372 371 370 369 368 367 366 365 364 363 362 361 360 359 358 357 356 355 354 353 351 350 349 348 347 346 345 344 343 342 341 340 339 338 337 335 334 333 332 331 330 329 327 326 325 323 319 318 317 316 315 314 313 312 311 310 309 308 307 306 305 303 302 301 300 299 298 297 295 294 293 291 287 286 285 284 283 282 281 279 278 277 275 271 270 269 267 255 254 253 252 251 250 249 248 247 246 245 244 243 242 241 240 239 238 237 236 235 234 233 232 231 230 229 228 227 226 225 223 222 221 220 219 218 217 216 215 214 213 212 211 210 209 207 206 205 204 203 202 201 199 198 197 195 191 190 189 188 187 186 185 184 183 182 181 180 179 178 177 175 174 173 172 171 170 169 167 166 165 159 158 157 155 151 143 127 126 125 124 123 122 121 119 118 117 115 111 110 109 107 103 95 94 93 91 87 63 163 153 400 263 392 120 156 154 448 116 388 150 304 352 149 386 324 108 142 113 106 61 141 385 321 296 336 292 322 105 62 114 139 290 200 147 280 276 101 208 59 79 102 289 274 92 328 194 268 224 196 266 273 265 176 90 168 99 193 152 135 161 89 262 85 164 162 83 55 148 384 261 146 86 140 145 320 259 78 112 104 60 77 138 288 100 58 47 57 272 137 88 98 75 264 192 54 97 134 84 53 260 160 133 82 31 71 144 258 81 51 76 46 131 56 257 45 136 74 96 73 52 43 132 70 30 50 80 39 69 130 29 49 44 256 129 67 27 42 72 23 41 15 38 68 28 37 14 128 48 35 19 36 22 11 12 3 66 4 20 65 1 34 18 6 0 2 16 32 64 8 17 24 5 10 40 9 33 25 13 7 26 21 

0.000000000000 0.000000000000 0.000000000000 0.000000000000 0.000000000000 0.000000000000 0.000000000000 0.000000000000 0.000000000000 0.000000000000 0.000000000000 0.000000000000 0.000000000000 0.000000000000 0.000000000000 0.000000000000 0.000000000000 0.000000000000 0.000000000000 0.000000000000 0.000000000000 0.000000000000 0.000000000000 0.000000000000 0.000000000000 0.000000000000 0.000000000000 0.000000000000 0.000000000000 0.000000000000 0.000000000000 0.000000000000 0.000000000000 0.000000000000 0.000000000000 0.000000000000 0.000000000000 0.000000000000 0.000000000000 0.000000000000 0.000000000000 0.000000000000 0.000000000000 0.000000000000 0.000000000000 0.000000000000 0.000000000000 0.000000000000 0.000000000000 0.000000000000 0.000000000000 0.000000000000 0.000000000000 0.000000000000 0.000000000000 0.000000000000 0.000000000000 0.000000000000 0.000000000000 0.000000000000 0.000000000000 0.000000000000 0.000000000000 0.000000000000 0.000000000000 0.000000000000 0.000000000000 0.000000000000 0.000000000000 0.000000000000 0.000000000000 0.000000000000 0.000000000000 0.000000000000 0.000000000000 0.000000000000 0.000000000000 0.000000000000 0.000000000000 0.000000000000 0.000000000000 0.000000000000 0.000000000000 0.000000000000 0.000000000000 0.000000000000 0.000000000000 0.000000000000 0.000000000000 0.000000000000 0.000000000000 0.000000000000 0.000000000000 0.000000000000 0.000000000000 0.000000000000 0.000000000000 0.000000000000 0.000000000000 0.000000000000 0.000000000000 0.000000000000 0.000000000000 0.000000000000 0.000000000000 0.000000000000 0.000000000000 0.000000000000 0.000000000000 0.000000000000 0.000000000000 0.000000000000 0.000000000000 0.000000000000 0.000000000000 0.000000000000 0.000000000000 0.000000000000 0.000000000000 0.000000000000 0.000000000000 0.000000000000 0.000000000000 0.000000000000 0.000000000000 0.000000000001 0.000000000002 0.000342380000 0.000000000000 0.000000000000 0.000000000000 0.000000000000 0.000000000000 0.000000000000 0.000000000000 0.000000000000 0.000000000000 0.000000000000 0.000000000000 0.000000000000 0.000000000000 0.000000000000 0.000000000000 0.000000000000 0.000000000000 0.000000000000 0.000000000000 0.000000000000 0.000000000000 0.000000000000 0.000000000000 0.000000000000 0.000000000000 0.000000000000 0.000000000000 0.000000000000 0.000000000000 0.000000000000 0.000000000000 0.000000000000 0.000000000000 0.000000000000 0.000000000000 0.000000000000 0.000000000000 0.000000000000 0.000000000000 0.000000000000 0.000000000000 0.000000000000 0.000000000000 0.000000000000 0.000000000000 0.000000000000 0.000000000000 0.000000000004 0.000000000000 0.000000000000 0.000000000000 0.000000000000 0.000000000000 0.000000000000 0.000000000000 0.000000015472 0.000000000000 0.000000000000 0.000000000000 0.000000000001 0.000000000000 0.000000000007 0.000000000003 0.001216400000 0.000000000000 0.000000000000 0.000000000000 0.000000000000 0.000000000000 0.000000000000 0.000000000000 0.000000000000 0.000000000000 0.000000000000 0.000000000000 0.000000000000 0.000000000000 0.000000000000 0.000000000000 0.000000000000 0.000000000000 0.000000000000 0.000000000000 0.000000000000 0.000000000000 0.000000000000 0.000000000000 0.000000000004 0.000000000000 0.000000000000 0.000000000000 0.000000000005 0.000000000000 0.000000000177 0.000000004436 0.002526100000 0.000000000000 0.000000000000 0.000000000000 0.000000000000 0.000000000000 0.000000000000 0.000000000000 0.000000000428 0.000000000000 0.000000000000 0.000000000000 0.000000000946 0.000000000000 0.000000004921 0.000000336240 0.006842800000 0.000000000000 0.000000000000 0.000000000000 0.000000116240 0.000000000000 0.000000230060 0.000000419100 0.017013000000 0.000000000000 0.000015737000 0.000120320000 0.045675000000 0.001811500000 0.120900000000 0.247790000000 0.756800000000 0.000000000000 0.000000000000 0.000000000000 0.000000000000 0.000000000000 0.000000000000 0.000000000000 0.000000000000 0.000000000000 0.000000000000 0.000000000000 0.000000000000 0.000000000000 0.000000000000 0.000000000000 0.000000000000 0.000000000000 0.000000000000 0.000000000000 0.000000000000 0.000000000000 0.000000000000 0.000000000000 0.000000000000 0.000000000000 0.000000000000 0.000000000000 0.000000000000 0.000000000000 0.000000000000 0.000000000000 0.000000113890 0.000000000000 0.000000000000 0.000000000000 0.000000000000 0.000000000000 0.000000000000 0.000000000000 0.000000000000 0.000000000000 0.000000000000 0.000000000000 0.000000000000 0.000000000000 0.000000000000 0.000000000000 0.000000002327 0.000000000000 0.000000000000 0.000000000000 0.000000000000 0.000000000000 0.000000000000 0.000000000000 0.000000000226 0.000000000000 0.000000000000 0.000000000000 0.000000154700 0.000000000000 0.000000057018 0.000002807000 0.019191000000 0.000000000000 0.000000000000 0.000000000000 0.000000000000 0.000000000000 0.000000000000 0.000000000000 0.000000000000 0.000000000000 0.000000000000 0.000000000000 0.000000000000 0.000000000000 0.000000000000 0.000000000000 0.000000686380 0.000000000000 0.000000000000 0.000000000000 0.000000000000 0.000000000000 0.000000000000 0.000000000000 0.000002124700 0.000000000000 0.000000000000 0.000000000000 0.000030595000 0.000000000000 0.000075156000 0.000015300000 0.043365000000 0.000000000000 0.000000000000 0.000000000000 0.000000000000 0.000000000000 0.000000000000 0.000000000000 0.000003402500 0.000000000000 0.000000000000 0.000000000001 0.000235710000 0.000000000407 0.000291560000 0.001113000000 0.107160000000 0.000000000000 0.000000000001 0.000000000002 0.001612900000 0.000000000086 0.003546800000 0.009934700000 0.236570000000 0.000006485000 0.028346000000 0.058841000000 0.442750000000 0.155260000000 0.616670000000 0.692720000000 0.944220000000 0.000000000000 0.000000000000 0.000000000000 0.000000000000 0.000000000000 0.000000000000 0.000000000000 0.000000000000 0.000000000000 0.000000000000 0.000000000000 0.000000000000 0.000000000000 0.000000000040 0.000000000001 0.001287100000 0.000000000000 0.000000000000 0.000000000000 0.000000000001 0.000000000000 0.000000000001 0.000000000013 0.001872000000 0.000000000000 0.000000003636 0.000000001745 0.004632800000 0.000002648800 0.010864000000 0.025961000000 0.324390000000 0.000000000000 0.000000000000 0.000000000000 0.000000016006 0.000000000000 0.000000870690 0.000011817000 0.012114000000 0.000000000000 0.000316920000 0.000018410000 0.031225000000 0.000248780000 0.063412000000 0.118530000000 0.575900000000 0.000000003055 0.001852600000 0.002795100000 0.120730000000 0.012372000000 0.226200000000 0.332170000000 0.782900000000 0.074297000000 0.423130000000 0.507410000000 0.874010000000 0.579410000000 0.900950000000 0.912930000000 0.988050000000 0.000000000000 0.000000000025 0.000000000001 0.001445200000 0.000000002745 0.003692200000 0.006567500000 0.185750000000 0.000260960000 0.017635000000 0.039109000000 0.337910000000 0.100510000000 0.486890000000 0.562250000000 0.902100000000 0.003636500000 0.111530000000 0.170500000000 0.604510000000 0.265500000000 0.694230000000 0.716560000000 0.948180000000 0.343130000000 0.755120000000 0.753370000000 0.954360000000 0.782220000000 0.959700000000 0.964960000000 0.995200000000 0.053009000000 0.314210000000 0.378400000000 0.789160000000 0.415170000000 0.811550000000 0.813170000000 0.968010000000 0.426080000000 0.824430000000 0.823190000000 0.966780000000 0.834820000000 0.969980000000 0.972340000000 0.995950000000 0.465790000000 0.847480000000 0.850770000000 0.972890000000 0.862530000000 0.974950000000 0.976020000000 0.996120000000 0.881810000000 0.980210000000 0.980970000000 0.996760000000 0.984220000000 0.997630000000 0.997990000000 0.999750000000 

0.000000000000 0.000000000000 0.000000000000 0.000000000000 0.000000000000 0.000000000000 0.000000000000 0.000000000000 0.000000000000 0.000000000000 0.000000000000 0.000000000000 0.000000000000 0.000000000000 0.000000000000 0.000000000000 0.000000000000 0.000000000000 0.000000000000 0.000000000000 0.000000000000 0.000000000000 0.000000000000 0.000000000000 0.000000000000 0.000000000000 0.000000000000 0.000000000000 0.000000000000 0.000000000000 0.000000000000 0.000000000000 0.000000000000 0.000000000000 0.000000000000 0.000000000000 0.000000000000 0.000000000000 0.000000000000 0.000000000000 0.000000000000 0.000000000000 0.000000000000 0.000000000000 0.000000000000 0.000000000000 0.000000000000 0.000000000000 0.000000000000 0.000000000000 0.000000000000 0.000000000000 0.000000000000 0.000000000000 0.000000000000 0.000000000000 0.000000000000 0.000000000000 0.000000000000 0.000000000000 0.000000000000 0.000000000000 0.000000000000 0.000000000000 0.000000000000 0.000000000000 0.000000000000 0.000000000000 0.000000000000 0.000000000000 0.000000000000 0.000000000000 0.000000000000 0.000000000000 0.000000000000 0.000000000000 0.000000000000 0.000000000000 0.000000000000 0.000000000000 0.000000000000 0.000000000000 0.000000000000 0.000000000000 0.000000000000 0.000000000000 0.000000000000 0.000000000000 0.000000000000 0.000000000000 0.000000000000 0.000000000000 0.000000000000 0.000000000000 0.000000000000 0.000000000000 0.000000000000 0.000000000000 0.000000000000 0.000000000000 0.000000000000 0.000000000000 0.000000000000 0.000000000000 0.000000000000 0.000000000000 0.000000000000 0.000000000000 0.000000000000 0.000000000000 0.000000000000 0.000000000000 0.000000000000 0.000000000000 0.000000000000 0.000000000000 0.000000000000 0.000000000000 0.000000000000 0.000000000000 0.000000000000 0.000000000000 0.000000000000 0.000000000000 0.000000000000 0.000000000000 0.000000000000 0.000479530000 0.000000000000 0.000000000000 0.000000000000 0.000000000000 0.000000000000 0.000000000000 0.000000000000 0.000000000000 0.000000000000 0.000000000000 0.000000000000 0.000000000000 0.000000000000 0.000000000000 0.000000000000 0.000000000000 0.000000000000 0.000000000000 0.000000000000 0.000000000000 0.000000000000 0.000000000000 0.000000000000 0.000000000000 0.000000000000 0.000000000000 0.000000000000 0.000000000000 0.000000000000 0.000000000000 0.000000000000 0.000000000000 0.000000000000 0.000000000000 0.000000000000 0.000000000000 0.000000000000 0.000000000000 0.000000000000 0.000000000000 0.000000000000 0.000000000000 0.000000000000 0.000000000000 0.000000000000 0.000000000000 0.000000000000 0.000000000001 0.000000000000 0.000000000000 0.000000000000 0.000000000000 0.000000000000 0.000000000000 0.000000000000 0.000000006638 0.000000000000 0.000000000000 0.000000000000 0.000000000000 0.000000000000 0.000000000002 0.000000000001 0.004249000000 0.000000000000 0.000000000000 0.000000000000 0.000000000000 0.000000000000 0.000000000000 0.000000000000 0.000000000000 0.000000000000 0.000000000000 0.000000000000 0.000000000000 0.000000000000 0.000000000000 0.000000000000 0.000000000000 0.000000000000 0.000000000000 0.000000000000 0.000000000000 0.000000000000 0.000000000000 0.000000000000 0.000000000001 0.000000000000 0.000000000000 0.000000000000 0.000000000001 0.000000000000 0.000000000053 0.000000001609 0.009790400000 0.000000000000 0.000000000000 0.000000000000 0.000000000000 0.000000000000 0.000000000000 0.000000000000 0.000000000137 0.000000000000 0.000000000000 0.000000000000 0.000000000294 0.000000000000 0.000000001725 0.000000179780 0.019286000000 0.000000000000 0.000000000000 0.000000000000 0.000000055044 0.000000000000 0.000000111430 0.000000212550 0.046787000000 0.000000000000 0.000012991000 0.000989950000 0.108090000000 0.004400100000 0.255790000000 0.473730000000 0.959220000000 0.000000000000 0.000000000000 0.000000000000 0.000000000000 0.000000000000 0.000000000000 0.000000000000 0.000000000000 0.000000000000 0.000000000000 0.000000000000 0.000000000000 0.000000000000 0.000000000000 0.000000000000 0.000000000000 0.000000000000 0.000000000000 0.000000000000 0.000000000000 0.000000000000 0.000000000000 0.000000000000 0.000000000000 0.000000000000 0.000000000000 0.000000000000 0.000000000000 0.000000000000 0.000000000000 0.000000000000 0.000000058761 0.000000000000 0.000000000000 0.000000000000 0.000000000000 0.000000000000 0.000000000000 0.000000000000 0.000000000000 0.000000000000 0.000000000000 0.000000000000 0.000000000000 0.000000000000 0.000000000000 0.000000000000 0.000000000752 0.000000000000 0.000000000000 0.000000000000 0.000000000000 0.000000000000 0.000000000000 0.000000000000 0.000000000061 0.000000000000 0.000000000000 0.000000000000 0.000000078606 0.000000000000 0.000000022497 0.000001909900 0.056542000000 0.000000000000 0.000000000000 0.000000000000 0.000000000000 0.000000000000 0.000000000000 0.000000000000 0.000000000000 0.000000000000 0.000000000000 0.000000000000 0.000000000000 0.000000000000 0.000000000000 0.000000000000 0.000000390040 0.000000000000 0.000000000000 0.000000000000 0.000000000000 0.000000000000 0.000000000000 0.000000000000 0.000001421100 0.000000000000 0.000000000000 0.000000000000 0.000035421000 0.000000000000 0.000103670000 0.000009808000 0.110140000000 0.000000000000 0.000000000000 0.000000000000 0.000000000000 0.000000000000 0.000000000000 0.000000000000 0.000001973000 0.000000000000 0.000000000000 0.000000000000 0.000478600000 0.000000000132 0.001054800000 0.003652500000 0.240490000000 0.000000000000 0.000000000000 0.000000000000 0.003310000000 0.000000000022 0.009282000000 0.025895000000 0.486660000000 0.000004796300 0.074930000000 0.147940000000 0.751530000000 0.370090000000 0.904920000000 0.960120000000 0.995590000000 0.000000000000 0.000000000000 0.000000000000 0.000000000000 0.000000000000 0.000000000000 0.000000000000 0.000000000000 0.000000000000 0.000000000000 0.000000000000 0.000000000000 0.000000000000 0.000000000011 0.000000000000 0.004816800000 0.000000000000 0.000000000000 0.000000000000 0.000000000000 0.000000000000 0.000000000000 0.000000000003 0.005449000000 0.000000000000 0.000000001212 0.000000000580 0.011556000000 0.000001742000 0.032323000000 0.068009000000 0.632520000000 0.000000000000 0.000000000000 0.000000000000 0.000000006528 0.000000000000 0.000000477180 0.000010702000 0.030802000000 0.000000000000 0.001103900000 0.000014244000 0.086931000000 0.000256340000 0.152840000000 0.281050000000 0.867740000000 0.000000001151 0.004494600000 0.007565800000 0.299480000000 0.036051000000 0.487530000000 0.675190000000 0.977110000000 0.227390000000 0.784840000000 0.900310000000 0.993700000000 0.962320000000 0.996000000000 0.996050000000 0.996110000000 0.000000000000 0.000000000007 0.000000000000 0.006612900000 0.000000001008 0.016193000000 0.017976000000 0.455130000000 0.000438530000 0.065317000000 0.107370000000 0.680000000000 0.287630000000 0.856150000000 0.926910000000 0.995590000000 0.017580000000 0.333420000000 0.478520000000 0.935290000000 0.732280000000 0.974690000000 0.986420000000 0.996130000000 0.887140000000 0.993140000000 0.995360000000 0.995820000000 0.995680000000 0.996090000000 0.996200000000 0.996100000000 0.223080000000 0.794910000000 0.910650000000 0.995320000000 0.963380000000 0.996310000000 0.996250000000 0.996120000000 0.983750000000 0.995850000000 0.996640000000 0.996050000000 0.995690000000 0.996090000000 0.996110000000 0.996100000000 0.989850000000 0.995480000000 0.996280000000 0.995970000000 0.995910000000 0.996130000000 0.996170000000 0.996110000000 0.996280000000 0.996090000000 0.996130000000 0.996010000000 0.995990000000 0.996100000000 0.996080000000 0.996100000000 

N_obs: 1000

File Format:
1- most to least reliable channels (taken entropies)
2- most to least reliable channels (taken error probabilities)
3- channels entropies (flipped)
4- channels error probabilities (flipped)
5- number of MontCarlo simulations
