511 510 509 508 507 506 505 504 503 502 501 500 499 498 497 496 495 494 493 492 491 490 489 488 487 486 485 484 483 482 481 480 479 478 477 476 475 474 473 472 471 470 469 468 467 466 465 464 463 462 461 460 459 458 457 456 455 454 453 452 451 450 449 447 446 445 444 443 442 441 440 439 438 437 436 435 434 433 432 431 430 429 428 427 426 425 424 423 422 421 420 419 418 417 415 414 413 412 411 410 409 408 407 406 405 404 403 402 401 399 398 397 396 395 394 393 391 390 389 383 382 381 380 379 378 377 376 375 374 373 372 371 370 369 368 367 366 365 364 363 362 361 360 359 358 357 356 355 354 353 351 350 349 348 347 346 345 344 343 342 341 340 339 338 337 335 334 333 331 330 327 319 318 317 316 315 314 313 312 311 310 309 307 303 302 301 299 295 287 286 285 283 279 255 254 253 252 251 250 249 248 247 246 245 244 243 242 241 239 238 237 236 235 234 233 231 230 229 227 223 222 221 220 219 218 217 215 214 213 211 207 206 205 203 191 190 189 188 187 186 185 183 181 175 159 127 126 125 123 119 387 332 325 329 179 199 305 174 326 173 308 182 306 297 300 298 111 294 323 240 171 232 271 226 293 228 291 216 124 282 416 202 400 448 281 284 209 212 225 352 392 388 122 158 277 336 210 167 184 275 386 121 118 385 278 201 328 204 157 198 117 95 177 324 155 304 322 180 270 172 321 178 197 296 269 115 292 170 195 110 151 290 224 109 169 267 280 208 166 289 120 276 156 107 200 165 63 116 274 154 143 384 94 196 263 114 176 163 153 273 93 103 268 320 194 150 108 113 168 91 149 266 193 62 106 87 288 61 164 79 147 265 59 142 55 105 47 31 141 262 102 92 162 152 139 101 135 261 272 99 161 90 112 89 259 148 86 85 83 78 77 75 60 192 71 58 57 54 53 146 51 46 45 43 39 264 30 145 29 104 27 23 140 15 138 137 100 134 133 98 260 131 97 160 258 88 257 84 82 74 76 81 73 70 69 52 42 50 44 41 56 67 38 37 49 28 26 25 35 22 21 144 19 14 13 11 7 136 132 130 96 129 256 72 68 80 36 40 66 20 48 34 24 65 18 33 17 12 10 9 6 5 3 128 16 32 64 8 4 2 1 0 

511 510 509 508 507 506 505 504 503 502 501 500 499 498 497 496 495 494 493 492 491 490 489 488 487 486 485 484 483 482 481 480 479 478 477 476 475 474 473 472 471 470 469 468 467 466 465 464 463 462 461 460 459 458 457 456 455 454 453 452 451 450 449 447 446 445 444 443 442 441 440 439 438 437 436 435 434 433 432 431 430 429 428 427 426 425 424 423 422 421 420 419 418 417 415 414 413 412 411 410 409 408 407 406 405 404 403 402 401 399 398 397 396 395 394 393 391 390 389 383 382 381 380 379 378 377 376 375 374 373 372 371 370 369 368 367 366 365 364 363 362 361 360 359 358 357 356 355 354 353 351 350 349 348 347 346 345 344 343 342 341 340 339 338 337 335 334 333 331 330 327 319 318 317 316 315 314 313 312 311 310 309 307 303 302 301 299 295 287 286 285 283 279 255 254 253 252 251 250 249 248 247 246 245 244 243 242 241 239 238 237 236 235 234 233 231 230 229 227 223 222 221 220 219 218 217 215 214 213 211 207 206 205 203 191 190 189 188 187 186 185 183 181 175 159 127 126 125 123 119 387 332 325 329 179 199 305 174 326 173 308 182 306 297 300 298 111 294 323 240 171 232 271 226 293 228 291 216 124 282 416 202 400 448 281 284 209 352 212 225 392 388 122 158 277 336 210 275 167 184 386 121 385 118 201 278 328 198 157 204 270 304 155 321 117 177 172 95 178 180 324 322 269 296 197 115 292 170 195 290 110 169 224 151 280 109 267 289 208 166 276 120 200 156 165 107 274 116 154 384 196 143 263 63 176 94 273 163 153 114 268 320 194 93 103 150 168 113 108 266 193 149 288 164 106 91 265 147 142 105 62 262 162 152 272 87 92 102 141 261 61 161 112 101 148 139 90 192 79 59 259 264 99 89 104 135 146 55 86 145 47 60 140 85 260 100 160 31 138 77 75 57 58 53 78 45 257 88 258 137 46 131 14 35 43 98 13 97 44 26 18 80 70 48 51 133 24 67 6 12 49 144 9 256 41 96 4 74 134 136 17 2 33 16 84 3 0 32 8 64 11 66 5 40 10 42 34 129 19 20 1 128 56 82 36 65 130 69 22 72 68 21 132 7 28 23 37 50 52 38 25 73 29 76 30 81 83 71 54 27 39 15 

0.000000000000 0.000000000000 0.000000000000 0.000000000000 0.000000000000 0.000000000000 0.000000000000 0.000000000000 0.000000000000 0.000000000000 0.000000000000 0.000000000000 0.000000000000 0.000000000000 0.000000000000 0.000000000000 0.000000000000 0.000000000000 0.000000000000 0.000000000000 0.000000000000 0.000000000000 0.000000000000 0.000000000000 0.000000000000 0.000000000000 0.000000000000 0.000000000000 0.000000000000 0.000000000000 0.000000000000 0.000000000000 0.000000000000 0.000000000000 0.000000000000 0.000000000000 0.000000000000 0.000000000000 0.000000000000 0.000000000000 0.000000000000 0.000000000000 0.000000000000 0.000000000000 0.000000000000 0.000000000000 0.000000000000 0.000000000000 0.000000000000 0.000000000000 0.000000000000 0.000000000000 0.000000000000 0.000000000000 0.000000000000 0.000000000000 0.000000000000 0.000000000000 0.000000000000 0.000000000000 0.000000000000 0.000000000000 0.000000000000 0.000000042120 0.000000000000 0.000000000000 0.000000000000 0.000000000000 0.000000000000 0.000000000000 0.000000000000 0.000000000000 0.000000000000 0.000000000000 0.000000000000 0.000000000000 0.000000000000 0.000000000000 0.000000000000 0.000000000000 0.000000000000 0.000000000000 0.000000000000 0.000000000000 0.000000000000 0.000000000000 0.000000000000 0.000000000000 0.000000000000 0.000000000000 0.000000000000 0.000000000000 0.000000000000 0.000000000000 0.000000000000 0.000000002143 0.000000000000 0.000000000000 0.000000000000 0.000000000000 0.000000000000 0.000000000000 0.000000000000 0.000000000000 0.000000000000 0.000000000000 0.000000000000 0.000000000000 0.000000000000 0.000000000000 0.000000000000 0.000000038807 0.000000000000 0.000000000000 0.000000000000 0.000000000000 0.000000000000 0.000000000000 0.000000000000 0.000000506330 0.000000000000 0.000000000000 0.000000000000 0.000000593370 0.000000000000 0.000025179000 0.000042947000 0.041326000000 0.000000000000 0.000000000000 0.000000000000 0.000000000000 0.000000000000 0.000000000000 0.000000000000 0.000000000000 0.000000000000 0.000000000000 0.000000000000 0.000000000000 0.000000000000 0.000000000000 0.000000000000 0.000000000000 0.000000000000 0.000000000000 0.000000000000 0.000000000000 0.000000000000 0.000000000000 0.000000000000 0.000000000000 0.000000000000 0.000000000000 0.000000000000 0.000000000000 0.000000000000 0.000000000000 0.000000000000 0.000000370810 0.000000000000 0.000000000000 0.000000000000 0.000000000000 0.000000000000 0.000000000000 0.000000000000 0.000000000000 0.000000000000 0.000000000000 0.000000000000 0.000000000000 0.000000000000 0.000000000000 0.000000000000 0.000002317600 0.000000000000 0.000000000000 0.000000000000 0.000000000000 0.000000000000 0.000000000000 0.000000000000 0.000059119000 0.000000000000 0.000000000000 0.000000000000 0.000280700000 0.000000000001 0.000315480000 0.000585100000 0.102580000000 0.000000000000 0.000000000000 0.000000000000 0.000000000000 0.000000000000 0.000000000000 0.000000000000 0.000000000000 0.000000000000 0.000000000000 0.000000000000 0.000000000000 0.000000000000 0.000000000000 0.000000000000 0.000292320000 0.000000000000 0.000000000000 0.000000000000 0.000000000000 0.000000000000 0.000000000000 0.000000000000 0.000906840000 0.000000000000 0.000000000000 0.000000000047 0.001726700000 0.000000000056 0.004392400000 0.011215000000 0.249690000000 0.000000000000 0.000000000000 0.000000000000 0.000000091769 0.000000000000 0.000000001180 0.000000091524 0.007048700000 0.000000000000 0.000051165000 0.000001860800 0.013483000000 0.000016341000 0.032921000000 0.077529000000 0.518490000000 0.000000000018 0.000362500000 0.001016200000 0.091964000000 0.006785700000 0.191150000000 0.298840000000 0.759590000000 0.053509000000 0.403870000000 0.507450000000 0.879190000000 0.590200000000 0.904970000000 0.919920000000 0.988860000000 0.000000000000 0.000000000000 0.000000000000 0.000000000000 0.000000000000 0.000000000000 0.000000000000 0.000000000000 0.000000000000 0.000000000000 0.000000000000 0.000000000000 0.000000000000 0.000000000000 0.000000000000 0.000000000001 0.000000000000 0.000000000000 0.000000000000 0.000000000000 0.000000000000 0.000000000000 0.000000000000 0.000000000011 0.000000000000 0.000000000000 0.000000000000 0.000000000048 0.000000000000 0.000000000044 0.000000323760 0.004468000000 0.000000000000 0.000000000000 0.000000000000 0.000000000000 0.000000000000 0.000000000000 0.000000000000 0.000000000156 0.000000000000 0.000000000000 0.000000000000 0.000000313730 0.000000000000 0.000005201300 0.000000145370 0.009698100000 0.000000000000 0.000000000000 0.000000000000 0.000127210000 0.000000000000 0.000000031351 0.000051879000 0.020651000000 0.000000000000 0.000180020000 0.000878520000 0.053393000000 0.002910800000 0.115640000000 0.209750000000 0.696290000000 0.000000000000 0.000000000000 0.000000000000 0.000000000000 0.000000000000 0.000000000000 0.000000000000 0.000015847000 0.000000000000 0.000000000000 0.000000000000 0.000326200000 0.000000000000 0.000661540000 0.000242920000 0.068479000000 0.000000000000 0.000000000000 0.000000000000 0.000467800000 0.000000000002 0.002174100000 0.004746900000 0.144800000000 0.000013843000 0.010232000000 0.021405000000 0.271720000000 0.070135000000 0.430890000000 0.534730000000 0.892280000000 0.000000000000 0.000001076200 0.000150860000 0.016418000000 0.000291600000 0.034396000000 0.071257000000 0.447900000000 0.003664600000 0.116310000000 0.188350000000 0.628580000000 0.295350000000 0.730870000000 0.760820000000 0.959830000000 0.040918000000 0.318290000000 0.395900000000 0.805550000000 0.453390000000 0.835040000000 0.845110000000 0.974670000000 0.489110000000 0.857890000000 0.866850000000 0.976110000000 0.884970000000 0.981200000000 0.984300000000 0.997960000000 0.000000000000 0.000000000000 0.000000000000 0.000000000210 0.000000000000 0.000000749260 0.000026877000 0.012701000000 0.000000000000 0.000031620000 0.000185030000 0.031934000000 0.001458500000 0.067338000000 0.130970000000 0.559530000000 0.000000000000 0.002980000000 0.004493000000 0.130390000000 0.019452000000 0.228190000000 0.324540000000 0.767750000000 0.081791000000 0.410360000000 0.472360000000 0.853570000000 0.519020000000 0.874320000000 0.889690000000 0.984070000000 0.000218850000 0.045930000000 0.077562000000 0.419210000000 0.165060000000 0.545910000000 0.576330000000 0.907160000000 0.244890000000 0.629820000000 0.636650000000 0.922960000000 0.651870000000 0.926840000000 0.932210000000 0.989950000000 0.275060000000 0.668470000000 0.677750000000 0.931100000000 0.680510000000 0.931090000000 0.934970000000 0.989420000000 0.698820000000 0.938890000000 0.942170000000 0.989780000000 0.949920000000 0.992050000000 0.993000000000 0.999080000000 0.028351000000 0.216920000000 0.271700000000 0.680900000000 0.302710000000 0.704690000000 0.720410000000 0.948960000000 0.323750000000 0.723450000000 0.724770000000 0.944530000000 0.732360000000 0.946130000000 0.951290000000 0.992640000000 0.332810000000 0.734800000000 0.735980000000 0.946570000000 0.739050000000 0.945730000000 0.947870000000 0.991280000000 0.752730000000 0.950830000000 0.951290000000 0.991200000000 0.956000000000 0.992680000000 0.993330000000 0.999050000000 0.348640000000 0.759660000000 0.767580000000 0.954790000000 0.772530000000 0.955430000000 0.955660000000 0.992740000000 0.782880000000 0.958280000000 0.958420000000 0.992410000000 0.960390000000 0.993010000000 0.993500000000 0.999020000000 0.807640000000 0.965730000000 0.966950000000 0.993940000000 0.969040000000 0.994500000000 0.994700000000 0.999110000000 0.973300000000 0.995790000000 0.995960000000 0.999310000000 0.996590000000 0.999500000000 0.999570000000 0.999950000000 

0.000000000000 0.000000000000 0.000000000000 0.000000000000 0.000000000000 0.000000000000 0.000000000000 0.000000000000 0.000000000000 0.000000000000 0.000000000000 0.000000000000 0.000000000000 0.000000000000 0.000000000000 0.000000000000 0.000000000000 0.000000000000 0.000000000000 0.000000000000 0.000000000000 0.000000000000 0.000000000000 0.000000000000 0.000000000000 0.000000000000 0.000000000000 0.000000000000 0.000000000000 0.000000000000 0.000000000000 0.000000000000 0.000000000000 0.000000000000 0.000000000000 0.000000000000 0.000000000000 0.000000000000 0.000000000000 0.000000000000 0.000000000000 0.000000000000 0.000000000000 0.000000000000 0.000000000000 0.000000000000 0.000000000000 0.000000000000 0.000000000000 0.000000000000 0.000000000000 0.000000000000 0.000000000000 0.000000000000 0.000000000000 0.000000000000 0.000000000000 0.000000000000 0.000000000000 0.000000000000 0.000000000000 0.000000000000 0.000000000000 0.000000018228 0.000000000000 0.000000000000 0.000000000000 0.000000000000 0.000000000000 0.000000000000 0.000000000000 0.000000000000 0.000000000000 0.000000000000 0.000000000000 0.000000000000 0.000000000000 0.000000000000 0.000000000000 0.000000000000 0.000000000000 0.000000000000 0.000000000000 0.000000000000 0.000000000000 0.000000000000 0.000000000000 0.000000000000 0.000000000000 0.000000000000 0.000000000000 0.000000000000 0.000000000000 0.000000000000 0.000000000000 0.000000000673 0.000000000000 0.000000000000 0.000000000000 0.000000000000 0.000000000000 0.000000000000 0.000000000000 0.000000000000 0.000000000000 0.000000000000 0.000000000000 0.000000000000 0.000000000000 0.000000000000 0.000000000000 0.000000015394 0.000000000000 0.000000000000 0.000000000000 0.000000000000 0.000000000000 0.000000000000 0.000000000000 0.000000290830 0.000000000000 0.000000000000 0.000000000000 0.000000297960 0.000000000000 0.000022894000 0.000035134000 0.109350000000 0.000000000000 0.000000000000 0.000000000000 0.000000000000 0.000000000000 0.000000000000 0.000000000000 0.000000000000 0.000000000000 0.000000000000 0.000000000000 0.000000000000 0.000000000000 0.000000000000 0.000000000000 0.000000000000 0.000000000000 0.000000000000 0.000000000000 0.000000000000 0.000000000000 0.000000000000 0.000000000000 0.000000000000 0.000000000000 0.000000000000 0.000000000000 0.000000000000 0.000000000000 0.000000000000 0.000000000000 0.000000167740 0.000000000000 0.000000000000 0.000000000000 0.000000000000 0.000000000000 0.000000000000 0.000000000000 0.000000000000 0.000000000000 0.000000000000 0.000000000000 0.000000000000 0.000000000000 0.000000000000 0.000000000000 0.000001410600 0.000000000000 0.000000000000 0.000000000000 0.000000000000 0.000000000000 0.000000000000 0.000000000000 0.000060667000 0.000000000000 0.000000000000 0.000000000000 0.001693000000 0.000000000000 0.001900100000 0.000696970000 0.238870000000 0.000000000000 0.000000000000 0.000000000000 0.000000000000 0.000000000000 0.000000000000 0.000000000000 0.000000000000 0.000000000000 0.000000000000 0.000000000000 0.000000000000 0.000000000000 0.000000000000 0.000000000000 0.000629000000 0.000000000000 0.000000000000 0.000000000000 0.000000000000 0.000000000000 0.000000000000 0.000000000000 0.002558200000 0.000000000000 0.000000000000 0.000000000013 0.005991100000 0.000000000014 0.009675600000 0.025665000000 0.494770000000 0.000000000000 0.000000000000 0.000000000000 0.000000044079 0.000000000000 0.000000000385 0.000000040619 0.016863000000 0.000000000000 0.000055966000 0.000001111800 0.038733000000 0.000011603000 0.079925000000 0.178580000000 0.810810000000 0.000000000005 0.000558340000 0.002476100000 0.226290000000 0.019408000000 0.397920000000 0.597140000000 0.963100000000 0.159230000000 0.750330000000 0.869850000000 0.992480000000 0.957860000000 0.995780000000 0.995630000000 0.996080000000 0.000000000000 0.000000000000 0.000000000000 0.000000000000 0.000000000000 0.000000000000 0.000000000000 0.000000000000 0.000000000000 0.000000000000 0.000000000000 0.000000000000 0.000000000000 0.000000000000 0.000000000000 0.000000000000 0.000000000000 0.000000000000 0.000000000000 0.000000000000 0.000000000000 0.000000000000 0.000000000000 0.000000000003 0.000000000000 0.000000000000 0.000000000000 0.000000000013 0.000000000000 0.000000000011 0.000000172730 0.012782000000 0.000000000000 0.000000000000 0.000000000000 0.000000000000 0.000000000000 0.000000000000 0.000000000000 0.000000000045 0.000000000000 0.000000000000 0.000000000000 0.000000171490 0.000000000000 0.000004466600 0.000000070384 0.027980000000 0.000000000000 0.000000000000 0.000000000000 0.000552170000 0.000000000000 0.000000011534 0.000053703000 0.052557000000 0.000000000000 0.000345900000 0.003117900000 0.127310000000 0.009161000000 0.260540000000 0.446940000000 0.944710000000 0.000000000000 0.000000000000 0.000000000000 0.000000000000 0.000000000000 0.000000000000 0.000000000000 0.000014701000 0.000000000000 0.000000000000 0.000000000000 0.001689500000 0.000000000000 0.001601700000 0.001089900000 0.177550000000 0.000000000000 0.000000000000 0.000000000000 0.001115700000 0.000000000000 0.006150700000 0.012135000000 0.330510000000 0.000013091000 0.029464000000 0.059790000000 0.538240000000 0.192260000000 0.757770000000 0.885000000000 0.993910000000 0.000000000000 0.000000640350 0.000419700000 0.053117000000 0.000654030000 0.108280000000 0.194250000000 0.789310000000 0.013326000000 0.307830000000 0.465890000000 0.926810000000 0.701690000000 0.978280000000 0.987500000000 0.996070000000 0.155430000000 0.716960000000 0.850510000000 0.990630000000 0.935790000000 0.994520000000 0.995820000000 0.996080000000 0.977780000000 0.996080000000 0.996050000000 0.996170000000 0.995870000000 0.996130000000 0.996100000000 0.996110000000 0.000000000000 0.000000000000 0.000000000000 0.000000000058 0.000000000000 0.000000459890 0.000026595000 0.051698000000 0.000000000000 0.000037908000 0.001008900000 0.093757000000 0.004596700000 0.205760000000 0.362510000000 0.889480000000 0.000000000000 0.009971900000 0.017223000000 0.364230000000 0.072509000000 0.540660000000 0.728300000000 0.977020000000 0.292430000000 0.840030000000 0.920060000000 0.993600000000 0.967180000000 0.995960000000 0.995970000000 0.996080000000 0.001117700000 0.178420000000 0.290190000000 0.829360000000 0.551690000000 0.941080000000 0.974710000000 0.995710000000 0.819080000000 0.986180000000 0.991890000000 0.996090000000 0.996420000000 0.996120000000 0.996370000000 0.996030000000 0.944840000000 0.995540000000 0.994590000000 0.996320000000 0.994600000000 0.996080000000 0.996280000000 0.996140000000 0.996480000000 0.996040000000 0.996130000000 0.996150000000 0.996050000000 0.996100000000 0.996120000000 0.996100000000 0.163870000000 0.745980000000 0.870710000000 0.990590000000 0.952830000000 0.995330000000 0.995140000000 0.996110000000 0.980550000000 0.996530000000 0.995390000000 0.996210000000 0.996050000000 0.996210000000 0.996070000000 0.996040000000 0.988460000000 0.995860000000 0.995610000000 0.995990000000 0.995950000000 0.996100000000 0.996080000000 0.996100000000 0.996570000000 0.996250000000 0.996210000000 0.996120000000 0.995950000000 0.996100000000 0.996090000000 0.996100000000 0.994070000000 0.996320000000 0.996310000000 0.996200000000 0.996560000000 0.996030000000 0.996270000000 0.996050000000 0.996200000000 0.996130000000 0.996160000000 0.996100000000 0.996100000000 0.996030000000 0.996090000000 0.996090000000 0.996800000000 0.995950000000 0.995970000000 0.996070000000 0.996100000000 0.996100000000 0.996070000000 0.996100000000 0.996190000000 0.996060000000 0.996100000000 0.996080000000 0.996090000000 0.996090000000 0.996110000000 0.996090000000 

N_obs: 1000

File Format:
1- most to least reliable channels (taken entropies)
2- most to least reliable channels (taken error probabilities)
3- channels entropies (flipped)
4- channels error probabilities (flipped)
5- number of MontCarlo simulations
