511 510 509 508 507 506 505 504 503 502 501 500 499 498 497 495 494 493 492 491 490 489 487 486 485 483 479 478 477 476 475 474 473 471 470 469 467 463 462 461 459 455 447 446 445 444 443 442 441 439 438 437 435 431 430 429 427 415 383 382 381 379 375 367 255 423 496 414 488 413 482 472 481 380 378 465 466 484 374 468 411 458 440 373 460 377 253 454 434 457 254 453 436 433 351 371 451 366 426 407 425 428 251 422 365 421 480 412 363 464 399 376 410 247 456 372 419 409 350 319 359 452 349 252 406 432 370 450 250 364 369 405 424 347 239 249 449 362 420 403 246 398 318 361 343 223 127 245 191 397 418 317 358 408 348 335 243 63 315 238 287 357 95 417 311 303 395 159 111 237 119 235 123 207 175 346 231 404 368 183 125 215 248 391 219 187 189 221 355 31 222 126 190 345 271 342 47 79 402 143 448 55 327 341 339 59 244 279 61 295 15 360 331 316 62 103 87 401 283 333 151 334 167 199 285 91 299 307 242 396 241 155 313 286 93 314 107 157 309 301 115 94 310 302 109 171 158 203 227 179 211 110 117 173 233 121 205 118 229 181 236 174 230 122 234 39 263 71 206 23 213 135 356 394 217 185 387 214 182 393 186 218 29 124 7 30 389 27 220 416 390 188 353 354 323 51 267 275 291 344 43 75 99 83 139 147 163 195 269 57 270 45 77 46 78 141 337 329 142 325 35 259 67 19 11 131 53 340 3 281 277 293 58 297 326 54 338 89 60 305 101 105 153 85 149 165 330 278 113 294 13 169 197 332 201 14 177 282 209 225 400 102 284 86 150 298 166 90 92 306 198 300 312 308 154 385 156 240 106 114 108 116 170 25 202 226 49 321 228 172 273 204 210 178 265 289 69 37 261 41 73 81 21 137 97 145 133 232 180 161 120 212 193 184 33 17 65 9 216 257 392 5 129 28 1 386 388 262 70 38 22 134 352 6 26 56 268 322 44 76 336 324 50 52 328 274 140 290 266 292 276 280 74 82 296 42 98 146 100 88 138 152 104 84 304 162 148 164 112 168 194 200 196 176 208 224 384 12 24 48 272 34 264 66 320 40 36 72 18 68 288 260 258 80 136 20 10 144 96 130 132 160 192 32 16 8 64 2 256 4 128 0 

511 510 509 508 507 506 505 504 503 502 501 500 499 498 497 495 494 493 492 491 490 489 487 486 485 483 479 478 477 476 475 474 473 471 470 469 467 463 462 461 459 455 447 446 445 444 443 442 441 439 438 437 435 431 430 429 427 415 383 382 381 379 375 367 255 423 496 414 488 413 482 472 481 380 378 465 466 484 374 468 411 440 458 373 460 377 253 454 434 457 453 254 436 433 351 371 451 366 426 425 407 428 422 421 480 251 365 464 412 363 399 410 376 456 409 419 372 350 247 452 359 319 432 406 349 370 252 450 405 369 424 364 250 449 347 362 420 403 249 239 398 361 246 418 408 397 318 343 358 348 245 417 317 404 357 368 395 223 346 335 243 238 248 448 402 315 355 345 391 360 237 342 401 396 191 311 244 341 416 235 316 356 222 394 303 127 339 231 242 393 334 241 221 287 354 333 313 314 344 390 353 236 215 175 126 400 219 309 95 327 59 190 331 187 283 389 299 307 61 387 207 310 29 214 31 91 111 155 139 93 182 75 227 205 269 297 103 90 338 271 165 122 94 340 281 206 135 267 277 87 195 225 329 109 149 159 89 9 171 302 392 38 198 97 328 337 273 388 257 312 131 121 70 78 43 180 39 326 120 102 56 216 113 27 183 240 156 129 172 199 233 28 26 229 306 133 148 19 181 230 268 106 22 41 262 232 134 101 296 80 140 112 352 65 188 294 37 98 210 266 291 5 321 304 176 138 104 49 202 178 92 208 264 100 108 323 88 168 260 324 292 154 132 192 81 18 51 336 10 261 286 40 258 68 197 42 50 170 152 166 385 86 136 24 290 130 16 20 0 2 194 144 8 256 64 320 280 72 128 12 4 193 30 32 288 272 36 200 76 147 209 226 160 164 278 33 224 384 14 48 74 96 17 162 34 66 141 308 67 45 322 265 82 174 25 99 146 77 275 44 84 21 54 213 220 52 289 259 169 282 184 274 386 196 105 137 73 298 284 330 276 114 234 115 270 212 85 201 300 161 6 1 79 177 145 11 211 263 158 293 279 62 116 23 55 58 13 204 228 60 3 69 7 46 57 332 119 325 150 118 53 35 185 117 142 163 305 218 47 179 83 203 71 124 217 153 107 301 173 151 15 157 110 285 167 63 186 295 143 125 189 123 

0.000000000000 0.000000000000 0.000000000000 0.000000000000 0.000000000000 0.000000000000 0.000000000000 0.000000000000 0.000000000000 0.000000000000 0.000000000000 0.000000000000 0.000000000000 0.000000000000 0.000000000000 0.000000000000 0.000000000000 0.000000000000 0.000000000000 0.000000000000 0.000000000000 0.000000000000 0.000000000000 0.000000000000 0.000000000000 0.000000000000 0.000000000000 0.000000000116 0.000000000000 0.000000000001 0.000000000002 0.000912640000 0.000000000000 0.000000000000 0.000000000000 0.000000000000 0.000000000000 0.000000000000 0.000000000000 0.000000000001 0.000000000000 0.000000000000 0.000000000000 0.000000000154 0.000000000000 0.000000000098 0.000000000022 0.001585400000 0.000000000000 0.000000000000 0.000000000000 0.000000021759 0.000000000000 0.000000000896 0.000000187750 0.004144800000 0.000000000000 0.000000149300 0.000000582420 0.011598000000 0.000008912800 0.024531000000 0.058683000000 0.475280000000 0.000000000000 0.000000000000 0.000000000000 0.000000000000 0.000000000000 0.000000000000 0.000000000000 0.000000000933 0.000000000000 0.000000000000 0.000000000000 0.000000639190 0.000000000000 0.000000173590 0.000001018200 0.015187000000 0.000000000000 0.000000000000 0.000000000000 0.000103190000 0.000000000000 0.000032783000 0.000051944000 0.034325000000 0.000000000000 0.000241780000 0.000484260000 0.074977000000 0.005929200000 0.161330000000 0.261870000000 0.742070000000 0.000000000000 0.000000000000 0.000000000000 0.001231500000 0.000000000188 0.003375100000 0.006462900000 0.173850000000 0.000038623000 0.013182000000 0.029548000000 0.313800000000 0.086973000000 0.461230000000 0.551230000000 0.896730000000 0.002481600000 0.094476000000 0.159510000000 0.582260000000 0.270420000000 0.693990000000 0.704280000000 0.950290000000 0.336490000000 0.748000000000 0.736620000000 0.958070000000 0.701460000000 0.957080000000 0.915080000000 0.996330000000 0.000000000000 0.000000000000 0.000000000000 0.000000000002 0.000000000000 0.000000000004 0.000000026588 0.002619000000 0.000000000000 0.000000000144 0.000000013428 0.005368100000 0.000005020900 0.015670000000 0.029174000000 0.317250000000 0.000000000000 0.000015644000 0.000377640000 0.029049000000 0.001457100000 0.063495000000 0.120100000000 0.530940000000 0.008583300000 0.170100000000 0.255270000000 0.692070000000 0.349420000000 0.764620000000 0.760120000000 0.965840000000 0.000001388800 0.006643700000 0.011882000000 0.186280000000 0.041187000000 0.310420000000 0.389500000000 0.796920000000 0.120380000000 0.450850000000 0.496040000000 0.858830000000 0.500530000000 0.870140000000 0.841440000000 0.983130000000 0.209650000000 0.557430000000 0.555620000000 0.888550000000 0.532280000000 0.882510000000 0.846610000000 0.983830000000 0.495880000000 0.869250000000 0.846890000000 0.983170000000 0.782180000000 0.982560000000 0.934000000000 0.998630000000 0.007244300000 0.108060000000 0.164850000000 0.534660000000 0.237370000000 0.594130000000 0.592200000000 0.912790000000 0.265260000000 0.622710000000 0.606600000000 0.913390000000 0.580230000000 0.910120000000 0.872110000000 0.989010000000 0.267480000000 0.625200000000 0.610520000000 0.912610000000 0.579690000000 0.905550000000 0.867130000000 0.987230000000 0.524140000000 0.885480000000 0.862460000000 0.986020000000 0.791400000000 0.985260000000 0.935700000000 0.998750000000 0.253810000000 0.592700000000 0.568170000000 0.897530000000 0.553650000000 0.894080000000 0.861960000000 0.986240000000 0.519250000000 0.883250000000 0.862090000000 0.986110000000 0.791320000000 0.984130000000 0.934590000000 0.998490000000 0.445200000000 0.831280000000 0.828910000000 0.981460000000 0.790840000000 0.985580000000 0.935370000000 0.998580000000 0.682200000000 0.961540000000 0.936190000000 0.998750000000 0.847530000000 0.998760000000 0.950150000000 0.999910000000 0.000000000000 0.000000580780 0.000000065992 0.012456000000 0.000161590000 0.026069000000 0.053204000000 0.331220000000 0.003799000000 0.088215000000 0.144000000000 0.510970000000 0.213600000000 0.581510000000 0.588400000000 0.916620000000 0.042393000000 0.237870000000 0.284560000000 0.674570000000 0.304590000000 0.681110000000 0.661570000000 0.938090000000 0.311690000000 0.679460000000 0.666630000000 0.934000000000 0.635970000000 0.933250000000 0.895560000000 0.993220000000 0.121310000000 0.366400000000 0.346140000000 0.739410000000 0.337130000000 0.720960000000 0.699820000000 0.950020000000 0.326420000000 0.701600000000 0.688000000000 0.941020000000 0.640370000000 0.934910000000 0.894470000000 0.992650000000 0.308850000000 0.685020000000 0.663090000000 0.934750000000 0.634390000000 0.931260000000 0.888790000000 0.991190000000 0.567400000000 0.911250000000 0.888280000000 0.991350000000 0.813060000000 0.991110000000 0.941270000000 0.999320000000 0.150180000000 0.386090000000 0.344090000000 0.748640000000 0.340830000000 0.719930000000 0.700920000000 0.949080000000 0.317380000000 0.703940000000 0.673110000000 0.938340000000 0.639180000000 0.935130000000 0.893660000000 0.992440000000 0.310340000000 0.678810000000 0.658990000000 0.934160000000 0.628830000000 0.929950000000 0.887780000000 0.991020000000 0.562940000000 0.905760000000 0.882390000000 0.990250000000 0.807720000000 0.989250000000 0.938960000000 0.999080000000 0.272310000000 0.632880000000 0.604800000000 0.915230000000 0.590370000000 0.914960000000 0.876080000000 0.988910000000 0.556620000000 0.902070000000 0.878750000000 0.989330000000 0.803750000000 0.988170000000 0.937810000000 0.998870000000 0.466500000000 0.846780000000 0.840350000000 0.984270000000 0.802220000000 0.988500000000 0.937640000000 0.998800000000 0.689580000000 0.963080000000 0.938040000000 0.998960000000 0.849530000000 0.998940000000 0.950430000000 0.999920000000 0.136800000000 0.367710000000 0.322960000000 0.726950000000 0.308340000000 0.679840000000 0.662580000000 0.939670000000 0.298910000000 0.663480000000 0.641120000000 0.925280000000 0.611190000000 0.920500000000 0.884000000000 0.990940000000 0.281690000000 0.640600000000 0.626240000000 0.921260000000 0.599420000000 0.917240000000 0.875830000000 0.988920000000 0.542990000000 0.896950000000 0.873390000000 0.988200000000 0.799380000000 0.987350000000 0.937720000000 0.998930000000 0.261130000000 0.619790000000 0.593090000000 0.909810000000 0.576520000000 0.907800000000 0.872010000000 0.988430000000 0.548280000000 0.899780000000 0.877620000000 0.988990000000 0.800900000000 0.987220000000 0.936550000000 0.998800000000 0.453240000000 0.839870000000 0.836120000000 0.983100000000 0.797980000000 0.987110000000 0.936470000000 0.998670000000 0.682340000000 0.961890000000 0.935890000000 0.998710000000 0.847630000000 0.998620000000 0.949870000000 0.999890000000 0.231440000000 0.540590000000 0.519870000000 0.872040000000 0.506460000000 0.865230000000 0.831030000000 0.980510000000 0.493930000000 0.869550000000 0.850850000000 0.983660000000 0.784390000000 0.983280000000 0.933770000000 0.998470000000 0.451830000000 0.836400000000 0.835250000000 0.982860000000 0.797720000000 0.987270000000 0.936340000000 0.998650000000 0.681460000000 0.962120000000 0.936110000000 0.998670000000 0.847300000000 0.998560000000 0.949730000000 0.999880000000 0.352810000000 0.735980000000 0.723620000000 0.953300000000 0.737440000000 0.974260000000 0.930270000000 0.998270000000 0.685570000000 0.962920000000 0.937110000000 0.998820000000 0.847880000000 0.998680000000 0.949780000000 0.999880000000 0.527060000000 0.890580000000 0.887500000000 0.997780000000 0.848030000000 0.998860000000 0.950000000000 0.999890000000 0.727400000000 0.971350000000 0.950350000000 0.999910000000 0.859460000000 0.999910000000 0.953380000000 0.999990000000 

0.000000000000 0.000000000000 0.000000000000 0.000000000000 0.000000000000 0.000000000000 0.000000000000 0.000000000000 0.000000000000 0.000000000000 0.000000000000 0.000000000000 0.000000000000 0.000000000000 0.000000000000 0.000000000000 0.000000000000 0.000000000000 0.000000000000 0.000000000000 0.000000000000 0.000000000000 0.000000000000 0.000000000000 0.000000000000 0.000000000000 0.000000000000 0.000000000030 0.000000000000 0.000000000000 0.000000000000 0.001109000000 0.000000000000 0.000000000000 0.000000000000 0.000000000000 0.000000000000 0.000000000000 0.000000000000 0.000000000000 0.000000000000 0.000000000000 0.000000000000 0.000000000041 0.000000000000 0.000000000024 0.000000000005 0.002169600000 0.000000000000 0.000000000000 0.000000000000 0.000000007928 0.000000000000 0.000000000240 0.000000086188 0.012254000000 0.000000000000 0.000000058251 0.000000264530 0.023609000000 0.000005834900 0.054097000000 0.120280000000 0.746190000000 0.000000000000 0.000000000000 0.000000000000 0.000000000000 0.000000000000 0.000000000000 0.000000000000 0.000000000237 0.000000000000 0.000000000000 0.000000000000 0.000000319880 0.000000000000 0.000000068765 0.000000557560 0.032311000000 0.000000000000 0.000000000000 0.000000000000 0.000196180000 0.000000000000 0.000025919000 0.000038855000 0.073075000000 0.000000000000 0.000417250000 0.000867940000 0.161570000000 0.014467000000 0.317860000000 0.489490000000 0.941330000000 0.000000000000 0.000000000000 0.000000000000 0.003109100000 0.000000000047 0.006746300000 0.013363000000 0.356460000000 0.000046170000 0.035917000000 0.067480000000 0.569480000000 0.198510000000 0.760020000000 0.868330000000 0.988480000000 0.005292700000 0.239790000000 0.377010000000 0.874120000000 0.609290000000 0.956340000000 0.976540000000 0.991800000000 0.831950000000 0.985760000000 0.990590000000 0.991890000000 0.990970000000 0.992330000000 0.992180000000 0.992210000000 0.000000000000 0.000000000000 0.000000000000 0.000000000000 0.000000000000 0.000000000001 0.000000009959 0.009333200000 0.000000000000 0.000000000035 0.000000004545 0.016868000000 0.000003381100 0.041587000000 0.071933000000 0.600510000000 0.000000000000 0.000009205800 0.001523500000 0.079683000000 0.005184600000 0.158300000000 0.280750000000 0.842100000000 0.023851000000 0.412330000000 0.572960000000 0.953290000000 0.775130000000 0.982040000000 0.987020000000 0.992120000000 0.000000829610 0.017723000000 0.036271000000 0.435150000000 0.130610000000 0.654500000000 0.815010000000 0.985640000000 0.385100000000 0.865370000000 0.932720000000 0.991650000000 0.965290000000 0.991620000000 0.991880000000 0.992170000000 0.701160000000 0.976600000000 0.982630000000 0.992670000000 0.990100000000 0.992350000000 0.991720000000 0.991860000000 0.989780000000 0.991980000000 0.992670000000 0.992160000000 0.992150000000 0.992240000000 0.992130000000 0.992190000000 0.028677000000 0.381190000000 0.557010000000 0.946520000000 0.766720000000 0.984480000000 0.984130000000 0.991910000000 0.908960000000 0.991030000000 0.988970000000 0.992230000000 0.990900000000 0.992060000000 0.992850000000 0.992130000000 0.956710000000 0.991790000000 0.993190000000 0.992390000000 0.990650000000 0.992350000000 0.991550000000 0.992110000000 0.993700000000 0.992120000000 0.992550000000 0.992160000000 0.992130000000 0.992180000000 0.992300000000 0.992200000000 0.979960000000 0.992170000000 0.993510000000 0.992350000000 0.990510000000 0.992310000000 0.991670000000 0.992190000000 0.992550000000 0.992210000000 0.991710000000 0.992360000000 0.992270000000 0.992320000000 0.991890000000 0.992200000000 0.991620000000 0.992380000000 0.991480000000 0.992080000000 0.991680000000 0.992120000000 0.992240000000 0.992150000000 0.992520000000 0.992090000000 0.992170000000 0.992160000000 0.992310000000 0.992170000000 0.991890000000 0.992190000000 0.000000000000 0.000000293520 0.000000024259 0.050847000000 0.001227400000 0.106010000000 0.200720000000 0.744000000000 0.022764000000 0.316870000000 0.468330000000 0.930560000000 0.721460000000 0.974960000000 0.978280000000 0.992010000000 0.219700000000 0.735560000000 0.857490000000 0.987310000000 0.945040000000 0.992370000000 0.992040000000 0.992100000000 0.972930000000 0.992070000000 0.992050000000 0.992590000000 0.991450000000 0.992210000000 0.991710000000 0.992210000000 0.633340000000 0.956020000000 0.979810000000 0.992300000000 0.988810000000 0.992870000000 0.993100000000 0.991990000000 0.987470000000 0.991120000000 0.992300000000 0.992380000000 0.992520000000 0.992120000000 0.992210000000 0.992150000000 0.990990000000 0.991670000000 0.991470000000 0.992580000000 0.992910000000 0.992140000000 0.992390000000 0.992200000000 0.992030000000 0.991840000000 0.992180000000 0.992330000000 0.991710000000 0.992190000000 0.992200000000 0.992170000000 0.888340000000 0.990030000000 0.994670000000 0.992120000000 0.990210000000 0.993660000000 0.992760000000 0.992310000000 0.992010000000 0.991390000000 0.992070000000 0.991950000000 0.992890000000 0.992140000000 0.992430000000 0.992130000000 0.987600000000 0.992250000000 0.993290000000 0.992030000000 0.991790000000 0.992180000000 0.992310000000 0.992160000000 0.993560000000 0.992180000000 0.991620000000 0.992210000000 0.992790000000 0.992220000000 0.992390000000 0.992210000000 0.991740000000 0.992530000000 0.993400000000 0.992010000000 0.991280000000 0.992160000000 0.993140000000 0.992180000000 0.993330000000 0.992680000000 0.991730000000 0.992060000000 0.992200000000 0.992260000000 0.992430000000 0.992190000000 0.994040000000 0.992780000000 0.992230000000 0.992110000000 0.991320000000 0.992130000000 0.992330000000 0.992180000000 0.991670000000 0.992100000000 0.992060000000 0.992170000000 0.991910000000 0.992180000000 0.992020000000 0.992190000000 0.960580000000 0.987610000000 0.994100000000 0.993030000000 0.994900000000 0.991630000000 0.991920000000 0.991990000000 0.992670000000 0.992740000000 0.992770000000 0.992560000000 0.992370000000 0.992360000000 0.992010000000 0.992110000000 0.991240000000 0.993410000000 0.991730000000 0.992150000000 0.993160000000 0.992080000000 0.992330000000 0.992140000000 0.991560000000 0.991990000000 0.992100000000 0.992150000000 0.992250000000 0.992120000000 0.991840000000 0.992220000000 0.989240000000 0.991650000000 0.991370000000 0.992150000000 0.991190000000 0.991570000000 0.991740000000 0.992160000000 0.991710000000 0.992180000000 0.992380000000 0.992280000000 0.992890000000 0.992250000000 0.992170000000 0.992110000000 0.992410000000 0.991940000000 0.992260000000 0.992200000000 0.991420000000 0.992220000000 0.992340000000 0.992190000000 0.993020000000 0.991930000000 0.992620000000 0.992170000000 0.992240000000 0.992230000000 0.992120000000 0.992190000000 0.993640000000 0.992560000000 0.990910000000 0.992600000000 0.989900000000 0.992580000000 0.992660000000 0.991990000000 0.992570000000 0.992290000000 0.992750000000 0.992300000000 0.992170000000 0.992180000000 0.992140000000 0.992220000000 0.992890000000 0.992660000000 0.992240000000 0.992280000000 0.991940000000 0.992180000000 0.992090000000 0.992170000000 0.991960000000 0.991830000000 0.992120000000 0.992200000000 0.992750000000 0.992220000000 0.992210000000 0.992200000000 0.991140000000 0.992200000000 0.991090000000 0.992040000000 0.992010000000 0.992040000000 0.992250000000 0.992180000000 0.992570000000 0.992080000000 0.992280000000 0.992180000000 0.992070000000 0.992170000000 0.992220000000 0.992180000000 0.993360000000 0.992220000000 0.992580000000 0.992190000000 0.992440000000 0.992170000000 0.991770000000 0.992190000000 0.992640000000 0.992390000000 0.992130000000 0.992190000000 0.992610000000 0.992180000000 0.992410000000 0.992180000000 

N_obs: 1000

File Format:
1- most to least reliable channels (taken entropies)
2- most to least reliable channels (taken error probabilities)
3- channels entropies (flipped)
4- channels error probabilities (flipped)
5- number of MontCarlo simulations
