511 510 509 508 507 506 505 504 503 502 501 500 499 498 497 496 495 494 493 492 491 490 489 488 487 486 485 484 483 482 481 480 479 478 477 476 475 474 473 472 471 470 469 468 467 466 465 464 463 462 461 460 459 458 457 456 455 454 453 451 450 447 446 445 444 443 442 441 440 439 438 437 436 435 434 433 432 431 430 429 428 427 426 425 423 422 421 419 415 414 413 412 411 410 409 407 406 405 403 399 398 397 395 391 383 382 381 380 379 378 377 376 375 374 373 372 371 370 369 367 366 365 364 363 362 361 359 358 357 355 351 350 349 348 347 346 345 343 342 341 339 335 334 333 331 327 319 318 317 316 315 314 313 311 310 309 307 303 302 301 299 287 255 254 253 252 251 250 249 248 247 246 245 244 243 242 241 239 238 237 236 235 233 231 230 229 223 222 221 220 219 215 207 191 190 189 187 183 127 420 234 424 452 417 218 227 286 408 404 368 396 449 214 360 418 217 213 175 295 393 394 402 126 285 356 401 390 354 353 340 338 344 205 125 330 389 337 211 123 387 329 206 332 188 186 283 279 325 308 185 203 305 300 326 306 323 312 240 182 181 159 232 199 119 448 298 297 392 400 226 416 212 179 228 293 216 294 388 352 174 173 225 284 336 210 271 386 291 124 282 204 385 328 209 111 171 122 281 184 202 324 278 121 304 158 201 180 322 277 118 167 296 198 157 178 321 117 224 95 292 172 197 275 177 270 155 110 115 170 63 208 290 269 195 280 151 109 120 169 289 384 143 200 267 107 166 156 276 31 94 103 79 93 116 47 87 263 165 91 55 59 61 62 154 196 163 176 274 320 114 153 15 113 273 150 135 147 149 108 268 139 194 71 23 141 142 39 27 193 105 106 99 29 168 101 75 30 51 83 43 266 77 102 265 45 78 85 259 7 46 53 89 288 86 57 92 54 90 261 58 262 60 164 131 161 35 19 67 162 11 152 3 145 14 13 137 133 112 272 134 148 25 146 73 69 97 37 21 41 81 49 138 140 257 70 22 38 28 26 104 192 98 100 129 74 76 82 42 44 17 33 50 9 65 264 5 52 84 88 1 56 260 258 6 160 144 136 132 130 12 24 34 18 72 66 68 36 40 20 10 96 80 48 256 128 16 8 32 64 2 4 0 

511 510 509 508 507 506 505 504 503 502 501 500 499 498 497 496 495 494 493 492 491 490 489 488 487 486 485 484 483 482 481 480 479 478 477 476 475 474 473 472 471 470 469 468 467 466 465 464 463 462 461 460 459 458 457 456 455 454 453 451 450 447 446 445 444 443 442 441 440 439 438 437 436 435 434 433 432 431 430 429 428 427 426 425 423 422 421 419 415 414 413 412 411 410 409 407 406 405 403 399 398 397 395 391 383 382 381 380 379 378 377 376 375 374 373 372 371 370 369 367 366 365 364 363 362 361 359 358 357 355 351 350 349 348 347 346 345 343 342 341 339 335 334 333 331 327 319 318 317 316 315 314 313 311 310 309 307 303 302 301 299 287 255 254 253 252 251 250 249 248 247 246 245 244 243 242 241 239 238 237 236 235 233 231 230 229 223 222 221 220 219 215 207 191 190 189 187 183 127 420 234 452 424 218 417 227 286 408 404 368 396 449 214 360 418 217 213 175 295 393 394 402 126 285 356 401 390 354 353 340 338 344 205 125 330 389 337 211 123 387 329 206 332 188 186 283 279 308 325 185 203 305 300 326 306 323 240 312 181 182 159 199 232 119 448 392 297 400 212 416 388 228 352 294 293 173 179 298 216 226 225 174 284 336 210 291 271 386 282 124 204 328 385 209 281 111 184 202 324 171 122 278 304 201 121 180 158 322 277 296 198 167 118 178 157 321 292 224 117 197 172 275 177 270 155 290 95 208 170 280 269 115 110 195 384 169 289 120 200 276 151 109 166 267 156 63 116 320 196 165 107 274 176 154 143 94 263 114 273 268 194 163 103 153 93 168 150 288 113 108 193 266 91 62 149 106 87 164 265 147 79 142 105 262 61 59 162 141 152 272 92 47 102 139 46 261 77 161 112 43 101 55 51 15 53 7 67 19 39 148 27 192 31 85 133 264 89 71 30 259 33 100 104 69 25 258 21 26 131 6 9 135 1 146 72 11 45 90 130 160 56 12 144 5 76 86 14 34 256 136 18 32 84 24 2 4 16 48 0 36 128 8 80 50 17 64 10 40 138 132 20 68 98 44 58 137 70 3 96 66 49 140 145 37 97 129 42 38 83 257 22 41 74 260 57 81 28 88 35 65 82 13 52 134 54 99 75 78 60 73 29 23 

0.000000000000 0.000000000000 0.000000000000 0.000000000000 0.000000000000 0.000000000000 0.000000000000 0.000000000000 0.000000000000 0.000000000000 0.000000000000 0.000000000000 0.000000000000 0.000000000000 0.000000000000 0.000000000000 0.000000000000 0.000000000000 0.000000000000 0.000000000000 0.000000000000 0.000000000000 0.000000000000 0.000000000000 0.000000000000 0.000000000000 0.000000000000 0.000000000000 0.000000000000 0.000000000000 0.000000000000 0.000000000000 0.000000000000 0.000000000000 0.000000000000 0.000000000000 0.000000000000 0.000000000000 0.000000000000 0.000000000000 0.000000000000 0.000000000000 0.000000000000 0.000000000000 0.000000000000 0.000000000000 0.000000000000 0.000000000000 0.000000000000 0.000000000000 0.000000000000 0.000000000000 0.000000000000 0.000000000000 0.000000000000 0.000000000000 0.000000000000 0.000000000000 0.000000000000 0.000000000000 0.000000000000 0.000000000000 0.000000000000 0.000044545000 0.000000000000 0.000000000000 0.000000000000 0.000000000000 0.000000000000 0.000000000000 0.000000000000 0.000000000000 0.000000000000 0.000000000000 0.000000000000 0.000000000000 0.000000000000 0.000000000000 0.000000000000 0.000000000000 0.000000000000 0.000000000000 0.000000000000 0.000000000000 0.000000000000 0.000000000000 0.000000000000 0.000000000000 0.000000000000 0.000000000000 0.000000000000 0.000000000000 0.000000000000 0.000000000000 0.000000000000 0.000125670000 0.000000000000 0.000000000000 0.000000000000 0.000000000000 0.000000000000 0.000000000000 0.000000000000 0.000000000000 0.000000000000 0.000000000000 0.000000000000 0.000000000000 0.000000000000 0.000000000000 0.000000000000 0.000102350000 0.000000000000 0.000000000000 0.000000000000 0.000000000000 0.000000000000 0.000000000000 0.000000000000 0.000095180000 0.000000000000 0.000000000000 0.000000000038 0.000331970000 0.000000000184 0.001604500000 0.003194400000 0.216690000000 0.000000000000 0.000000000000 0.000000000000 0.000000000000 0.000000000000 0.000000000000 0.000000000000 0.000000000000 0.000000000000 0.000000000000 0.000000000000 0.000000000000 0.000000000000 0.000000000000 0.000000000000 0.000000000000 0.000000000000 0.000000000000 0.000000000000 0.000000000000 0.000000000000 0.000000000000 0.000000000000 0.000000000000 0.000000000000 0.000000000000 0.000000000000 0.000000000000 0.000000000000 0.000000000000 0.000000000001 0.000386380000 0.000000000000 0.000000000000 0.000000000000 0.000000000000 0.000000000000 0.000000000000 0.000000000000 0.000000000004 0.000000000000 0.000000000000 0.000000000000 0.000000000001 0.000000000000 0.000000000002 0.000000000063 0.000825290000 0.000000000000 0.000000000000 0.000000000000 0.000000002505 0.000000000000 0.000000000023 0.000000000234 0.003278000000 0.000000000000 0.000000213900 0.000000023454 0.006123900000 0.000000283940 0.018312000000 0.040859000000 0.432410000000 0.000000000000 0.000000000000 0.000000000000 0.000000000000 0.000000000000 0.000000000000 0.000000000000 0.000000513570 0.000000000000 0.000000000000 0.000000000000 0.000000025519 0.000000000000 0.000000265060 0.000000174040 0.011658000000 0.000000000000 0.000000000000 0.000000000000 0.000000189100 0.000000000000 0.000048131000 0.000069998000 0.026592000000 0.000000000000 0.000205290000 0.000164950000 0.058627000000 0.001623700000 0.121960000000 0.216210000000 0.707890000000 0.000000000000 0.000000000000 0.000000000000 0.000773830000 0.000000008338 0.002218300000 0.005115300000 0.152530000000 0.000000016878 0.007262000000 0.018740000000 0.270830000000 0.063785000000 0.430220000000 0.523280000000 0.881850000000 0.000934070000 0.074597000000 0.131520000000 0.554660000000 0.241010000000 0.664680000000 0.685200000000 0.942660000000 0.331010000000 0.742060000000 0.734040000000 0.955730000000 0.695040000000 0.956610000000 0.915060000000 0.996270000000 0.000000000000 0.000000000000 0.000000000000 0.000000000000 0.000000000000 0.000000000000 0.000000000000 0.000000000000 0.000000000000 0.000000000000 0.000000000000 0.000000000000 0.000000000000 0.000000000000 0.000000000000 0.000000535660 0.000000000000 0.000000000000 0.000000000000 0.000000000000 0.000000000000 0.000000000000 0.000000000000 0.000032644000 0.000000000000 0.000000000000 0.000000000000 0.000159580000 0.000000000000 0.000110220000 0.000705520000 0.054947000000 0.000000000000 0.000000000000 0.000000000000 0.000000000000 0.000000000000 0.000000000000 0.000000000000 0.000190220000 0.000000000000 0.000000000000 0.000000000000 0.000136020000 0.000000000094 0.000863490000 0.003691100000 0.119350000000 0.000000000000 0.000000001247 0.000000000010 0.002288000000 0.000000055822 0.005877000000 0.013074000000 0.238790000000 0.000033504000 0.027919000000 0.061231000000 0.413770000000 0.144690000000 0.568310000000 0.624070000000 0.928210000000 0.000000000000 0.000000000000 0.000000000000 0.000000002796 0.000000000000 0.000000004378 0.000000046587 0.005729400000 0.000000000000 0.000000982040 0.000001087500 0.013569000000 0.000159360000 0.030053000000 0.065789000000 0.426790000000 0.000000000000 0.000518950000 0.000558050000 0.059823000000 0.004114300000 0.113130000000 0.194100000000 0.635800000000 0.025359000000 0.253470000000 0.335310000000 0.766740000000 0.414550000000 0.817080000000 0.799350000000 0.975090000000 0.000005675000 0.012230000000 0.028245000000 0.265000000000 0.076249000000 0.391770000000 0.459020000000 0.842980000000 0.159960000000 0.525750000000 0.543740000000 0.886020000000 0.543680000000 0.888710000000 0.856910000000 0.985980000000 0.227760000000 0.586500000000 0.584890000000 0.902760000000 0.567610000000 0.899790000000 0.864570000000 0.987120000000 0.527710000000 0.884960000000 0.865300000000 0.987160000000 0.796610000000 0.987290000000 0.938040000000 0.998990000000 0.000000000000 0.000000000000 0.000000000013 0.001924100000 0.000000000113 0.004302600000 0.011035000000 0.185990000000 0.000036549000 0.021658000000 0.043678000000 0.317100000000 0.108740000000 0.443170000000 0.496630000000 0.875730000000 0.004096600000 0.107820000000 0.175910000000 0.545780000000 0.247120000000 0.624850000000 0.624760000000 0.926630000000 0.286270000000 0.677840000000 0.650780000000 0.931330000000 0.628860000000 0.931090000000 0.893400000000 0.992770000000 0.056317000000 0.283890000000 0.315600000000 0.717770000000 0.339320000000 0.719390000000 0.705340000000 0.949730000000 0.330490000000 0.713730000000 0.693580000000 0.945150000000 0.658340000000 0.939830000000 0.898490000000 0.993230000000 0.314940000000 0.691390000000 0.676640000000 0.939380000000 0.652330000000 0.938520000000 0.892520000000 0.991970000000 0.580060000000 0.915540000000 0.892950000000 0.992210000000 0.816600000000 0.992110000000 0.942140000000 0.999380000000 0.118680000000 0.382540000000 0.355800000000 0.757920000000 0.350530000000 0.736430000000 0.715490000000 0.953150000000 0.339900000000 0.717980000000 0.702850000000 0.944820000000 0.657830000000 0.941760000000 0.899690000000 0.993660000000 0.325610000000 0.701780000000 0.686710000000 0.941040000000 0.659570000000 0.940620000000 0.896510000000 0.992480000000 0.587080000000 0.919020000000 0.893910000000 0.992320000000 0.815760000000 0.991590000000 0.941290000000 0.999300000000 0.280100000000 0.654020000000 0.630630000000 0.922370000000 0.619870000000 0.926600000000 0.887530000000 0.991320000000 0.584170000000 0.918750000000 0.895380000000 0.992510000000 0.815780000000 0.991620000000 0.941050000000 0.999240000000 0.476530000000 0.858860000000 0.859650000000 0.988960000000 0.818640000000 0.992680000000 0.942080000000 0.999300000000 0.698660000000 0.967740000000 0.942790000000 0.999430000000 0.853020000000 0.999430000000 0.951630000000 0.999960000000 

0.000000000000 0.000000000000 0.000000000000 0.000000000000 0.000000000000 0.000000000000 0.000000000000 0.000000000000 0.000000000000 0.000000000000 0.000000000000 0.000000000000 0.000000000000 0.000000000000 0.000000000000 0.000000000000 0.000000000000 0.000000000000 0.000000000000 0.000000000000 0.000000000000 0.000000000000 0.000000000000 0.000000000000 0.000000000000 0.000000000000 0.000000000000 0.000000000000 0.000000000000 0.000000000000 0.000000000000 0.000000000000 0.000000000000 0.000000000000 0.000000000000 0.000000000000 0.000000000000 0.000000000000 0.000000000000 0.000000000000 0.000000000000 0.000000000000 0.000000000000 0.000000000000 0.000000000000 0.000000000000 0.000000000000 0.000000000000 0.000000000000 0.000000000000 0.000000000000 0.000000000000 0.000000000000 0.000000000000 0.000000000000 0.000000000000 0.000000000000 0.000000000000 0.000000000000 0.000000000000 0.000000000000 0.000000000000 0.000000000000 0.000037515000 0.000000000000 0.000000000000 0.000000000000 0.000000000000 0.000000000000 0.000000000000 0.000000000000 0.000000000000 0.000000000000 0.000000000000 0.000000000000 0.000000000000 0.000000000000 0.000000000000 0.000000000000 0.000000000000 0.000000000000 0.000000000000 0.000000000000 0.000000000000 0.000000000000 0.000000000000 0.000000000000 0.000000000000 0.000000000000 0.000000000000 0.000000000000 0.000000000000 0.000000000000 0.000000000000 0.000000000000 0.000168570000 0.000000000000 0.000000000000 0.000000000000 0.000000000000 0.000000000000 0.000000000000 0.000000000000 0.000000000000 0.000000000000 0.000000000000 0.000000000000 0.000000000000 0.000000000000 0.000000000000 0.000000000000 0.000090951000 0.000000000000 0.000000000000 0.000000000000 0.000000000000 0.000000000000 0.000000000000 0.000000000000 0.000071366000 0.000000000000 0.000000000000 0.000000000009 0.000290890000 0.000000000050 0.004740000000 0.008972800000 0.418380000000 0.000000000000 0.000000000000 0.000000000000 0.000000000000 0.000000000000 0.000000000000 0.000000000000 0.000000000000 0.000000000000 0.000000000000 0.000000000000 0.000000000000 0.000000000000 0.000000000000 0.000000000000 0.000000000000 0.000000000000 0.000000000000 0.000000000000 0.000000000000 0.000000000000 0.000000000000 0.000000000000 0.000000000000 0.000000000000 0.000000000000 0.000000000000 0.000000000000 0.000000000000 0.000000000000 0.000000000000 0.000449270000 0.000000000000 0.000000000000 0.000000000000 0.000000000000 0.000000000000 0.000000000000 0.000000000000 0.000000000001 0.000000000000 0.000000000000 0.000000000000 0.000000000000 0.000000000000 0.000000000000 0.000000000016 0.002514600000 0.000000000000 0.000000000000 0.000000000000 0.000000000773 0.000000000000 0.000000000005 0.000000000060 0.008769100000 0.000000000000 0.000000099460 0.000000008719 0.015550000000 0.000000115410 0.040215000000 0.085410000000 0.703870000000 0.000000000000 0.000000000000 0.000000000000 0.000000000000 0.000000000000 0.000000000000 0.000000000000 0.000000268280 0.000000000000 0.000000000000 0.000000000000 0.000000008609 0.000000000000 0.000000106520 0.000000072755 0.027372000000 0.000000000000 0.000000000000 0.000000000000 0.000000073862 0.000000000000 0.000986170000 0.000072411000 0.058432000000 0.000000000000 0.000452830000 0.000549470000 0.122140000000 0.003846600000 0.246500000000 0.436080000000 0.921570000000 0.000000000000 0.000000000000 0.000000000000 0.002186600000 0.000000002931 0.006202900000 0.011578000000 0.317210000000 0.000000006028 0.018203000000 0.044630000000 0.510660000000 0.155950000000 0.732740000000 0.858230000000 0.987900000000 0.004115500000 0.188040000000 0.321920000000 0.862690000000 0.571100000000 0.949410000000 0.974930000000 0.991690000000 0.805360000000 0.983570000000 0.990210000000 0.992460000000 0.991820000000 0.991980000000 0.992430000000 0.992160000000 0.000000000000 0.000000000000 0.000000000000 0.000000000000 0.000000000000 0.000000000000 0.000000000000 0.000000000000 0.000000000000 0.000000000000 0.000000000000 0.000000000000 0.000000000000 0.000000000000 0.000000000000 0.000000217180 0.000000000000 0.000000000000 0.000000000000 0.000000000000 0.000000000000 0.000000000000 0.000000000000 0.000028069000 0.000000000000 0.000000000000 0.000000000000 0.000416520000 0.000000000000 0.001058300000 0.001183200000 0.131350000000 0.000000000000 0.000000000000 0.000000000000 0.000000000000 0.000000000000 0.000000000000 0.000000000000 0.001000400000 0.000000000000 0.000000000000 0.000000000000 0.000105360000 0.000000000024 0.002954800000 0.010995000000 0.270220000000 0.000000000000 0.000000000383 0.000000000002 0.007742800000 0.000000022443 0.015380000000 0.032344000000 0.463740000000 0.000025379000 0.073321000000 0.146570000000 0.704990000000 0.351210000000 0.867840000000 0.943240000000 0.991550000000 0.000000000000 0.000000000000 0.000000000000 0.000000000909 0.000000000000 0.000000001379 0.000000016613 0.015237000000 0.000000000000 0.000000521800 0.000000514730 0.035694000000 0.000955620000 0.082144000000 0.162650000000 0.738050000000 0.000000000000 0.001425300000 0.000916890000 0.149180000000 0.016214000000 0.278180000000 0.435050000000 0.911070000000 0.075159000000 0.561600000000 0.724890000000 0.974780000000 0.870150000000 0.986900000000 0.990610000000 0.992100000000 0.000003768600 0.037754000000 0.084378000000 0.591220000000 0.238780000000 0.764780000000 0.878180000000 0.986930000000 0.512460000000 0.920570000000 0.965080000000 0.991510000000 0.980620000000 0.992050000000 0.992370000000 0.992110000000 0.772710000000 0.982490000000 0.986930000000 0.992370000000 0.989490000000 0.992260000000 0.992280000000 0.992170000000 0.992040000000 0.992740000000 0.991620000000 0.992260000000 0.991990000000 0.992100000000 0.992410000000 0.992190000000 0.000000000000 0.000000000000 0.000000000003 0.006607200000 0.000000000027 0.016801000000 0.034549000000 0.460540000000 0.000029892000 0.078865000000 0.133290000000 0.692300000000 0.334050000000 0.854060000000 0.927810000000 0.990820000000 0.012707000000 0.337290000000 0.516590000000 0.928360000000 0.730170000000 0.972980000000 0.983210000000 0.991860000000 0.872250000000 0.989490000000 0.990880000000 0.991840000000 0.992940000000 0.992270000000 0.992410000000 0.992300000000 0.255440000000 0.800350000000 0.898120000000 0.988380000000 0.952330000000 0.992090000000 0.991700000000 0.992510000000 0.974570000000 0.992130000000 0.991610000000 0.992170000000 0.992430000000 0.992570000000 0.992480000000 0.992200000000 0.981670000000 0.993120000000 0.990550000000 0.992120000000 0.992960000000 0.992460000000 0.993220000000 0.992060000000 0.991740000000 0.992280000000 0.991870000000 0.992270000000 0.991290000000 0.992320000000 0.992550000000 0.992210000000 0.647460000000 0.961570000000 0.985120000000 0.993150000000 0.985660000000 0.992280000000 0.992470000000 0.992110000000 0.991030000000 0.992860000000 0.991250000000 0.992650000000 0.991080000000 0.992210000000 0.992340000000 0.992180000000 0.988960000000 0.989830000000 0.992070000000 0.992280000000 0.990830000000 0.992410000000 0.992450000000 0.992260000000 0.991510000000 0.992420000000 0.992410000000 0.992190000000 0.992520000000 0.992150000000 0.991840000000 0.992170000000 0.991570000000 0.991740000000 0.993710000000 0.992490000000 0.991520000000 0.991990000000 0.991880000000 0.992180000000 0.994080000000 0.992450000000 0.991980000000 0.992270000000 0.991470000000 0.992170000000 0.992210000000 0.992180000000 0.991240000000 0.992130000000 0.992640000000 0.992110000000 0.992070000000 0.992210000000 0.992040000000 0.992190000000 0.991260000000 0.992030000000 0.992120000000 0.992180000000 0.992290000000 0.992180000000 0.992050000000 0.992190000000 

N_obs: 1000

File Format:
1- most to least reliable channels (taken entropies)
2- most to least reliable channels (taken error probabilities)
3- channels entropies (flipped)
4- channels error probabilities (flipped)
5- number of MontCarlo simulations
