511 510 509 508 507 506 505 504 503 502 501 500 499 498 497 496 495 494 493 492 491 490 489 488 487 486 485 484 483 482 481 479 478 477 476 475 474 473 472 471 470 469 468 467 466 465 463 462 461 460 459 457 455 447 446 445 444 443 442 441 440 439 438 437 436 435 431 430 429 427 423 415 414 413 411 407 399 383 382 381 380 379 378 377 375 374 373 371 367 366 365 363 359 351 319 255 254 253 251 247 239 458 434 454 428 349 453 350 422 347 426 425 451 412 410 419 433 376 406 409 370 421 250 364 343 318 362 372 405 361 403 398 249 369 317 358 456 480 246 452 397 464 348 357 245 315 432 450 243 223 252 395 335 449 424 420 355 346 238 345 418 417 237 408 342 391 311 404 341 368 235 248 402 360 401 244 316 191 396 339 222 334 356 242 231 221 314 394 303 333 448 354 241 236 313 393 344 127 219 310 331 353 416 234 287 390 340 190 215 309 233 189 389 327 207 63 159 338 187 95 230 111 175 400 119 307 183 123 125 302 220 126 229 387 31 301 337 332 227 271 299 218 295 240 312 279 47 283 143 286 285 79 217 55 59 392 199 330 61 87 214 151 213 211 167 103 15 203 155 62 91 157 205 93 329 107 206 171 179 115 188 352 109 94 158 173 117 308 181 185 186 110 174 182 121 118 326 232 122 323 325 263 124 388 39 71 23 135 305 306 29 291 27 7 30 275 267 228 300 269 297 51 293 385 386 75 43 270 139 225 298 83 195 226 147 294 163 336 99 277 281 278 45 46 77 141 282 78 142 57 284 53 216 197 209 259 54 201 58 35 67 85 19 149 153 11 89 131 101 165 105 198 169 60 3 210 86 177 113 212 150 102 202 90 166 154 156 204 14 13 92 106 170 321 328 178 114 108 172 180 116 184 289 265 273 261 25 120 324 322 49 37 69 41 73 21 81 137 145 133 193 97 161 304 262 257 33 17 65 9 5 129 28 1 38 70 134 22 290 268 292 296 26 266 274 276 384 280 224 6 44 50 76 140 52 56 74 42 146 138 82 196 194 200 98 84 162 148 208 100 88 164 152 168 104 176 112 320 264 12 288 272 260 258 24 34 48 66 18 36 40 72 68 136 20 80 10 144 132 130 160 192 96 256 16 32 8 64 2 4 128 0 

511 510 509 508 507 506 505 504 503 502 501 500 499 498 497 496 495 494 493 492 491 490 489 488 487 486 485 484 483 482 481 479 478 477 476 475 474 473 472 471 470 469 468 467 466 465 463 462 461 460 459 457 455 447 446 445 444 443 442 441 440 439 438 437 436 435 431 430 429 427 423 415 414 413 411 407 399 383 382 381 380 379 378 377 375 374 373 371 367 366 365 363 359 351 319 255 254 253 251 247 239 458 454 434 428 349 453 350 422 347 426 425 451 412 410 419 433 376 406 409 370 421 250 364 343 318 362 372 405 361 403 249 398 369 317 358 456 480 246 452 397 464 348 357 245 432 243 395 223 252 424 355 450 335 315 449 420 346 345 417 408 238 237 418 342 391 404 311 341 402 368 235 248 360 401 396 316 339 334 244 356 222 191 394 314 242 231 333 448 221 354 393 303 344 313 241 236 353 416 310 390 331 340 219 234 309 389 400 338 287 233 327 190 127 215 230 302 337 307 332 387 220 392 189 312 240 229 301 330 352 218 207 187 308 329 227 388 299 217 232 286 326 214 183 126 295 306 336 325 386 285 125 175 188 213 305 283 159 385 279 300 323 228 211 123 205 226 271 206 328 298 95 31 225 79 89 63 167 297 59 282 158 135 270 75 185 111 43 7 186 30 139 131 216 156 142 54 321 58 121 45 177 197 119 99 263 294 284 195 154 114 384 15 199 85 118 182 155 14 57 87 92 105 259 35 83 3 304 133 53 86 212 108 112 208 82 77 38 173 52 74 152 42 129 22 106 266 280 50 73 277 265 33 78 70 84 274 288 19 196 176 320 162 134 97 138 180 210 44 37 153 281 12 66 36 146 72 17 40 34 324 20 268 150 260 2 198 194 10 24 209 80 8 76 4 96 0 1 128 160 136 201 256 193 181 144 64 32 16 192 98 68 69 157 18 145 130 88 272 113 264 258 100 148 174 27 25 132 13 200 9 110 140 120 257 48 224 28 6 170 56 46 164 179 296 202 141 289 276 104 26 168 166 91 178 65 261 81 290 60 41 5 267 184 90 116 21 137 11 293 109 275 292 49 101 165 169 172 124 67 203 262 161 147 278 322 273 291 107 62 103 102 171 51 204 47 149 29 23 115 122 93 117 269 61 71 94 163 143 39 151 55 

0.000000000000 0.000000000000 0.000000000000 0.000000000000 0.000000000000 0.000000000000 0.000000000000 0.000000000000 0.000000000000 0.000000000000 0.000000000000 0.000000000000 0.000000000000 0.000000000000 0.000000000000 0.000000000000 0.000000000000 0.000000000000 0.000000000000 0.000000000000 0.000000000000 0.000000000000 0.000000000000 0.000000000000 0.000000000000 0.000000000000 0.000000000000 0.000000000000 0.000000000000 0.000000000000 0.000000000000 0.000000749630 0.000000000000 0.000000000000 0.000000000000 0.000000000000 0.000000000000 0.000000000000 0.000000000000 0.000000000000 0.000000000000 0.000000000000 0.000000000000 0.000000000000 0.000000000000 0.000000000000 0.000000000000 0.000020256000 0.000000000000 0.000000000000 0.000000000000 0.000000000000 0.000000000000 0.000000000000 0.000000000000 0.000000685820 0.000000000000 0.000000000000 0.000000000000 0.000007322100 0.000000000000 0.000049744000 0.000177710000 0.052082000000 0.000000000000 0.000000000000 0.000000000000 0.000000000000 0.000000000000 0.000000000000 0.000000000000 0.000000000000 0.000000000000 0.000000000000 0.000000000000 0.000000000000 0.000000000000 0.000000000000 0.000000000011 0.000044676000 0.000000000000 0.000000000000 0.000000000000 0.000000000000 0.000000000000 0.000000000000 0.000000000000 0.000202520000 0.000000000000 0.000000000000 0.000000001179 0.000271360000 0.000000000002 0.001008100000 0.001447800000 0.118840000000 0.000000000000 0.000000000000 0.000000000000 0.000000000000 0.000000000000 0.000000000001 0.000000000027 0.001772800000 0.000000000000 0.000000000024 0.000000053859 0.003141800000 0.000000072324 0.006279400000 0.011033000000 0.258330000000 0.000000000000 0.000000097008 0.000009917300 0.014755000000 0.000121130000 0.033405000000 0.062878000000 0.468910000000 0.001978300000 0.125380000000 0.204320000000 0.657600000000 0.326340000000 0.767550000000 0.767100000000 0.968930000000 0.000000000000 0.000000000000 0.000000000000 0.000000000000 0.000000000000 0.000000000000 0.000000000000 0.000000000016 0.000000000000 0.000000000000 0.000000000000 0.000000049927 0.000000000000 0.000000000327 0.000000186130 0.004841500000 0.000000000000 0.000000000000 0.000000000000 0.000000012105 0.000000000000 0.000000035990 0.000000070987 0.009787100000 0.000000000000 0.000000570820 0.000030149000 0.023017000000 0.000351210000 0.058409000000 0.109370000000 0.565390000000 0.000000000000 0.000000000000 0.000000000000 0.000023605000 0.000000000000 0.000448490000 0.000574210000 0.070283000000 0.000000015869 0.001890300000 0.003833600000 0.128990000000 0.016430000000 0.235820000000 0.336160000000 0.780060000000 0.000133460000 0.018208000000 0.039203000000 0.337430000000 0.106520000000 0.480720000000 0.542210000000 0.892820000000 0.205370000000 0.613120000000 0.631200000000 0.924500000000 0.622890000000 0.926070000000 0.890430000000 0.992450000000 0.000000000000 0.000000030900 0.000000288210 0.013387000000 0.000040478000 0.033393000000 0.061392000000 0.398260000000 0.002988300000 0.096680000000 0.162590000000 0.580370000000 0.261720000000 0.681000000000 0.680000000000 0.945080000000 0.038029000000 0.269360000000 0.334240000000 0.745440000000 0.379010000000 0.773000000000 0.758000000000 0.964360000000 0.390270000000 0.779300000000 0.765180000000 0.963950000000 0.715790000000 0.961570000000 0.916900000000 0.996370000000 0.123100000000 0.424000000000 0.425810000000 0.817620000000 0.419660000000 0.810050000000 0.784460000000 0.969690000000 0.414200000000 0.799120000000 0.784090000000 0.968370000000 0.726770000000 0.966210000000 0.919080000000 0.996460000000 0.369080000000 0.770510000000 0.755790000000 0.962760000000 0.727500000000 0.965970000000 0.918910000000 0.996290000000 0.646970000000 0.945190000000 0.919400000000 0.996720000000 0.836770000000 0.996770000000 0.947290000000 0.999770000000 0.000000000000 0.000000000000 0.000000000000 0.000109940000 0.000000000000 0.000000002165 0.000000099533 0.005974100000 0.000000000000 0.000001283300 0.000031083000 0.013103000000 0.000066946000 0.027303000000 0.059685000000 0.390870000000 0.000000000000 0.000521810000 0.001458400000 0.060031000000 0.004858800000 0.121320000000 0.190730000000 0.613250000000 0.028289000000 0.250670000000 0.320910000000 0.742280000000 0.364530000000 0.774640000000 0.771970000000 0.969880000000 0.000100320000 0.016820000000 0.031743000000 0.272040000000 0.086474000000 0.384010000000 0.433610000000 0.828970000000 0.161910000000 0.491770000000 0.497320000000 0.866750000000 0.497620000000 0.860760000000 0.834600000000 0.982360000000 0.212490000000 0.546090000000 0.534220000000 0.881460000000 0.513760000000 0.869480000000 0.838690000000 0.981340000000 0.474760000000 0.854430000000 0.834310000000 0.980660000000 0.773860000000 0.980800000000 0.932260000000 0.998430000000 0.013776000000 0.146580000000 0.196120000000 0.561120000000 0.236950000000 0.592410000000 0.585000000000 0.911020000000 0.263220000000 0.605320000000 0.581660000000 0.902120000000 0.554060000000 0.894660000000 0.862540000000 0.987200000000 0.253950000000 0.595130000000 0.573020000000 0.900610000000 0.547470000000 0.889400000000 0.855410000000 0.984380000000 0.501250000000 0.871830000000 0.847760000000 0.982950000000 0.779970000000 0.981960000000 0.932760000000 0.998360000000 0.234880000000 0.570460000000 0.533050000000 0.880860000000 0.517620000000 0.874270000000 0.843170000000 0.983140000000 0.495430000000 0.866810000000 0.842890000000 0.982090000000 0.774700000000 0.979790000000 0.930390000000 0.998030000000 0.423800000000 0.814040000000 0.808660000000 0.976080000000 0.771180000000 0.980060000000 0.930350000000 0.997910000000 0.669400000000 0.956370000000 0.930700000000 0.998060000000 0.844420000000 0.998110000000 0.949150000000 0.999860000000 0.083312000000 0.282270000000 0.265860000000 0.655200000000 0.265030000000 0.618370000000 0.607680000000 0.921440000000 0.260510000000 0.608930000000 0.579130000000 0.903610000000 0.555540000000 0.897570000000 0.863640000000 0.987390000000 0.253200000000 0.592840000000 0.566810000000 0.899080000000 0.542240000000 0.888730000000 0.852370000000 0.984500000000 0.505430000000 0.867530000000 0.845980000000 0.982720000000 0.780570000000 0.981760000000 0.932560000000 0.998450000000 0.240540000000 0.569440000000 0.540340000000 0.887580000000 0.521270000000 0.869960000000 0.843960000000 0.982870000000 0.487340000000 0.861930000000 0.842090000000 0.981820000000 0.773080000000 0.980260000000 0.930330000000 0.997990000000 0.427260000000 0.812770000000 0.807730000000 0.975580000000 0.769350000000 0.978990000000 0.929580000000 0.997800000000 0.664470000000 0.954970000000 0.928850000000 0.997830000000 0.841710000000 0.997680000000 0.948400000000 0.999820000000 0.219760000000 0.518860000000 0.484710000000 0.856750000000 0.463120000000 0.839810000000 0.816470000000 0.977190000000 0.457450000000 0.837720000000 0.818400000000 0.976910000000 0.758670000000 0.975560000000 0.926810000000 0.997570000000 0.418730000000 0.806170000000 0.803970000000 0.975130000000 0.769620000000 0.979300000000 0.929140000000 0.997740000000 0.663270000000 0.954700000000 0.928080000000 0.997730000000 0.841070000000 0.997530000000 0.947820000000 0.999790000000 0.334140000000 0.725790000000 0.713010000000 0.950050000000 0.718010000000 0.964790000000 0.921410000000 0.997050000000 0.664480000000 0.956380000000 0.930010000000 0.997940000000 0.842210000000 0.997690000000 0.947960000000 0.999790000000 0.511150000000 0.884130000000 0.884860000000 0.996360000000 0.843500000000 0.998020000000 0.948610000000 0.999820000000 0.721510000000 0.971090000000 0.948880000000 0.999840000000 0.857170000000 0.999830000000 0.953020000000 0.999990000000 

0.000000000000 0.000000000000 0.000000000000 0.000000000000 0.000000000000 0.000000000000 0.000000000000 0.000000000000 0.000000000000 0.000000000000 0.000000000000 0.000000000000 0.000000000000 0.000000000000 0.000000000000 0.000000000000 0.000000000000 0.000000000000 0.000000000000 0.000000000000 0.000000000000 0.000000000000 0.000000000000 0.000000000000 0.000000000000 0.000000000000 0.000000000000 0.000000000000 0.000000000000 0.000000000000 0.000000000000 0.000000381210 0.000000000000 0.000000000000 0.000000000000 0.000000000000 0.000000000000 0.000000000000 0.000000000000 0.000000000000 0.000000000000 0.000000000000 0.000000000000 0.000000000000 0.000000000000 0.000000000000 0.000000000000 0.000015257000 0.000000000000 0.000000000000 0.000000000000 0.000000000000 0.000000000000 0.000000000000 0.000000000000 0.000000300100 0.000000000000 0.000000000000 0.000000000000 0.000004301300 0.000000000000 0.000960410000 0.001044700000 0.113290000000 0.000000000000 0.000000000000 0.000000000000 0.000000000000 0.000000000000 0.000000000000 0.000000000000 0.000000000000 0.000000000000 0.000000000000 0.000000000000 0.000000000000 0.000000000000 0.000000000000 0.000000000002 0.000041724000 0.000000000000 0.000000000000 0.000000000000 0.000000000000 0.000000000000 0.000000000000 0.000000000000 0.000280090000 0.000000000000 0.000000000000 0.000000000351 0.001253200000 0.000000000000 0.004787300000 0.003362700000 0.245690000000 0.000000000000 0.000000000000 0.000000000000 0.000000000000 0.000000000000 0.000000000000 0.000000000006 0.003726900000 0.000000000000 0.000000000005 0.000000021158 0.008286400000 0.000000027682 0.014269000000 0.026216000000 0.462380000000 0.000000000000 0.000000038840 0.000007405500 0.033558000000 0.000091013000 0.074812000000 0.136980000000 0.723790000000 0.007011500000 0.261100000000 0.417720000000 0.900430000000 0.660270000000 0.966730000000 0.980440000000 0.991810000000 0.000000000000 0.000000000000 0.000000000000 0.000000000000 0.000000000000 0.000000000000 0.000000000000 0.000000000003 0.000000000000 0.000000000000 0.000000000000 0.000000020481 0.000000000000 0.000000000088 0.000000078463 0.016305000000 0.000000000000 0.000000000000 0.000000000000 0.000000004286 0.000000000000 0.000000013634 0.000000027346 0.021470000000 0.000000000000 0.000000252830 0.000027467000 0.051706000000 0.000528740000 0.124290000000 0.238040000000 0.825920000000 0.000000000000 0.000000000000 0.000000000000 0.000018218000 0.000000000000 0.001285000000 0.001694800000 0.158150000000 0.000000005670 0.005454900000 0.011757000000 0.278470000000 0.044083000000 0.473410000000 0.640030000000 0.963320000000 0.000977000000 0.047374000000 0.103800000000 0.649060000000 0.272560000000 0.799300000000 0.892450000000 0.989320000000 0.548720000000 0.937370000000 0.965130000000 0.992170000000 0.983240000000 0.992660000000 0.991620000000 0.992120000000 0.000000000000 0.000000010055 0.000000122710 0.037686000000 0.001004900000 0.083075000000 0.161820000000 0.745660000000 0.010509000000 0.258790000000 0.410660000000 0.888740000000 0.642550000000 0.959520000000 0.975690000000 0.991970000000 0.137990000000 0.639700000000 0.798740000000 0.983000000000 0.904020000000 0.989760000000 0.990660000000 0.992310000000 0.957880000000 0.991760000000 0.992470000000 0.992490000000 0.992710000000 0.992390000000 0.992320000000 0.992110000000 0.494070000000 0.931090000000 0.967930000000 0.991770000000 0.978770000000 0.990840000000 0.992160000000 0.992080000000 0.982940000000 0.992650000000 0.992090000000 0.992330000000 0.992480000000 0.992110000000 0.992680000000 0.992230000000 0.988490000000 0.990990000000 0.993380000000 0.992170000000 0.992410000000 0.992070000000 0.992090000000 0.992230000000 0.991720000000 0.992610000000 0.992380000000 0.992180000000 0.991960000000 0.992230000000 0.992270000000 0.992190000000 0.000000000000 0.000000000000 0.000000000000 0.000208980000 0.000000000000 0.000000000670 0.000000037670 0.020636000000 0.000000000000 0.000000618920 0.000028824000 0.047392000000 0.000057820000 0.083985000000 0.177210000000 0.753890000000 0.000000000000 0.003755000000 0.004197800000 0.181510000000 0.020454000000 0.323030000000 0.513660000000 0.929020000000 0.092962000000 0.631560000000 0.786070000000 0.983410000000 0.899330000000 0.987610000000 0.990240000000 0.992290000000 0.000189680000 0.055684000000 0.116140000000 0.667770000000 0.302730000000 0.842170000000 0.919760000000 0.991470000000 0.585200000000 0.945240000000 0.975370000000 0.992000000000 0.983830000000 0.992150000000 0.992180000000 0.992040000000 0.844430000000 0.989100000000 0.986470000000 0.992900000000 0.992580000000 0.992320000000 0.992190000000 0.992260000000 0.991830000000 0.992180000000 0.991700000000 0.992110000000 0.991780000000 0.992180000000 0.992190000000 0.992200000000 0.068585000000 0.557600000000 0.737790000000 0.974670000000 0.882390000000 0.991350000000 0.991030000000 0.992420000000 0.947720000000 0.991880000000 0.992190000000 0.992150000000 0.992310000000 0.992380000000 0.991690000000 0.992120000000 0.972550000000 0.992230000000 0.992050000000 0.992550000000 0.992880000000 0.992290000000 0.992540000000 0.992360000000 0.990640000000 0.992380000000 0.992510000000 0.992300000000 0.993440000000 0.992130000000 0.992620000000 0.992190000000 0.979210000000 0.990900000000 0.992210000000 0.991560000000 0.991880000000 0.991780000000 0.992160000000 0.992060000000 0.993610000000 0.992180000000 0.992970000000 0.992230000000 0.992630000000 0.992160000000 0.992210000000 0.992190000000 0.993530000000 0.991600000000 0.992320000000 0.992260000000 0.991360000000 0.992140000000 0.992460000000 0.992190000000 0.990970000000 0.992130000000 0.991970000000 0.992240000000 0.991410000000 0.992220000000 0.992070000000 0.992190000000 0.567440000000 0.949150000000 0.971150000000 0.992560000000 0.983990000000 0.993050000000 0.991660000000 0.992260000000 0.991710000000 0.991880000000 0.993330000000 0.992450000000 0.993030000000 0.991800000000 0.992230000000 0.992030000000 0.991140000000 0.992260000000 0.992480000000 0.992030000000 0.992730000000 0.992070000000 0.991940000000 0.992330000000 0.992820000000 0.992870000000 0.992500000000 0.992230000000 0.991710000000 0.992210000000 0.992140000000 0.992190000000 0.989760000000 0.993420000000 0.993130000000 0.991930000000 0.992380000000 0.992440000000 0.990450000000 0.992220000000 0.991920000000 0.991980000000 0.991830000000 0.992100000000 0.991970000000 0.992040000000 0.992390000000 0.992180000000 0.990410000000 0.992100000000 0.992040000000 0.992190000000 0.991000000000 0.992060000000 0.992090000000 0.992170000000 0.993390000000 0.992100000000 0.992210000000 0.992210000000 0.992570000000 0.992160000000 0.992380000000 0.992200000000 0.990540000000 0.992740000000 0.993380000000 0.992390000000 0.990820000000 0.991650000000 0.991900000000 0.992290000000 0.995190000000 0.991600000000 0.991980000000 0.992060000000 0.992890000000 0.992080000000 0.992490000000 0.992280000000 0.992920000000 0.992290000000 0.991660000000 0.992150000000 0.991220000000 0.992060000000 0.992410000000 0.992170000000 0.993600000000 0.992050000000 0.992150000000 0.992160000000 0.991960000000 0.992170000000 0.992090000000 0.992200000000 0.990160000000 0.991360000000 0.993010000000 0.992290000000 0.992230000000 0.992340000000 0.992240000000 0.992180000000 0.993020000000 0.992070000000 0.992460000000 0.992170000000 0.992110000000 0.992210000000 0.992170000000 0.992200000000 0.991820000000 0.991890000000 0.992260000000 0.992160000000 0.992470000000 0.992180000000 0.992260000000 0.992180000000 0.991310000000 0.992290000000 0.992410000000 0.992190000000 0.991970000000 0.992180000000 0.992190000000 0.992190000000 

N_obs: 1000

File Format:
1- most to least reliable channels (taken entropies)
2- most to least reliable channels (taken error probabilities)
3- channels entropies (flipped)
4- channels error probabilities (flipped)
5- number of MontCarlo simulations
