511 510 509 508 507 506 505 504 503 502 501 500 499 498 497 495 494 493 492 491 490 489 487 486 485 483 479 478 477 476 475 474 473 471 463 447 446 445 443 439 383 431 470 469 462 467 461 442 382 381 444 415 459 441 438 379 488 455 484 482 430 496 435 468 472 481 429 437 375 466 255 465 427 460 458 380 440 457 378 414 367 436 454 434 377 423 413 254 453 480 374 433 428 253 411 373 464 351 426 451 251 371 366 319 425 127 407 456 247 191 239 223 365 376 422 399 63 412 363 252 95 287 159 421 111 359 452 119 123 350 335 303 175 207 343 311 125 349 31 315 183 250 347 432 410 317 215 372 249 187 231 126 318 189 219 419 243 245 235 221 237 190 246 238 222 409 79 47 271 143 450 370 55 59 406 61 15 391 369 403 405 62 103 449 395 87 279 295 327 151 167 424 199 397 398 364 283 91 93 155 285 115 157 94 107 355 286 331 299 339 361 158 307 362 117 109 357 179 171 110 203 301 71 39 121 333 211 23 135 358 263 118 227 173 334 309 205 302 122 341 7 313 206 181 345 174 310 29 342 185 346 213 314 420 30 27 182 124 348 229 217 233 186 214 230 316 241 234 218 188 248 242 417 387 51 244 220 418 236 99 83 75 43 291 275 139 267 147 323 163 195 57 408 67 35 19 11 131 259 46 77 45 270 78 142 3 401 269 141 393 389 53 58 60 54 13 89 281 101 390 402 368 404 105 153 14 113 85 293 277 325 329 149 353 297 165 337 305 169 394 197 201 177 209 396 448 102 225 86 278 294 326 150 92 284 166 156 282 90 198 114 154 25 106 49 385 108 354 69 37 73 81 41 116 97 360 273 21 145 289 137 356 265 133 161 261 321 332 193 298 330 338 300 306 120 308 172 170 33 17 65 9 5 129 257 178 340 202 204 1 210 180 312 28 344 212 226 184 228 216 70 232 38 22 134 262 240 6 416 26 56 400 52 392 76 44 388 386 50 140 268 98 74 82 42 280 100 88 290 274 104 146 152 138 84 276 112 266 292 322 162 296 328 148 324 164 168 352 336 304 194 200 196 176 208 224 12 24 48 34 384 72 66 40 36 18 80 68 96 272 136 20 10 144 264 130 288 132 260 258 160 320 192 16 32 8 64 2 4 128 256 0 

511 510 509 508 507 506 505 504 503 502 501 500 499 498 497 495 494 493 492 491 490 489 487 486 485 483 479 478 477 476 475 474 473 471 463 447 446 445 443 439 383 431 470 469 462 467 461 442 382 381 444 415 459 441 438 379 488 455 484 482 430 496 468 435 481 472 429 465 437 466 375 460 427 255 458 440 457 380 436 414 378 454 367 434 423 413 377 453 480 433 428 254 374 464 426 411 373 451 253 425 456 351 371 366 422 407 412 251 376 452 365 432 421 410 372 319 399 450 252 363 419 247 409 350 424 370 449 406 250 359 349 239 369 364 405 249 420 223 347 403 318 398 418 191 246 362 317 335 408 245 311 361 397 343 238 243 59 417 15 448 79 207 231 357 119 189 283 109 31 125 91 143 206 61 237 395 348 286 303 404 391 368 315 122 93 221 110 99 331 345 3 87 313 83 179 78 305 45 299 205 63 393 358 275 101 60 149 97 85 244 39 295 269 282 29 195 270 242 394 337 102 62 198 387 353 187 316 118 225 294 300 33 204 327 43 53 229 232 230 325 141 314 135 51 69 334 126 178 166 197 41 216 310 113 338 209 211 37 360 172 330 190 86 355 321 392 184 278 290 326 6 273 84 92 292 324 352 227 26 82 17 356 100 65 285 70 138 296 208 133 200 384 56 328 105 152 158 281 241 10 28 322 48 72 320 298 194 196 19 144 284 342 312 27 68 192 23 80 22 24 226 36 20 293 12 130 260 57 132 136 333 4 8 0 272 32 224 66 64 264 256 16 112 258 176 40 177 2 266 160 276 128 104 18 117 288 34 76 96 162 116 274 88 148 289 388 268 400 401 146 228 38 137 261 164 13 180 386 73 336 52 240 297 233 121 98 74 390 304 139 58 140 154 168 129 50 120 344 21 127 219 7 165 114 142 280 308 42 25 212 183 332 185 389 14 262 134 156 9 416 323 124 182 145 161 174 107 5 210 106 81 1 340 306 90 44 201 218 354 147 265 259 49 54 163 202 153 214 277 186 213 199 108 263 193 169 77 309 279 257 46 291 35 103 89 67 234 402 150 171 75 271 131 170 181 339 155 188 217 248 236 287 267 329 385 55 301 11 396 167 220 71 302 111 151 157 94 307 341 115 159 30 222 346 95 215 203 175 173 235 123 47 

0.000000000000 0.000000000000 0.000000000000 0.000000000000 0.000000000000 0.000000000000 0.000000000000 0.000000000000 0.000000000000 0.000000000000 0.000000000000 0.000000000000 0.000000000000 0.000000000000 0.000000000000 0.000009033200 0.000000000000 0.000000000000 0.000000000000 0.000000000000 0.000000000000 0.000000000000 0.000000000000 0.000000654780 0.000000000000 0.000000000000 0.000000000000 0.000003609800 0.000000000000 0.000004999200 0.000023237000 0.031857000000 0.000000000000 0.000000000000 0.000000000000 0.000000000000 0.000000000000 0.000000000000 0.000000000000 0.000021461000 0.000000000000 0.000000000000 0.000000000000 0.000019059000 0.000000000000 0.000390280000 0.000600930000 0.074027000000 0.000000000000 0.000000000000 0.000000000002 0.001341600000 0.000000003402 0.001640800000 0.003701500000 0.163130000000 0.000001970800 0.012040000000 0.024643000000 0.322550000000 0.086391000000 0.487120000000 0.578010000000 0.912050000000 0.000000000000 0.000000000000 0.000000000000 0.000000000424 0.000000000000 0.000000000005 0.000000004513 0.003542800000 0.000000000000 0.000000016525 0.000084760000 0.010048000000 0.000016331000 0.015633000000 0.035947000000 0.373240000000 0.000000000000 0.000008707900 0.000035822000 0.042121000000 0.001026600000 0.081857000000 0.149480000000 0.599110000000 0.016482000000 0.217050000000 0.313390000000 0.749760000000 0.396880000000 0.809220000000 0.797670000000 0.974700000000 0.000000002296 0.007420300000 0.016780000000 0.238620000000 0.060913000000 0.374260000000 0.460000000000 0.845660000000 0.158590000000 0.527920000000 0.552850000000 0.893220000000 0.552770000000 0.892270000000 0.860340000000 0.986440000000 0.234420000000 0.607130000000 0.603500000000 0.910900000000 0.578100000000 0.905810000000 0.868830000000 0.987680000000 0.536610000000 0.891970000000 0.869000000000 0.987870000000 0.801250000000 0.988190000000 0.938160000000 0.999060000000 0.000000000000 0.000000000053 0.000000000344 0.003351900000 0.000000358930 0.005947400000 0.015930000000 0.215340000000 0.000171590000 0.033710000000 0.062322000000 0.377280000000 0.136040000000 0.504010000000 0.543850000000 0.893130000000 0.009179000000 0.143910000000 0.212460000000 0.617690000000 0.276920000000 0.676480000000 0.669130000000 0.940950000000 0.322220000000 0.702930000000 0.683080000000 0.941720000000 0.651840000000 0.938590000000 0.899600000000 0.993850000000 0.074992000000 0.332590000000 0.356380000000 0.755840000000 0.366710000000 0.743750000000 0.730390000000 0.957310000000 0.350050000000 0.742050000000 0.721900000000 0.951990000000 0.667780000000 0.945020000000 0.903590000000 0.994210000000 0.337240000000 0.713270000000 0.697670000000 0.944020000000 0.663830000000 0.944230000000 0.899180000000 0.992930000000 0.592310000000 0.922280000000 0.897620000000 0.993160000000 0.819520000000 0.992790000000 0.943050000000 0.999440000000 0.145990000000 0.390990000000 0.374470000000 0.775380000000 0.357630000000 0.746810000000 0.728080000000 0.957050000000 0.355140000000 0.735240000000 0.713810000000 0.949450000000 0.673470000000 0.946020000000 0.903960000000 0.994230000000 0.337670000000 0.719320000000 0.693650000000 0.945530000000 0.665130000000 0.944180000000 0.899920000000 0.992900000000 0.586570000000 0.921110000000 0.895900000000 0.992750000000 0.816530000000 0.991910000000 0.941420000000 0.999310000000 0.295210000000 0.654150000000 0.637680000000 0.925890000000 0.623840000000 0.929880000000 0.890270000000 0.991580000000 0.584780000000 0.921020000000 0.896220000000 0.992620000000 0.817100000000 0.991930000000 0.941180000000 0.999240000000 0.472450000000 0.857450000000 0.861000000000 0.989140000000 0.818120000000 0.992720000000 0.941880000000 0.999280000000 0.703040000000 0.967230000000 0.942450000000 0.999370000000 0.852540000000 0.999380000000 0.951450000000 0.999950000000 0.000528180000 0.023498000000 0.052323000000 0.280900000000 0.105200000000 0.363920000000 0.381280000000 0.791310000000 0.169810000000 0.433850000000 0.406290000000 0.805600000000 0.399120000000 0.792710000000 0.779350000000 0.971360000000 0.180050000000 0.448450000000 0.420420000000 0.810320000000 0.410850000000 0.783050000000 0.763730000000 0.965910000000 0.389990000000 0.773860000000 0.755990000000 0.961400000000 0.710140000000 0.960590000000 0.915970000000 0.996310000000 0.183590000000 0.449310000000 0.417940000000 0.807210000000 0.394270000000 0.783880000000 0.761860000000 0.965380000000 0.376800000000 0.770320000000 0.746680000000 0.957730000000 0.698020000000 0.954410000000 0.909090000000 0.995060000000 0.349490000000 0.728250000000 0.715510000000 0.952910000000 0.693080000000 0.952600000000 0.907010000000 0.994350000000 0.602790000000 0.930090000000 0.906160000000 0.994470000000 0.825820000000 0.994310000000 0.944170000000 0.999550000000 0.173530000000 0.424720000000 0.393640000000 0.785350000000 0.383690000000 0.763840000000 0.743540000000 0.960870000000 0.362600000000 0.751210000000 0.730220000000 0.954720000000 0.683130000000 0.951570000000 0.907590000000 0.994790000000 0.347380000000 0.733570000000 0.710350000000 0.950140000000 0.686150000000 0.950310000000 0.904550000000 0.993800000000 0.598580000000 0.926470000000 0.900330000000 0.993380000000 0.820400000000 0.992830000000 0.942390000000 0.999390000000 0.296480000000 0.672220000000 0.647560000000 0.928920000000 0.636560000000 0.934580000000 0.893700000000 0.992300000000 0.595690000000 0.922570000000 0.899440000000 0.993120000000 0.818990000000 0.992240000000 0.941270000000 0.999260000000 0.483890000000 0.859450000000 0.861230000000 0.988840000000 0.817600000000 0.992480000000 0.941620000000 0.999250000000 0.700710000000 0.967010000000 0.942000000000 0.999340000000 0.852490000000 0.999300000000 0.951350000000 0.999950000000 0.153650000000 0.390820000000 0.355800000000 0.754000000000 0.332020000000 0.720200000000 0.697110000000 0.949060000000 0.328310000000 0.704600000000 0.678820000000 0.940880000000 0.637980000000 0.933690000000 0.893890000000 0.992690000000 0.318330000000 0.689310000000 0.678840000000 0.938560000000 0.649760000000 0.936790000000 0.893660000000 0.991940000000 0.575950000000 0.913770000000 0.890880000000 0.991600000000 0.814220000000 0.991190000000 0.940940000000 0.999230000000 0.282740000000 0.647950000000 0.633370000000 0.924370000000 0.628290000000 0.930050000000 0.889750000000 0.991620000000 0.583690000000 0.920380000000 0.895370000000 0.992550000000 0.814490000000 0.991520000000 0.940600000000 0.999170000000 0.471940000000 0.857970000000 0.856400000000 0.987690000000 0.814900000000 0.991300000000 0.940540000000 0.999090000000 0.694560000000 0.965780000000 0.940330000000 0.999190000000 0.850570000000 0.999120000000 0.950920000000 0.999930000000 0.237530000000 0.558980000000 0.528520000000 0.880560000000 0.526580000000 0.879170000000 0.844860000000 0.983240000000 0.523590000000 0.885750000000 0.869220000000 0.987640000000 0.802280000000 0.988440000000 0.937790000000 0.998960000000 0.472130000000 0.853030000000 0.856940000000 0.987790000000 0.816270000000 0.991540000000 0.940740000000 0.999120000000 0.696730000000 0.966050000000 0.940360000000 0.999130000000 0.850990000000 0.999040000000 0.950590000000 0.999920000000 0.357370000000 0.749800000000 0.739120000000 0.957150000000 0.751110000000 0.979600000000 0.935770000000 0.998830000000 0.698390000000 0.966590000000 0.941260000000 0.999250000000 0.851110000000 0.999140000000 0.950690000000 0.999920000000 0.529520000000 0.893800000000 0.887250000000 0.998580000000 0.851360000000 0.999250000000 0.950930000000 0.999930000000 0.725370000000 0.971650000000 0.951040000000 0.999940000000 0.859610000000 0.999940000000 0.953210000000 1.000000000000 

0.000000000000 0.000000000000 0.000000000000 0.000000000000 0.000000000000 0.000000000000 0.000000000000 0.000000000000 0.000000000000 0.000000000000 0.000000000000 0.000000000000 0.000000000000 0.000000000000 0.000000000000 0.000007366600 0.000000000000 0.000000000000 0.000000000000 0.000000000000 0.000000000000 0.000000000000 0.000000000000 0.000000333290 0.000000000000 0.000000000000 0.000000000000 0.000002389200 0.000000000000 0.000002728900 0.000015559000 0.075113000000 0.000000000000 0.000000000000 0.000000000000 0.000000000000 0.000000000000 0.000000000000 0.000000000000 0.000016699000 0.000000000000 0.000000000000 0.000000000000 0.000012065000 0.000000000000 0.000997070000 0.000754990000 0.160680000000 0.000000000000 0.000000000000 0.000000000000 0.002360900000 0.000000001121 0.005781200000 0.010228000000 0.323060000000 0.000001108600 0.029162000000 0.052663000000 0.556270000000 0.201060000000 0.769330000000 0.881190000000 0.989810000000 0.000000000000 0.000000000000 0.000000000000 0.000000000117 0.000000000000 0.000000000001 0.000000001420 0.009740100000 0.000000000000 0.000000005658 0.000856570000 0.022847000000 0.000014346000 0.037014000000 0.087462000000 0.636800000000 0.000000000000 0.000005095900 0.000026124000 0.105460000000 0.003006700000 0.175530000000 0.321550000000 0.877610000000 0.041029000000 0.465850000000 0.647650000000 0.961840000000 0.816720000000 0.981940000000 0.989480000000 0.992360000000 0.000000000645 0.023405000000 0.048118000000 0.508830000000 0.182120000000 0.729580000000 0.843760000000 0.986340000000 0.496140000000 0.917450000000 0.955780000000 0.991140000000 0.978150000000 0.992590000000 0.992230000000 0.992220000000 0.760460000000 0.978490000000 0.988530000000 0.992850000000 0.991030000000 0.991810000000 0.991630000000 0.992080000000 0.991190000000 0.992260000000 0.992330000000 0.992210000000 0.991840000000 0.992240000000 0.992740000000 0.992140000000 0.000000000000 0.000000000013 0.000000000093 0.010898000000 0.000000173000 0.027441000000 0.048202000000 0.528530000000 0.002014600000 0.108690000000 0.186700000000 0.737390000000 0.391840000000 0.880670000000 0.941700000000 0.991210000000 0.034076000000 0.429750000000 0.603300000000 0.954700000000 0.790880000000 0.984380000000 0.987980000000 0.992030000000 0.930450000000 0.991640000000 0.990390000000 0.992110000000 0.992050000000 0.992420000000 0.991840000000 0.992100000000 0.334970000000 0.857690000000 0.937550000000 0.991030000000 0.974490000000 0.993500000000 0.991390000000 0.992290000000 0.988550000000 0.992170000000 0.993240000000 0.992400000000 0.992670000000 0.992030000000 0.991810000000 0.992240000000 0.985490000000 0.991930000000 0.992180000000 0.992330000000 0.991380000000 0.992040000000 0.992730000000 0.992140000000 0.991870000000 0.992090000000 0.991890000000 0.992100000000 0.992360000000 0.992150000000 0.992050000000 0.992150000000 0.757970000000 0.978340000000 0.985280000000 0.991850000000 0.991220000000 0.991910000000 0.991430000000 0.992170000000 0.987920000000 0.992020000000 0.992510000000 0.992310000000 0.993210000000 0.992410000000 0.991540000000 0.992260000000 0.991120000000 0.993090000000 0.992760000000 0.991870000000 0.991590000000 0.992150000000 0.992250000000 0.992130000000 0.991760000000 0.991870000000 0.992180000000 0.992100000000 0.992550000000 0.992090000000 0.992210000000 0.992200000000 0.992710000000 0.991110000000 0.992120000000 0.992170000000 0.990660000000 0.991780000000 0.992140000000 0.992310000000 0.992510000000 0.992090000000 0.992460000000 0.992200000000 0.991650000000 0.992210000000 0.992100000000 0.992190000000 0.992650000000 0.991800000000 0.991780000000 0.992210000000 0.992710000000 0.992190000000 0.992430000000 0.992190000000 0.992500000000 0.992330000000 0.992240000000 0.992180000000 0.992440000000 0.992190000000 0.992520000000 0.992190000000 0.003267000000 0.107820000000 0.243600000000 0.790620000000 0.526950000000 0.926300000000 0.956970000000 0.992700000000 0.826090000000 0.982520000000 0.986850000000 0.991740000000 0.989280000000 0.991800000000 0.992150000000 0.992250000000 0.937880000000 0.988870000000 0.990990000000 0.992710000000 0.993950000000 0.992580000000 0.992250000000 0.991890000000 0.990140000000 0.991890000000 0.991890000000 0.992230000000 0.992110000000 0.992170000000 0.991860000000 0.992190000000 0.973320000000 0.993500000000 0.991270000000 0.992940000000 0.992300000000 0.992420000000 0.992700000000 0.992010000000 0.993690000000 0.992460000000 0.992470000000 0.992320000000 0.992030000000 0.992380000000 0.992030000000 0.992130000000 0.989930000000 0.990880000000 0.991600000000 0.991870000000 0.993800000000 0.992450000000 0.992420000000 0.992130000000 0.992480000000 0.991830000000 0.992000000000 0.992160000000 0.991800000000 0.992160000000 0.992500000000 0.992170000000 0.982250000000 0.992040000000 0.990560000000 0.992690000000 0.991840000000 0.992470000000 0.992330000000 0.992080000000 0.992320000000 0.992360000000 0.992670000000 0.992240000000 0.991490000000 0.991960000000 0.992190000000 0.992190000000 0.993900000000 0.992370000000 0.993910000000 0.992030000000 0.992630000000 0.992670000000 0.992500000000 0.992270000000 0.992920000000 0.991980000000 0.992300000000 0.992240000000 0.992450000000 0.992210000000 0.992370000000 0.992190000000 0.993380000000 0.992140000000 0.993110000000 0.992340000000 0.992690000000 0.992270000000 0.992460000000 0.992140000000 0.993110000000 0.992600000000 0.991710000000 0.992210000000 0.992430000000 0.992230000000 0.992360000000 0.992160000000 0.990850000000 0.992300000000 0.991900000000 0.992270000000 0.992260000000 0.992120000000 0.992230000000 0.992180000000 0.991910000000 0.992340000000 0.992130000000 0.992180000000 0.992660000000 0.992180000000 0.992280000000 0.992200000000 0.992290000000 0.991940000000 0.990810000000 0.992360000000 0.994830000000 0.991220000000 0.992250000000 0.992280000000 0.990550000000 0.991850000000 0.992200000000 0.992210000000 0.993320000000 0.992300000000 0.992020000000 0.992190000000 0.993100000000 0.991330000000 0.990700000000 0.992490000000 0.992370000000 0.992380000000 0.992140000000 0.992200000000 0.992560000000 0.991810000000 0.991680000000 0.992120000000 0.991340000000 0.992260000000 0.991710000000 0.992210000000 0.993510000000 0.993180000000 0.991230000000 0.992100000000 0.990840000000 0.992410000000 0.992570000000 0.992210000000 0.991420000000 0.992050000000 0.991720000000 0.992100000000 0.991450000000 0.992110000000 0.992390000000 0.992170000000 0.989890000000 0.991530000000 0.992500000000 0.992200000000 0.992630000000 0.992260000000 0.992240000000 0.992150000000 0.993030000000 0.992120000000 0.991920000000 0.992170000000 0.992570000000 0.992190000000 0.992120000000 0.992190000000 0.991620000000 0.991830000000 0.990960000000 0.991700000000 0.989430000000 0.992260000000 0.992180000000 0.992140000000 0.992750000000 0.992450000000 0.991880000000 0.992240000000 0.991920000000 0.992280000000 0.992440000000 0.992150000000 0.994850000000 0.992530000000 0.991570000000 0.992420000000 0.991880000000 0.992310000000 0.992000000000 0.992190000000 0.991760000000 0.992230000000 0.992030000000 0.992170000000 0.992560000000 0.992200000000 0.991870000000 0.992190000000 0.990780000000 0.993500000000 0.991780000000 0.992150000000 0.992170000000 0.992110000000 0.992320000000 0.992170000000 0.992170000000 0.992170000000 0.992290000000 0.992170000000 0.992160000000 0.992200000000 0.992110000000 0.992190000000 0.989700000000 0.992330000000 0.992240000000 0.992180000000 0.992790000000 0.992150000000 0.992350000000 0.992190000000 0.992300000000 0.992090000000 0.992380000000 0.992180000000 0.991400000000 0.992190000000 0.992400000000 0.992190000000 

N_obs: 1000

File Format:
1- most to least reliable channels (taken entropies)
2- most to least reliable channels (taken error probabilities)
3- channels entropies (flipped)
4- channels error probabilities (flipped)
5- number of MontCarlo simulations
