511 510 509 508 507 506 505 504 503 502 501 500 499 498 497 496 495 494 493 492 491 490 489 488 487 486 485 484 483 482 481 480 479 478 477 476 475 474 473 472 471 470 469 468 467 466 465 464 463 462 461 460 459 458 457 456 455 454 453 452 451 450 449 447 446 445 444 443 442 441 440 439 438 437 436 435 434 433 432 431 430 429 428 427 426 425 424 423 422 421 420 419 418 417 415 414 413 412 411 410 409 408 407 406 405 404 403 402 401 399 398 397 396 395 394 393 391 390 389 387 383 382 381 380 379 378 377 376 375 374 373 372 371 370 369 368 367 366 365 364 363 362 361 360 359 358 357 356 355 354 353 351 350 349 348 347 346 345 344 343 342 341 340 339 338 337 335 334 333 332 331 330 329 327 326 325 323 319 318 317 316 315 314 313 312 311 310 309 308 307 306 305 303 302 301 300 299 298 297 295 294 293 291 287 286 285 284 283 282 281 279 278 277 275 271 270 255 254 253 252 251 250 249 248 247 246 245 244 243 242 241 240 239 238 237 236 235 234 233 232 231 230 229 228 227 226 225 223 222 221 220 219 218 217 216 215 214 213 212 211 210 209 207 206 205 204 203 202 199 198 197 191 190 189 188 187 186 185 184 183 182 181 180 179 177 175 174 173 171 167 159 158 157 155 151 143 127 126 125 124 123 122 121 119 118 117 115 111 110 109 107 103 95 94 93 91 63 169 172 201 178 267 170 154 87 269 195 163 153 416 400 165 156 263 116 392 166 448 149 150 388 328 62 352 324 304 61 336 113 147 386 296 114 120 142 385 292 105 322 289 108 290 141 321 101 280 79 106 102 274 276 224 208 139 273 266 99 176 196 92 59 193 268 168 89 200 164 194 55 265 90 162 161 152 86 135 262 148 384 85 146 261 320 60 112 83 104 145 78 288 140 58 47 100 259 77 138 272 57 98 88 137 192 54 264 75 97 134 84 53 31 160 260 71 133 82 46 51 144 76 81 45 258 131 56 43 39 15 30 74 29 23 257 136 27 73 52 96 70 69 67 50 132 49 7 44 35 80 19 41 11 130 37 42 129 13 38 14 25 21 22 26 28 256 3 72 65 68 66 33 17 9 5 48 6 1 34 40 36 12 128 18 10 20 24 64 32 8 16 2 4 0 

511 510 509 508 507 506 505 504 503 502 501 500 499 498 497 496 495 494 493 492 491 490 489 488 487 486 485 484 483 482 481 480 479 478 477 476 475 474 473 472 471 470 469 468 467 466 465 464 463 462 461 460 459 458 457 456 455 454 453 452 451 450 449 447 446 445 444 443 442 441 440 439 438 437 436 435 434 433 432 431 430 429 428 427 426 425 424 423 422 421 420 419 418 417 415 414 413 412 411 410 409 408 407 406 405 404 403 402 401 399 398 397 396 395 394 393 391 390 389 387 383 382 381 380 379 378 377 376 375 374 373 372 371 370 369 368 367 366 365 364 363 362 361 360 359 358 357 356 355 354 353 351 350 349 348 347 346 345 344 343 342 341 340 339 338 337 335 334 333 332 331 330 329 327 326 325 323 319 318 317 316 315 314 313 312 311 310 309 308 307 306 305 303 302 301 300 299 298 297 295 294 293 291 287 286 285 284 283 282 281 279 278 277 275 271 270 255 254 253 252 251 250 249 248 247 246 245 244 243 242 241 240 239 238 237 236 235 234 233 232 231 230 229 228 227 226 225 223 222 221 220 219 218 217 216 215 214 213 212 211 210 209 207 206 205 204 203 202 199 198 197 191 190 189 188 187 186 185 184 183 182 181 180 179 177 175 174 173 171 167 159 158 157 155 151 143 127 126 125 124 123 122 121 119 118 117 115 111 110 109 107 103 95 94 93 91 63 169 201 172 178 267 170 154 87 269 195 163 153 416 400 165 156 263 116 392 166 448 149 150 388 328 62 352 324 304 61 336 113 147 386 296 114 120 142 385 292 105 322 289 290 108 141 321 101 280 79 106 102 274 276 224 208 139 266 273 99 176 92 196 59 268 89 168 164 200 265 194 161 152 90 193 55 162 135 148 86 262 384 85 146 261 320 112 145 60 83 104 288 78 140 259 58 100 77 138 47 272 98 57 192 137 88 264 54 75 97 84 134 160 53 260 133 82 31 71 144 46 258 76 51 81 56 131 45 257 74 136 96 52 43 73 30 132 70 50 39 29 80 69 130 44 49 67 27 256 129 72 23 42 41 15 68 38 28 21 33 65 66 14 26 34 40 22 37 36 25 48 64 8 0 16 2 4 17 128 6 12 18 24 5 11 32 3 10 20 9 1 7 35 13 19 

0.000000000000 0.000000000000 0.000000000000 0.000000000000 0.000000000000 0.000000000000 0.000000000000 0.000000000000 0.000000000000 0.000000000000 0.000000000000 0.000000000000 0.000000000000 0.000000000000 0.000000000000 0.000000000000 0.000000000000 0.000000000000 0.000000000000 0.000000000000 0.000000000000 0.000000000000 0.000000000000 0.000000000000 0.000000000000 0.000000000000 0.000000000000 0.000000000000 0.000000000000 0.000000000000 0.000000000000 0.000000000000 0.000000000000 0.000000000000 0.000000000000 0.000000000000 0.000000000000 0.000000000000 0.000000000000 0.000000000000 0.000000000000 0.000000000000 0.000000000000 0.000000000000 0.000000000000 0.000000000000 0.000000000000 0.000000000000 0.000000000000 0.000000000000 0.000000000000 0.000000000000 0.000000000000 0.000000000000 0.000000000000 0.000000000000 0.000000000000 0.000000000000 0.000000000000 0.000000000000 0.000000000000 0.000000000000 0.000000000000 0.000000000001 0.000000000000 0.000000000000 0.000000000000 0.000000000000 0.000000000000 0.000000000000 0.000000000000 0.000000000000 0.000000000000 0.000000000000 0.000000000000 0.000000000000 0.000000000000 0.000000000000 0.000000000000 0.000000000000 0.000000000000 0.000000000000 0.000000000000 0.000000000000 0.000000000000 0.000000000000 0.000000000000 0.000000000000 0.000000000000 0.000000000000 0.000000000000 0.000000000000 0.000000000000 0.000000000000 0.000000000000 0.000000000000 0.000000000000 0.000000000000 0.000000000000 0.000000000000 0.000000000000 0.000000000000 0.000000000000 0.000000000000 0.000000000000 0.000000000000 0.000000000000 0.000000000000 0.000000000000 0.000000000000 0.000000000000 0.000000000000 0.000000000000 0.000000000000 0.000000000000 0.000000000000 0.000000000000 0.000000000000 0.000000000000 0.000000000001 0.000000000000 0.000000000000 0.000000000000 0.000000000003 0.000000000000 0.000000000446 0.000000001022 0.001550800000 0.000000000000 0.000000000000 0.000000000000 0.000000000000 0.000000000000 0.000000000000 0.000000000000 0.000000000000 0.000000000000 0.000000000000 0.000000000000 0.000000000000 0.000000000000 0.000000000000 0.000000000000 0.000000000000 0.000000000000 0.000000000000 0.000000000000 0.000000000000 0.000000000000 0.000000000000 0.000000000000 0.000000000000 0.000000000000 0.000000000000 0.000000000000 0.000000000000 0.000000000000 0.000000000000 0.000000000000 0.000000000023 0.000000000000 0.000000000000 0.000000000000 0.000000000000 0.000000000000 0.000000000000 0.000000000000 0.000000000000 0.000000000000 0.000000000000 0.000000000000 0.000000000000 0.000000000000 0.000000000000 0.000000000000 0.000000000042 0.000000000000 0.000000000000 0.000000000000 0.000000000000 0.000000000000 0.000000000000 0.000000000000 0.000000000013 0.000000000000 0.000000000000 0.000000000000 0.000000000030 0.000000000000 0.000000009546 0.000000139540 0.003722700000 0.000000000000 0.000000000000 0.000000000000 0.000000000000 0.000000000000 0.000000000000 0.000000000000 0.000000000000 0.000000000000 0.000000000000 0.000000000000 0.000000000000 0.000000000000 0.000000000000 0.000000000000 0.000000000033 0.000000000000 0.000000000000 0.000000000000 0.000000000000 0.000000000000 0.000000000000 0.000000000000 0.000000000491 0.000000000000 0.000000000000 0.000000000000 0.000000001636 0.000000000000 0.000000022552 0.000000012735 0.008965000000 0.000000000000 0.000000000000 0.000000000000 0.000000000000 0.000000000000 0.000000000000 0.000000000000 0.000000303220 0.000000000000 0.000000000000 0.000000000000 0.000000880080 0.000000000000 0.000000614000 0.000006525000 0.020808000000 0.000000000000 0.000000000000 0.000000000000 0.000071221000 0.000000000000 0.000007166900 0.000318550000 0.050933000000 0.000000000000 0.001074000000 0.002588800000 0.126180000000 0.013164000000 0.257050000000 0.399870000000 0.834830000000 0.000000000000 0.000000000000 0.000000000000 0.000000000000 0.000000000000 0.000000000000 0.000000000000 0.000000000000 0.000000000000 0.000000000000 0.000000000000 0.000000000000 0.000000000000 0.000000000000 0.000000000000 0.000000000000 0.000000000000 0.000000000000 0.000000000000 0.000000000000 0.000000000000 0.000000000000 0.000000000000 0.000000000000 0.000000000000 0.000000000000 0.000000000000 0.000000000000 0.000000000000 0.000000000000 0.000000000000 0.000001024600 0.000000000000 0.000000000000 0.000000000000 0.000000000000 0.000000000000 0.000000000000 0.000000000000 0.000000000000 0.000000000000 0.000000000000 0.000000000000 0.000000000000 0.000000000000 0.000000000000 0.000000000000 0.000001787300 0.000000000000 0.000000000000 0.000000000000 0.000000000000 0.000000000000 0.000000000000 0.000000000000 0.000143370000 0.000000000000 0.000000000000 0.000000000000 0.000031220000 0.000000000000 0.000300950000 0.000046208000 0.046935000000 0.000000000000 0.000000000000 0.000000000000 0.000000000000 0.000000000000 0.000000000000 0.000000000000 0.000000000000 0.000000000000 0.000000000000 0.000000000000 0.000000000000 0.000000000000 0.000000000000 0.000000000000 0.000026276000 0.000000000000 0.000000000000 0.000000000000 0.000000000000 0.000000000000 0.000000000000 0.000000000000 0.000088914000 0.000000000000 0.000000000001 0.000000000000 0.000171200000 0.000000000000 0.000550850000 0.000590250000 0.098784000000 0.000000000000 0.000000000000 0.000000000000 0.000000000000 0.000000000000 0.000000000000 0.000000000000 0.000745320000 0.000000000000 0.000000000003 0.000000000002 0.001480900000 0.000000000228 0.002566100000 0.006751000000 0.206760000000 0.000000000000 0.000000000741 0.000000035059 0.009500500000 0.000002964200 0.019799000000 0.043240000000 0.401510000000 0.000933410000 0.078456000000 0.154770000000 0.598220000000 0.274280000000 0.724390000000 0.741310000000 0.961160000000 0.000000000000 0.000000000000 0.000000000000 0.000000000000 0.000000000000 0.000000000000 0.000000000000 0.000000000628 0.000000000000 0.000000000000 0.000000000000 0.000000000000 0.000000000000 0.000000000508 0.000000000089 0.004562400000 0.000000000000 0.000000000000 0.000000000000 0.000000021683 0.000000000000 0.000000393570 0.000000003539 0.006094900000 0.000000000000 0.000000587920 0.000000238110 0.013045000000 0.000007466900 0.028233000000 0.067457000000 0.470390000000 0.000000000000 0.000000000000 0.000000000000 0.000032270000 0.000000000000 0.000339500000 0.000104160000 0.039247000000 0.000000000000 0.000810140000 0.001620100000 0.079868000000 0.004924800000 0.154940000000 0.248890000000 0.700380000000 0.000000304510 0.006836900000 0.017318000000 0.237540000000 0.053734000000 0.371480000000 0.449360000000 0.847190000000 0.142040000000 0.534050000000 0.571940000000 0.900440000000 0.576280000000 0.906690000000 0.877100000000 0.990460000000 0.000000000000 0.000000000021 0.000000000035 0.003921400000 0.000035957000 0.009946800000 0.025204000000 0.279790000000 0.000318230000 0.048748000000 0.084495000000 0.463080000000 0.180680000000 0.589340000000 0.616870000000 0.923380000000 0.012894000000 0.175700000000 0.252340000000 0.669040000000 0.327960000000 0.731600000000 0.719680000000 0.954850000000 0.361230000000 0.748350000000 0.730580000000 0.955470000000 0.687790000000 0.953330000000 0.911740000000 0.995590000000 0.086057000000 0.365910000000 0.396600000000 0.793610000000 0.405350000000 0.788890000000 0.767830000000 0.966360000000 0.398230000000 0.784080000000 0.769990000000 0.964660000000 0.715690000000 0.961260000000 0.915410000000 0.996050000000 0.362690000000 0.756670000000 0.744550000000 0.959730000000 0.720190000000 0.963250000000 0.916390000000 0.995910000000 0.636360000000 0.943190000000 0.918350000000 0.996520000000 0.835320000000 0.996510000000 0.947000000000 0.999750000000 

0.000000000000 0.000000000000 0.000000000000 0.000000000000 0.000000000000 0.000000000000 0.000000000000 0.000000000000 0.000000000000 0.000000000000 0.000000000000 0.000000000000 0.000000000000 0.000000000000 0.000000000000 0.000000000000 0.000000000000 0.000000000000 0.000000000000 0.000000000000 0.000000000000 0.000000000000 0.000000000000 0.000000000000 0.000000000000 0.000000000000 0.000000000000 0.000000000000 0.000000000000 0.000000000000 0.000000000000 0.000000000000 0.000000000000 0.000000000000 0.000000000000 0.000000000000 0.000000000000 0.000000000000 0.000000000000 0.000000000000 0.000000000000 0.000000000000 0.000000000000 0.000000000000 0.000000000000 0.000000000000 0.000000000000 0.000000000000 0.000000000000 0.000000000000 0.000000000000 0.000000000000 0.000000000000 0.000000000000 0.000000000000 0.000000000000 0.000000000000 0.000000000000 0.000000000000 0.000000000000 0.000000000000 0.000000000000 0.000000000000 0.000000000000 0.000000000000 0.000000000000 0.000000000000 0.000000000000 0.000000000000 0.000000000000 0.000000000000 0.000000000000 0.000000000000 0.000000000000 0.000000000000 0.000000000000 0.000000000000 0.000000000000 0.000000000000 0.000000000000 0.000000000000 0.000000000000 0.000000000000 0.000000000000 0.000000000000 0.000000000000 0.000000000000 0.000000000000 0.000000000000 0.000000000000 0.000000000000 0.000000000000 0.000000000000 0.000000000000 0.000000000000 0.000000000000 0.000000000000 0.000000000000 0.000000000000 0.000000000000 0.000000000000 0.000000000000 0.000000000000 0.000000000000 0.000000000000 0.000000000000 0.000000000000 0.000000000000 0.000000000000 0.000000000000 0.000000000000 0.000000000000 0.000000000000 0.000000000000 0.000000000000 0.000000000000 0.000000000000 0.000000000000 0.000000000000 0.000000000000 0.000000000000 0.000000000000 0.000000000000 0.000000000001 0.000000000000 0.000000000127 0.000000000291 0.003374600000 0.000000000000 0.000000000000 0.000000000000 0.000000000000 0.000000000000 0.000000000000 0.000000000000 0.000000000000 0.000000000000 0.000000000000 0.000000000000 0.000000000000 0.000000000000 0.000000000000 0.000000000000 0.000000000000 0.000000000000 0.000000000000 0.000000000000 0.000000000000 0.000000000000 0.000000000000 0.000000000000 0.000000000000 0.000000000000 0.000000000000 0.000000000000 0.000000000000 0.000000000000 0.000000000000 0.000000000000 0.000000000006 0.000000000000 0.000000000000 0.000000000000 0.000000000000 0.000000000000 0.000000000000 0.000000000000 0.000000000000 0.000000000000 0.000000000000 0.000000000000 0.000000000000 0.000000000000 0.000000000000 0.000000000000 0.000000000010 0.000000000000 0.000000000000 0.000000000000 0.000000000000 0.000000000000 0.000000000000 0.000000000000 0.000000000003 0.000000000000 0.000000000000 0.000000000000 0.000000000007 0.000000000000 0.000000003115 0.000000062710 0.007691700000 0.000000000000 0.000000000000 0.000000000000 0.000000000000 0.000000000000 0.000000000000 0.000000000000 0.000000000000 0.000000000000 0.000000000000 0.000000000000 0.000000000000 0.000000000000 0.000000000000 0.000000000000 0.000000000007 0.000000000000 0.000000000000 0.000000000000 0.000000000000 0.000000000000 0.000000000000 0.000000000000 0.000000000131 0.000000000000 0.000000000000 0.000000000000 0.000000000468 0.000000000000 0.000000007961 0.000000004262 0.019335000000 0.000000000000 0.000000000000 0.000000000000 0.000000000000 0.000000000000 0.000000000000 0.000000000000 0.000000143900 0.000000000000 0.000000000000 0.000000000000 0.000000411010 0.000000000000 0.000000266990 0.000003837000 0.052892000000 0.000000000000 0.000000000000 0.000000000000 0.000068988000 0.000000000000 0.000003726000 0.000418060000 0.115240000000 0.000000000000 0.002527100000 0.005906300000 0.252450000000 0.027725000000 0.464780000000 0.682050000000 0.976670000000 0.000000000000 0.000000000000 0.000000000000 0.000000000000 0.000000000000 0.000000000000 0.000000000000 0.000000000000 0.000000000000 0.000000000000 0.000000000000 0.000000000000 0.000000000000 0.000000000000 0.000000000000 0.000000000000 0.000000000000 0.000000000000 0.000000000000 0.000000000000 0.000000000000 0.000000000000 0.000000000000 0.000000000000 0.000000000000 0.000000000000 0.000000000000 0.000000000000 0.000000000000 0.000000000000 0.000000000000 0.000000573250 0.000000000000 0.000000000000 0.000000000000 0.000000000000 0.000000000000 0.000000000000 0.000000000000 0.000000000000 0.000000000000 0.000000000000 0.000000000000 0.000000000000 0.000000000000 0.000000000000 0.000000000000 0.000001047600 0.000000000000 0.000000000000 0.000000000000 0.000000000000 0.000000000000 0.000000000000 0.000000000000 0.000181390000 0.000000000000 0.000000000000 0.000000000000 0.000033227000 0.000000000000 0.000487500000 0.001002100000 0.100620000000 0.000000000000 0.000000000000 0.000000000000 0.000000000000 0.000000000000 0.000000000000 0.000000000000 0.000000000000 0.000000000000 0.000000000000 0.000000000000 0.000000000000 0.000000000000 0.000000000000 0.000000000000 0.000021004000 0.000000000000 0.000000000000 0.000000000000 0.000000000000 0.000000000000 0.000000000000 0.000000000000 0.000123980000 0.000000000000 0.000000000000 0.000000000000 0.000155960000 0.000000000000 0.001396500000 0.000807970000 0.215640000000 0.000000000000 0.000000000000 0.000000000000 0.000000000000 0.000000000000 0.000000000000 0.000000000000 0.000968910000 0.000000000000 0.000000000001 0.000000000000 0.002181000000 0.000000000056 0.004498000000 0.011316000000 0.392590000000 0.000000000000 0.000000000201 0.000000012594 0.023588000000 0.000001722800 0.047353000000 0.101700000000 0.687960000000 0.002099000000 0.182990000000 0.318800000000 0.874350000000 0.599000000000 0.959320000000 0.978500000000 0.992220000000 0.000000000000 0.000000000000 0.000000000000 0.000000000000 0.000000000000 0.000000000000 0.000000000000 0.000000000176 0.000000000000 0.000000000000 0.000000000000 0.000000000000 0.000000000000 0.000000000144 0.000000000021 0.011039000000 0.000000000000 0.000000000000 0.000000000000 0.000000008037 0.000000000000 0.000000195290 0.000000001111 0.013470000000 0.000000000000 0.000000249450 0.000000092153 0.033699000000 0.000004128800 0.062667000000 0.147150000000 0.752360000000 0.000000000000 0.000000000000 0.000000000000 0.000032447000 0.000000000000 0.000972190000 0.000121190000 0.103460000000 0.000000000000 0.002299000000 0.004119300000 0.182880000000 0.012076000000 0.328020000000 0.513540000000 0.931520000000 0.000000147270 0.021071000000 0.043544000000 0.476580000000 0.138060000000 0.684550000000 0.823850000000 0.982400000000 0.385150000000 0.890740000000 0.945810000000 0.990500000000 0.970260000000 0.991670000000 0.991560000000 0.992160000000 0.000000000000 0.000000000005 0.000000000008 0.011748000000 0.000042047000 0.030394000000 0.073921000000 0.582460000000 0.001103500000 0.136050000000 0.230210000000 0.808580000000 0.485410000000 0.923720000000 0.962720000000 0.992100000000 0.047778000000 0.463670000000 0.642530000000 0.962690000000 0.814430000000 0.985330000000 0.986600000000 0.991980000000 0.926270000000 0.991050000000 0.992010000000 0.992060000000 0.992800000000 0.991800000000 0.991430000000 0.992310000000 0.355330000000 0.869680000000 0.930150000000 0.991110000000 0.973690000000 0.991700000000 0.992080000000 0.992260000000 0.983200000000 0.992000000000 0.991390000000 0.992390000000 0.993440000000 0.992260000000 0.992220000000 0.992180000000 0.988440000000 0.991690000000 0.993340000000 0.992240000000 0.992290000000 0.992370000000 0.992390000000 0.992160000000 0.992450000000 0.992220000000 0.992260000000 0.992210000000 0.992320000000 0.992190000000 0.992420000000 0.992180000000 

N_obs: 1000

File Format:
1- most to least reliable channels (taken entropies)
2- most to least reliable channels (taken error probabilities)
3- channels entropies (flipped)
4- channels error probabilities (flipped)
5- number of MontCarlo simulations
