511 510 509 507 503 495 508 479 506 505 502 499 501 493 494 491 504 500 487 478 498 477 447 497 492 475 490 489 471 486 383 446 255 476 485 445 463 127 496 191 319 443 474 223 239 247 251 415 351 483 431 63 439 253 367 381 379 375 382 254 473 95 159 287 31 488 111 123 119 470 125 207 175 399 303 469 126 335 183 467 187 311 215 455 231 315 189 459 79 317 219 407 47 423 271 235 143 461 190 221 318 444 462 343 359 15 237 411 243 222 245 347 413 427 238 59 55 349 435 363 61 246 371 442 484 414 441 249 437 429 62 365 250 350 373 430 438 366 377 374 103 252 378 199 87 151 279 167 391 295 327 380 482 115 481 93 157 91 155 71 23 135 39 283 285 263 94 158 7 107 286 472 117 121 109 29 27 179 110 227 118 203 211 451 122 307 171 30 299 395 403 331 419 339 355 124 205 206 185 173 174 301 397 465 313 398 333 302 181 334 51 453 309 468 229 457 466 99 213 217 233 75 43 83 163 139 147 195 186 291 275 267 182 323 387 314 454 310 409 405 230 214 188 421 35 241 67 131 11 19 259 345 341 357 3 57 316 425 458 361 218 433 234 369 460 220 406 422 78 46 236 45 77 141 342 142 242 270 358 269 13 410 412 244 14 346 426 434 348 58 53 60 362 440 436 370 428 113 364 248 372 54 105 89 153 101 281 85 177 149 165 201 209 197 225 305 376 169 293 449 277 297 329 393 325 401 389 337 417 353 25 49 97 102 73 81 37 69 21 41 145 137 133 161 273 289 193 265 92 261 321 385 156 480 65 5 17 284 129 33 9 257 86 114 1 150 198 166 278 294 116 326 390 90 28 108 120 154 106 282 134 70 38 22 262 6 204 184 178 172 210 312 226 180 464 300 396 202 306 452 450 332 228 308 170 212 456 232 216 298 402 418 394 330 338 404 408 420 354 340 344 356 56 424 240 360 432 26 368 52 112 76 44 140 50 104 268 98 88 100 152 74 82 42 280 146 162 84 138 200 194 176 164 148 290 196 208 168 274 304 224 296 266 292 276 328 322 392 324 400 448 386 336 388 416 352 12 24 48 34 96 72 66 40 18 68 80 36 20 10 136 144 130 132 160 272 264 288 192 260 258 320 384 2 32 16 8 64 4 128 256 0 

511 510 509 507 503 495 508 479 506 505 502 499 501 493 494 491 504 500 478 487 498 477 447 497 492 490 475 489 486 471 476 446 485 496 474 445 383 483 463 488 473 443 470 484 469 439 255 444 382 462 482 467 431 472 461 381 481 442 415 223 459 379 441 413 319 375 335 187 468 437 249 95 438 126 366 365 411 221 263 239 317 465 190 183 124 159 254 455 127 451 151 429 285 245 220 350 295 87 435 331 157 233 339 427 14 250 122 460 406 19 30 219 110 433 307 77 327 369 13 380 286 235 185 371 364 410 163 425 376 372 311 253 244 458 39 355 206 370 3 53 169 309 214 345 387 237 173 218 121 93 426 156 59 198 139 398 153 363 103 480 348 83 114 417 75 45 91 390 282 142 277 71 397 41 318 267 312 184 430 401 351 1 229 213 129 134 205 154 265 70 259 278 325 354 226 241 92 412 457 166 203 102 362 281 170 33 270 262 402 240 323 328 58 449 405 89 140 302 394 330 164 291 294 228 420 274 448 60 353 84 300 6 50 204 284 119 421 162 338 9 247 152 133 306 313 396 404 392 368 352 68 276 266 216 38 360 176 143 82 272 36 308 73 293 25 386 20 112 207 22 288 200 160 148 450 320 146 180 260 138 40 64 4 104 136 16 12 0 130 128 416 15 384 256 44 18 264 66 72 8 144 24 96 224 32 296 2 194 76 10 56 34 424 80 175 48 98 324 258 336 268 344 422 322 182 168 280 11 132 192 326 57 356 208 100 42 418 193 400 181 340 88 52 292 456 346 304 389 196 290 197 408 388 145 202 86 101 436 298 212 232 106 161 108 85 97 131 74 289 26 209 120 65 275 332 35 432 453 7 78 225 172 115 116 105 341 452 283 141 54 321 113 201 147 395 464 273 158 217 178 111 94 279 377 46 149 297 150 43 177 21 37 337 310 316 31 403 99 51 305 210 261 358 385 315 343 246 230 357 28 333 117 393 49 165 81 90 257 414 5 17 69 186 199 329 234 440 67 109 391 428 248 242 378 466 374 236 167 211 195 301 314 174 23 107 434 409 137 61 347 215 269 271 299 399 231 27 454 342 349 227 407 419 79 55 359 361 188 155 334 118 47 171 135 373 29 189 179 62 191 252 423 367 238 243 303 125 222 123 251 287 63 

0.000000000000 0.000000000000 0.000000000000 0.000000000000 0.000000000000 0.000000000000 0.000000000001 0.000579420000 0.000000000000 0.000000000005 0.000000000248 0.001699400000 0.000000000089 0.003640800000 0.007042400000 0.189140000000 0.000000000000 0.000002461300 0.000000008745 0.008267300000 0.000007562200 0.020869000000 0.044509000000 0.370040000000 0.001976700000 0.087526000000 0.156430000000 0.581960000000 0.258140000000 0.687120000000 0.699050000000 0.950850000000 0.000000000000 0.002532000000 0.004286800000 0.126700000000 0.020830000000 0.225690000000 0.305210000000 0.737800000000 0.081156000000 0.388640000000 0.438460000000 0.833070000000 0.463640000000 0.835950000000 0.819710000000 0.978700000000 0.176440000000 0.523000000000 0.518230000000 0.875240000000 0.500750000000 0.864520000000 0.835260000000 0.980810000000 0.480580000000 0.850580000000 0.830670000000 0.979490000000 0.770660000000 0.979530000000 0.931190000000 0.998320000000 0.004809700000 0.104040000000 0.165330000000 0.521160000000 0.222870000000 0.581850000000 0.583690000000 0.905740000000 0.262910000000 0.617710000000 0.590610000000 0.906660000000 0.572680000000 0.899410000000 0.868400000000 0.987930000000 0.258840000000 0.614500000000 0.591610000000 0.907410000000 0.562590000000 0.897050000000 0.862910000000 0.986420000000 0.514220000000 0.878400000000 0.855630000000 0.984860000000 0.785710000000 0.983100000000 0.934070000000 0.998570000000 0.253020000000 0.582520000000 0.556590000000 0.891180000000 0.533330000000 0.888480000000 0.852120000000 0.984250000000 0.506820000000 0.876490000000 0.852460000000 0.983980000000 0.782320000000 0.982050000000 0.932770000000 0.998280000000 0.431500000000 0.821750000000 0.819400000000 0.978810000000 0.781890000000 0.983110000000 0.932460000000 0.998240000000 0.671570000000 0.958900000000 0.933310000000 0.998410000000 0.845430000000 0.998340000000 0.949440000000 0.999880000000 0.094719000000 0.299240000000 0.286670000000 0.677580000000 0.287440000000 0.655380000000 0.630660000000 0.930180000000 0.291410000000 0.636210000000 0.607930000000 0.914880000000 0.577930000000 0.907180000000 0.874790000000 0.989460000000 0.276770000000 0.628530000000 0.593640000000 0.910760000000 0.574490000000 0.905360000000 0.867020000000 0.987180000000 0.528390000000 0.885870000000 0.860700000000 0.985710000000 0.789480000000 0.984890000000 0.935200000000 0.998710000000 0.257400000000 0.605500000000 0.571230000000 0.900650000000 0.552940000000 0.894780000000 0.860530000000 0.985640000000 0.527410000000 0.883030000000 0.860640000000 0.985440000000 0.788220000000 0.983910000000 0.933490000000 0.998370000000 0.444730000000 0.829750000000 0.823470000000 0.979700000000 0.783250000000 0.983400000000 0.932430000000 0.998220000000 0.675650000000 0.958460000000 0.932460000000 0.998260000000 0.844180000000 0.998230000000 0.949000000000 0.999860000000 0.220420000000 0.521040000000 0.504120000000 0.862890000000 0.484900000000 0.849030000000 0.820960000000 0.978440000000 0.475210000000 0.850710000000 0.832230000000 0.979840000000 0.771360000000 0.979440000000 0.930000000000 0.998020000000 0.436680000000 0.824520000000 0.818520000000 0.978770000000 0.781110000000 0.982040000000 0.931780000000 0.998080000000 0.672090000000 0.957230000000 0.931010000000 0.998090000000 0.843240000000 0.997860000000 0.948460000000 0.999820000000 0.339030000000 0.730870000000 0.719570000000 0.952450000000 0.717820000000 0.967510000000 0.924150000000 0.997390000000 0.667600000000 0.956870000000 0.931590000000 0.998140000000 0.843290000000 0.997930000000 0.948390000000 0.999800000000 0.514270000000 0.885330000000 0.886090000000 0.996550000000 0.843580000000 0.998080000000 0.948760000000 0.999810000000 0.719820000000 0.971000000000 0.948890000000 0.999840000000 0.858600000000 0.999840000000 0.953040000000 0.999990000000 0.121370000000 0.301550000000 0.269880000000 0.652220000000 0.252840000000 0.598560000000 0.589790000000 0.912740000000 0.241440000000 0.575130000000 0.551550000000 0.891800000000 0.535960000000 0.885300000000 0.856240000000 0.986500000000 0.240870000000 0.562940000000 0.532510000000 0.881380000000 0.515400000000 0.868730000000 0.839170000000 0.981440000000 0.482040000000 0.853220000000 0.833070000000 0.979780000000 0.766850000000 0.978440000000 0.929800000000 0.998060000000 0.229910000000 0.546560000000 0.520250000000 0.876420000000 0.505410000000 0.867660000000 0.838570000000 0.981840000000 0.477940000000 0.854840000000 0.837700000000 0.980430000000 0.770540000000 0.978340000000 0.929000000000 0.997870000000 0.407010000000 0.810920000000 0.804160000000 0.975510000000 0.769550000000 0.978920000000 0.928900000000 0.997660000000 0.659950000000 0.954720000000 0.929040000000 0.997860000000 0.842380000000 0.997730000000 0.948570000000 0.999830000000 0.215560000000 0.519560000000 0.493810000000 0.855200000000 0.473850000000 0.843180000000 0.812910000000 0.976510000000 0.462500000000 0.843730000000 0.826400000000 0.978480000000 0.766020000000 0.976990000000 0.928140000000 0.997750000000 0.429890000000 0.816070000000 0.815370000000 0.977650000000 0.772600000000 0.979880000000 0.930360000000 0.997880000000 0.667720000000 0.955680000000 0.928890000000 0.997790000000 0.840560000000 0.997590000000 0.948080000000 0.999800000000 0.336820000000 0.721550000000 0.707730000000 0.950610000000 0.713460000000 0.964280000000 0.920820000000 0.996950000000 0.666010000000 0.954590000000 0.928690000000 0.997820000000 0.841430000000 0.997430000000 0.947650000000 0.999770000000 0.516130000000 0.883790000000 0.882650000000 0.995700000000 0.841230000000 0.997660000000 0.947890000000 0.999760000000 0.715470000000 0.970560000000 0.948000000000 0.999780000000 0.856460000000 0.999770000000 0.952450000000 0.999980000000 0.178180000000 0.441190000000 0.397720000000 0.801350000000 0.379400000000 0.770950000000 0.753110000000 0.963690000000 0.381850000000 0.767020000000 0.741580000000 0.957470000000 0.688850000000 0.953670000000 0.908750000000 0.995030000000 0.374260000000 0.766110000000 0.755250000000 0.962740000000 0.729600000000 0.965870000000 0.918460000000 0.996190000000 0.643160000000 0.946690000000 0.921040000000 0.996760000000 0.836540000000 0.996630000000 0.946610000000 0.999710000000 0.331190000000 0.720740000000 0.707700000000 0.948820000000 0.713430000000 0.961880000000 0.919230000000 0.996680000000 0.662830000000 0.953390000000 0.927370000000 0.997610000000 0.840280000000 0.997320000000 0.947320000000 0.999740000000 0.504100000000 0.879240000000 0.882390000000 0.995360000000 0.839620000000 0.997250000000 0.947280000000 0.999720000000 0.715090000000 0.970580000000 0.947370000000 0.999740000000 0.856450000000 0.999720000000 0.952310000000 0.999980000000 0.259480000000 0.591630000000 0.574710000000 0.903920000000 0.565650000000 0.900760000000 0.861770000000 0.986080000000 0.569580000000 0.915140000000 0.903440000000 0.994550000000 0.830050000000 0.995790000000 0.945880000000 0.999650000000 0.509190000000 0.879580000000 0.882190000000 0.995430000000 0.840210000000 0.997370000000 0.947580000000 0.999720000000 0.716420000000 0.970870000000 0.947340000000 0.999740000000 0.855940000000 0.999700000000 0.952470000000 0.999980000000 0.365120000000 0.773750000000 0.761680000000 0.962710000000 0.762910000000 0.988360000000 0.944970000000 0.999630000000 0.715310000000 0.970980000000 0.947560000000 0.999760000000 0.856920000000 0.999730000000 0.952440000000 0.999980000000 0.532150000000 0.894180000000 0.887640000000 0.999500000000 0.856470000000 0.999760000000 0.952660000000 0.999980000000 0.727320000000 0.971700000000 0.952440000000 0.999980000000 0.860870000000 0.999980000000 0.953830000000 1.000000000000 

0.000000000000 0.000000000000 0.000000000000 0.000000000000 0.000000000000 0.000000000000 0.000000000000 0.002161800000 0.000000000000 0.000000000001 0.000000000068 0.005400600000 0.000000000022 0.010611000000 0.022047000000 0.401010000000 0.000000000000 0.000001588800 0.000000002945 0.023384000000 0.000005272400 0.051619000000 0.112820000000 0.671230000000 0.010221000000 0.220550000000 0.370880000000 0.884570000000 0.618450000000 0.959050000000 0.977650000000 0.991900000000 0.000000000000 0.007977300000 0.014509000000 0.337680000000 0.067085000000 0.538190000000 0.683170000000 0.968630000000 0.275640000000 0.805720000000 0.902410000000 0.989710000000 0.959280000000 0.992630000000 0.990850000000 0.992360000000 0.643860000000 0.957720000000 0.975320000000 0.991400000000 0.986730000000 0.991760000000 0.992070000000 0.992220000000 0.991020000000 0.992870000000 0.992310000000 0.992330000000 0.991100000000 0.992180000000 0.992110000000 0.992130000000 0.020755000000 0.366100000000 0.550970000000 0.937480000000 0.788850000000 0.978270000000 0.987040000000 0.992550000000 0.912300000000 0.989980000000 0.989720000000 0.992250000000 0.991230000000 0.992700000000 0.991510000000 0.992310000000 0.961600000000 0.991990000000 0.991110000000 0.992560000000 0.991320000000 0.991840000000 0.991690000000 0.992200000000 0.993650000000 0.992200000000 0.992140000000 0.992120000000 0.992920000000 0.992210000000 0.991920000000 0.992190000000 0.978610000000 0.992520000000 0.988220000000 0.992070000000 0.990250000000 0.991680000000 0.992730000000 0.992240000000 0.992910000000 0.991430000000 0.992110000000 0.992160000000 0.992440000000 0.992100000000 0.991990000000 0.992220000000 0.992790000000 0.991890000000 0.991970000000 0.992160000000 0.992360000000 0.992120000000 0.992500000000 0.992160000000 0.992560000000 0.991930000000 0.992220000000 0.992240000000 0.991830000000 0.992170000000 0.992460000000 0.992190000000 0.570110000000 0.948460000000 0.977000000000 0.991600000000 0.986820000000 0.992610000000 0.992390000000 0.991720000000 0.988960000000 0.992640000000 0.993240000000 0.991720000000 0.991680000000 0.991770000000 0.991570000000 0.992160000000 0.993750000000 0.990140000000 0.990180000000 0.991680000000 0.991890000000 0.992080000000 0.992990000000 0.992170000000 0.992970000000 0.992460000000 0.992490000000 0.992210000000 0.991770000000 0.992060000000 0.992130000000 0.992160000000 0.992000000000 0.991180000000 0.992890000000 0.991900000000 0.992780000000 0.992220000000 0.991810000000 0.992200000000 0.992480000000 0.992880000000 0.992330000000 0.992220000000 0.991320000000 0.992150000000 0.992420000000 0.992200000000 0.989660000000 0.993020000000 0.992500000000 0.992300000000 0.991280000000 0.992120000000 0.992540000000 0.992110000000 0.991560000000 0.992210000000 0.992060000000 0.992200000000 0.992100000000 0.992200000000 0.992350000000 0.992180000000 0.988630000000 0.991980000000 0.990620000000 0.992430000000 0.992460000000 0.992680000000 0.992160000000 0.991990000000 0.991740000000 0.992430000000 0.991800000000 0.992170000000 0.991520000000 0.992150000000 0.992450000000 0.992220000000 0.993980000000 0.992120000000 0.992680000000 0.992140000000 0.992790000000 0.992250000000 0.992400000000 0.992190000000 0.991220000000 0.992120000000 0.992170000000 0.992220000000 0.992120000000 0.992230000000 0.992280000000 0.992180000000 0.995160000000 0.991620000000 0.991130000000 0.992140000000 0.992340000000 0.991940000000 0.992090000000 0.992200000000 0.992370000000 0.992050000000 0.991950000000 0.992160000000 0.992290000000 0.992130000000 0.992360000000 0.992170000000 0.992780000000 0.992100000000 0.992780000000 0.992200000000 0.991990000000 0.992160000000 0.992020000000 0.992190000000 0.990560000000 0.992100000000 0.992450000000 0.992180000000 0.992050000000 0.992200000000 0.992510000000 0.992190000000 0.918950000000 0.990980000000 0.991740000000 0.993650000000 0.995040000000 0.991340000000 0.989790000000 0.992560000000 0.992150000000 0.992480000000 0.991170000000 0.991750000000 0.993940000000 0.992570000000 0.992070000000 0.992100000000 0.990570000000 0.993780000000 0.991830000000 0.992640000000 0.991660000000 0.992550000000 0.991320000000 0.992260000000 0.992810000000 0.992490000000 0.992010000000 0.992120000000 0.992900000000 0.992060000000 0.992320000000 0.992190000000 0.986240000000 0.994040000000 0.990510000000 0.991170000000 0.991480000000 0.991830000000 0.992360000000 0.992160000000 0.992780000000 0.991810000000 0.992010000000 0.992260000000 0.992660000000 0.992450000000 0.992290000000 0.992210000000 0.992180000000 0.991770000000 0.992010000000 0.992140000000 0.992080000000 0.992240000000 0.992350000000 0.992180000000 0.992530000000 0.991870000000 0.992240000000 0.992230000000 0.992680000000 0.992190000000 0.992210000000 0.992210000000 0.993630000000 0.990850000000 0.993480000000 0.993010000000 0.989700000000 0.992530000000 0.991660000000 0.991990000000 0.990950000000 0.992200000000 0.992220000000 0.992180000000 0.993490000000 0.992370000000 0.992410000000 0.992170000000 0.992200000000 0.992690000000 0.991830000000 0.992320000000 0.993050000000 0.992090000000 0.991790000000 0.992200000000 0.992650000000 0.992070000000 0.992500000000 0.992120000000 0.991690000000 0.992140000000 0.992260000000 0.992180000000 0.990970000000 0.992360000000 0.991290000000 0.991850000000 0.993010000000 0.992010000000 0.991890000000 0.992150000000 0.991100000000 0.992400000000 0.992400000000 0.992180000000 0.992350000000 0.992180000000 0.992240000000 0.992190000000 0.992170000000 0.991950000000 0.992340000000 0.992110000000 0.991870000000 0.992190000000 0.992730000000 0.992190000000 0.993110000000 0.992010000000 0.992150000000 0.992210000000 0.992270000000 0.992190000000 0.992010000000 0.992190000000 0.991040000000 0.990090000000 0.994000000000 0.990960000000 0.994620000000 0.991360000000 0.991840000000 0.992290000000 0.992140000000 0.993020000000 0.992500000000 0.992320000000 0.992320000000 0.991910000000 0.992350000000 0.992180000000 0.992370000000 0.991500000000 0.992550000000 0.992260000000 0.992700000000 0.992260000000 0.992320000000 0.992190000000 0.991900000000 0.992080000000 0.992250000000 0.992210000000 0.992440000000 0.992200000000 0.992270000000 0.992190000000 0.989950000000 0.992370000000 0.991840000000 0.992070000000 0.991930000000 0.992510000000 0.992110000000 0.992220000000 0.991220000000 0.992240000000 0.992270000000 0.992130000000 0.991900000000 0.992170000000 0.992510000000 0.992200000000 0.992940000000 0.992310000000 0.991560000000 0.992190000000 0.991920000000 0.992280000000 0.992170000000 0.992190000000 0.991960000000 0.992040000000 0.992530000000 0.992160000000 0.992550000000 0.992190000000 0.992290000000 0.992190000000 0.995350000000 0.993510000000 0.992750000000 0.992130000000 0.991860000000 0.992110000000 0.992210000000 0.992200000000 0.992950000000 0.992340000000 0.991780000000 0.992220000000 0.992440000000 0.992140000000 0.992500000000 0.992200000000 0.993020000000 0.992390000000 0.991920000000 0.992190000000 0.992410000000 0.992210000000 0.991980000000 0.992190000000 0.991770000000 0.992170000000 0.992420000000 0.992170000000 0.992300000000 0.992200000000 0.992100000000 0.992190000000 0.992440000000 0.991480000000 0.993290000000 0.992490000000 0.992860000000 0.992280000000 0.992170000000 0.992190000000 0.992690000000 0.992180000000 0.992420000000 0.992170000000 0.991470000000 0.992190000000 0.992520000000 0.992190000000 0.992190000000 0.991340000000 0.991600000000 0.992190000000 0.992200000000 0.992190000000 0.992150000000 0.992190000000 0.992310000000 0.992140000000 0.992520000000 0.992190000000 0.991780000000 0.992190000000 0.992010000000 0.992190000000 

N_obs: 1000

File Format:
1- most to least reliable channels (taken entropies)
2- most to least reliable channels (taken error probabilities)
3- channels entropies (flipped)
4- channels error probabilities (flipped)
5- number of MontCarlo simulations
