511 510 509 508 507 506 505 504 503 502 501 500 499 498 497 496 495 494 493 492 491 490 489 488 487 486 485 484 483 482 481 480 479 478 477 476 475 474 473 472 471 470 469 468 467 466 465 464 463 462 461 460 459 458 457 456 455 454 453 452 451 450 449 447 446 445 444 443 442 441 440 439 438 437 436 435 434 433 432 431 430 429 428 427 426 425 424 423 422 421 420 419 418 417 415 414 413 412 411 410 409 408 407 406 405 404 403 402 401 399 398 397 396 395 391 383 382 381 380 379 378 377 376 375 374 373 372 371 370 369 368 367 366 365 364 363 362 361 360 359 358 357 355 351 350 349 348 347 346 345 343 342 341 339 335 334 333 331 327 319 318 317 316 315 314 313 311 310 309 307 303 302 301 299 295 287 285 255 254 253 252 251 250 249 248 247 246 245 244 243 242 241 239 238 237 236 235 234 233 231 230 229 227 223 222 221 220 219 218 217 215 207 191 190 189 187 183 175 127 354 344 214 356 213 389 126 211 393 390 286 394 353 338 205 337 387 340 332 330 283 279 125 206 326 123 203 325 306 308 312 329 305 186 300 240 185 199 182 188 181 298 179 232 323 448 297 228 293 119 294 159 400 225 416 216 388 282 212 174 226 271 284 173 392 386 352 291 204 385 124 210 209 281 336 328 278 171 324 202 304 111 122 184 121 201 322 277 158 180 296 321 167 198 118 157 178 292 275 197 224 117 270 177 172 95 290 155 269 280 208 170 115 195 110 289 63 384 169 151 120 276 109 267 200 166 143 107 156 94 274 320 116 103 263 165 93 196 91 154 176 87 79 61 62 163 59 273 47 55 114 31 153 268 194 113 150 108 149 168 288 147 193 266 142 141 106 139 265 105 135 102 101 99 92 262 164 90 261 85 86 89 83 78 77 259 75 60 58 71 53 57 54 46 51 45 162 43 39 161 30 272 29 152 27 23 15 112 148 146 145 192 140 138 137 134 104 264 133 100 131 98 84 97 260 82 76 88 74 73 81 258 70 52 42 44 41 69 50 38 56 37 257 49 67 35 28 26 25 22 21 19 160 14 13 11 7 144 136 132 130 129 72 96 68 80 36 40 20 34 24 66 48 33 18 17 65 256 12 10 9 6 5 3 128 16 32 8 64 4 2 1 0 

511 510 509 508 507 506 505 504 503 502 501 500 499 498 497 496 495 494 493 492 491 490 489 488 487 486 485 484 483 482 481 480 479 478 477 476 475 474 473 472 471 470 469 468 467 466 465 464 463 462 461 460 459 458 457 456 455 454 453 452 451 450 449 447 446 445 444 443 442 441 440 439 438 437 436 435 434 433 432 431 430 429 428 427 426 425 424 423 422 421 420 419 418 417 415 414 413 412 411 410 409 408 407 406 405 404 403 402 401 399 398 397 396 395 391 383 382 381 380 379 378 377 376 375 374 373 372 371 370 369 368 367 366 365 364 363 362 361 360 359 358 357 355 351 350 349 348 347 346 345 343 342 341 339 335 334 333 331 327 319 318 317 316 315 314 313 311 310 309 307 303 302 301 299 295 287 285 255 254 253 252 251 250 249 248 247 246 245 244 243 242 241 239 238 237 236 235 234 233 231 230 229 227 223 222 221 220 219 218 217 215 207 191 190 189 187 183 175 127 354 344 214 356 213 389 126 211 393 390 286 394 353 338 205 337 387 340 332 330 283 279 125 206 326 123 203 325 306 308 312 329 305 300 186 240 185 199 182 188 181 298 179 448 232 323 297 228 293 119 294 159 400 225 416 216 388 174 284 212 173 271 386 226 352 291 385 282 392 336 328 210 281 209 124 278 204 324 171 202 304 277 201 322 184 122 121 296 111 321 180 158 198 167 292 178 118 275 157 197 224 270 177 290 117 172 280 269 155 208 170 289 95 195 115 384 276 110 169 200 267 120 166 151 109 274 156 320 196 165 116 176 63 273 107 263 154 268 143 194 94 114 163 288 153 168 103 266 93 193 113 150 108 265 149 91 106 164 62 272 262 147 142 87 162 61 141 59 105 152 102 261 79 259 139 92 31 192 161 101 90 264 60 135 112 89 140 148 146 83 100 58 21 99 23 134 138 45 50 81 13 38 258 14 136 27 76 69 75 72 43 160 9 80 46 28 96 73 37 24 84 257 33 129 11 20 71 74 48 66 8 128 65 3 0 16 34 18 1 4 2 32 30 19 260 64 12 5 22 98 35 6 36 68 130 10 40 132 67 56 52 131 42 17 44 25 82 256 144 137 104 51 145 7 49 85 26 133 41 70 88 97 29 15 86 39 53 77 57 54 78 55 47 

0.000000000000 0.000000000000 0.000000000000 0.000000000000 0.000000000000 0.000000000000 0.000000000000 0.000000000000 0.000000000000 0.000000000000 0.000000000000 0.000000000000 0.000000000000 0.000000000000 0.000000000000 0.000000000000 0.000000000000 0.000000000000 0.000000000000 0.000000000000 0.000000000000 0.000000000000 0.000000000000 0.000000000000 0.000000000000 0.000000000000 0.000000000000 0.000000000000 0.000000000000 0.000000000000 0.000000000000 0.000000000000 0.000000000000 0.000000000000 0.000000000000 0.000000000000 0.000000000000 0.000000000000 0.000000000000 0.000000000000 0.000000000000 0.000000000000 0.000000000000 0.000000000000 0.000000000000 0.000000000000 0.000000000000 0.000000000000 0.000000000000 0.000000000000 0.000000000000 0.000000000000 0.000000000000 0.000000000000 0.000000000000 0.000000000000 0.000000000000 0.000000000000 0.000000000000 0.000000000000 0.000000000000 0.000000000000 0.000000000000 0.000000193170 0.000000000000 0.000000000000 0.000000000000 0.000000000000 0.000000000000 0.000000000000 0.000000000000 0.000000000000 0.000000000000 0.000000000000 0.000000000000 0.000000000000 0.000000000000 0.000000000000 0.000000000000 0.000000000000 0.000000000000 0.000000000000 0.000000000000 0.000000000000 0.000000000000 0.000000000000 0.000000000000 0.000000000000 0.000000000000 0.000000000000 0.000000000000 0.000000000000 0.000000000000 0.000000000000 0.000000000000 0.000026432000 0.000000000000 0.000000000000 0.000000000000 0.000000000000 0.000000000000 0.000000000000 0.000000000000 0.000000000000 0.000000000000 0.000000000000 0.000000000000 0.000000000000 0.000000000000 0.000000000000 0.000000000000 0.000012865000 0.000000000000 0.000000000000 0.000000000000 0.000000000000 0.000000000000 0.000000000000 0.000000000000 0.000151300000 0.000000000000 0.000000000000 0.000000000000 0.000053790000 0.000000000000 0.000203340000 0.000536830000 0.120620000000 0.000000000000 0.000000000000 0.000000000000 0.000000000000 0.000000000000 0.000000000000 0.000000000000 0.000000000000 0.000000000000 0.000000000000 0.000000000000 0.000000000000 0.000000000000 0.000000000000 0.000000000000 0.000000000000 0.000000000000 0.000000000000 0.000000000000 0.000000000000 0.000000000000 0.000000000000 0.000000000000 0.000000000000 0.000000000000 0.000000000000 0.000000000000 0.000000000000 0.000000000000 0.000000000000 0.000000000000 0.000213670000 0.000000000000 0.000000000000 0.000000000000 0.000000000000 0.000000000000 0.000000000000 0.000000000000 0.000000000000 0.000000000000 0.000000000000 0.000000000000 0.000000000000 0.000000000000 0.000000000000 0.000000000000 0.000690900000 0.000000000000 0.000000000000 0.000000000000 0.000000000000 0.000000000000 0.000000000000 0.000000000096 0.000801630000 0.000000000000 0.000000000001 0.000000000013 0.002164500000 0.000000187580 0.004281400000 0.009824800000 0.278790000000 0.000000000000 0.000000000000 0.000000000000 0.000000000000 0.000000000000 0.000000000000 0.000000000000 0.000000000030 0.000000000000 0.000000000000 0.000000000000 0.000000000020 0.000000000000 0.000000000018 0.000000000144 0.002681500000 0.000000000000 0.000000000000 0.000000000000 0.000000000496 0.000000000000 0.000000123380 0.000000297120 0.007595600000 0.000000000000 0.000006375500 0.000000989200 0.019049000000 0.000225750000 0.047912000000 0.100100000000 0.577870000000 0.000000000000 0.000000000000 0.000000000000 0.000127120000 0.000000000000 0.000089774000 0.000686600000 0.067022000000 0.000000000000 0.001561700000 0.004383900000 0.144840000000 0.020502000000 0.275090000000 0.395410000000 0.832490000000 0.000121040000 0.033699000000 0.066346000000 0.440760000000 0.159770000000 0.595150000000 0.654350000000 0.932210000000 0.291860000000 0.729960000000 0.750970000000 0.953080000000 0.779460000000 0.960560000000 0.967320000000 0.995790000000 0.000000000000 0.000000000000 0.000000000000 0.000000000000 0.000000000000 0.000000000000 0.000000000000 0.000000000000 0.000000000000 0.000000000000 0.000000000000 0.000000000000 0.000000000000 0.000000000000 0.000000000000 0.000000000628 0.000000000000 0.000000000000 0.000000000000 0.000000000000 0.000000000000 0.000000000000 0.000000000000 0.000000177210 0.000000000000 0.000000000000 0.000000000000 0.000000345210 0.000000000000 0.000118690000 0.000023044000 0.030974000000 0.000000000000 0.000000000000 0.000000000000 0.000000000000 0.000000000000 0.000000000000 0.000000000000 0.000046271000 0.000000000000 0.000000000000 0.000000000000 0.000107430000 0.000000000000 0.000592090000 0.000639690000 0.074948000000 0.000000000000 0.000000000001 0.000000000000 0.000529380000 0.000000000004 0.002387400000 0.004048700000 0.162570000000 0.000000008168 0.012419000000 0.028929000000 0.322880000000 0.088461000000 0.492190000000 0.586190000000 0.911150000000 0.000000000000 0.000000000000 0.000000000000 0.000000035792 0.000000000000 0.000000000492 0.000000005318 0.003761000000 0.000000000000 0.000000019431 0.000000077307 0.007129300000 0.000000142260 0.015133000000 0.035873000000 0.354770000000 0.000000000000 0.000109940000 0.000147470000 0.040440000000 0.001703200000 0.078720000000 0.137000000000 0.571820000000 0.011768000000 0.198980000000 0.303610000000 0.742670000000 0.393250000000 0.808970000000 0.830190000000 0.974520000000 0.000006419300 0.006539200000 0.014626000000 0.222080000000 0.059196000000 0.352210000000 0.436580000000 0.838180000000 0.140680000000 0.511690000000 0.546380000000 0.888310000000 0.578830000000 0.899400000000 0.909520000000 0.986410000000 0.216060000000 0.617960000000 0.625600000000 0.917780000000 0.643830000000 0.920900000000 0.924970000000 0.987950000000 0.665780000000 0.930570000000 0.935260000000 0.988870000000 0.944600000000 0.991300000000 0.992670000000 0.999070000000 0.000000000000 0.000000000000 0.000000000000 0.000586140000 0.000000000001 0.002967800000 0.003991600000 0.144010000000 0.000004731000 0.013933000000 0.031593000000 0.280420000000 0.082094000000 0.424870000000 0.494330000000 0.872600000000 0.002949900000 0.090995000000 0.154540000000 0.539710000000 0.220380000000 0.629600000000 0.658920000000 0.930750000000 0.284100000000 0.692180000000 0.697010000000 0.940670000000 0.722720000000 0.946580000000 0.952980000000 0.993480000000 0.043739000000 0.262460000000 0.322370000000 0.728650000000 0.338080000000 0.742760000000 0.761520000000 0.956470000000 0.358930000000 0.761450000000 0.756290000000 0.951680000000 0.769130000000 0.954300000000 0.958910000000 0.993880000000 0.373920000000 0.771210000000 0.771610000000 0.956050000000 0.781750000000 0.956800000000 0.958320000000 0.993130000000 0.800710000000 0.962540000000 0.964350000000 0.993700000000 0.968460000000 0.994980000000 0.995650000000 0.999420000000 0.109650000000 0.389030000000 0.388290000000 0.796410000000 0.394870000000 0.797000000000 0.803710000000 0.966440000000 0.415590000000 0.805780000000 0.803600000000 0.962600000000 0.807970000000 0.965060000000 0.967470000000 0.995260000000 0.410460000000 0.807730000000 0.808030000000 0.963690000000 0.811890000000 0.963500000000 0.964070000000 0.993960000000 0.816060000000 0.966160000000 0.966840000000 0.993930000000 0.969020000000 0.994790000000 0.995310000000 0.999340000000 0.432040000000 0.831170000000 0.834720000000 0.969080000000 0.840710000000 0.969350000000 0.969620000000 0.994820000000 0.845150000000 0.970910000000 0.971760000000 0.994720000000 0.972790000000 0.995340000000 0.995540000000 0.999330000000 0.865290000000 0.976630000000 0.977860000000 0.995920000000 0.978870000000 0.996220000000 0.996400000000 0.999400000000 0.982030000000 0.997190000000 0.997290000000 0.999520000000 0.997680000000 0.999660000000 0.999700000000 0.999960000000 

0.000000000000 0.000000000000 0.000000000000 0.000000000000 0.000000000000 0.000000000000 0.000000000000 0.000000000000 0.000000000000 0.000000000000 0.000000000000 0.000000000000 0.000000000000 0.000000000000 0.000000000000 0.000000000000 0.000000000000 0.000000000000 0.000000000000 0.000000000000 0.000000000000 0.000000000000 0.000000000000 0.000000000000 0.000000000000 0.000000000000 0.000000000000 0.000000000000 0.000000000000 0.000000000000 0.000000000000 0.000000000000 0.000000000000 0.000000000000 0.000000000000 0.000000000000 0.000000000000 0.000000000000 0.000000000000 0.000000000000 0.000000000000 0.000000000000 0.000000000000 0.000000000000 0.000000000000 0.000000000000 0.000000000000 0.000000000000 0.000000000000 0.000000000000 0.000000000000 0.000000000000 0.000000000000 0.000000000000 0.000000000000 0.000000000000 0.000000000000 0.000000000000 0.000000000000 0.000000000000 0.000000000000 0.000000000000 0.000000000000 0.000000086068 0.000000000000 0.000000000000 0.000000000000 0.000000000000 0.000000000000 0.000000000000 0.000000000000 0.000000000000 0.000000000000 0.000000000000 0.000000000000 0.000000000000 0.000000000000 0.000000000000 0.000000000000 0.000000000000 0.000000000000 0.000000000000 0.000000000000 0.000000000000 0.000000000000 0.000000000000 0.000000000000 0.000000000000 0.000000000000 0.000000000000 0.000000000000 0.000000000000 0.000000000000 0.000000000000 0.000000000000 0.000033222000 0.000000000000 0.000000000000 0.000000000000 0.000000000000 0.000000000000 0.000000000000 0.000000000000 0.000000000000 0.000000000000 0.000000000000 0.000000000000 0.000000000000 0.000000000000 0.000000000000 0.000000000000 0.000011681000 0.000000000000 0.000000000000 0.000000000000 0.000000000000 0.000000000000 0.000000000000 0.000000000000 0.001196900000 0.000000000000 0.000000000000 0.000000000000 0.000052516000 0.000000000000 0.000294150000 0.000814510000 0.275810000000 0.000000000000 0.000000000000 0.000000000000 0.000000000000 0.000000000000 0.000000000000 0.000000000000 0.000000000000 0.000000000000 0.000000000000 0.000000000000 0.000000000000 0.000000000000 0.000000000000 0.000000000000 0.000000000000 0.000000000000 0.000000000000 0.000000000000 0.000000000000 0.000000000000 0.000000000000 0.000000000000 0.000000000000 0.000000000000 0.000000000000 0.000000000000 0.000000000000 0.000000000000 0.000000000000 0.000000000000 0.000336510000 0.000000000000 0.000000000000 0.000000000000 0.000000000000 0.000000000000 0.000000000000 0.000000000000 0.000000000000 0.000000000000 0.000000000000 0.000000000000 0.000000000000 0.000000000000 0.000000000000 0.000000000000 0.001396900000 0.000000000000 0.000000000000 0.000000000000 0.000000000000 0.000000000000 0.000000000000 0.000000000028 0.001583500000 0.000000000000 0.000000000000 0.000000000003 0.005459000000 0.000000099379 0.013402000000 0.021840000000 0.540990000000 0.000000000000 0.000000000000 0.000000000000 0.000000000000 0.000000000000 0.000000000000 0.000000000000 0.000000000008 0.000000000000 0.000000000000 0.000000000000 0.000000000005 0.000000000000 0.000000000004 0.000000000040 0.009169400000 0.000000000000 0.000000000000 0.000000000000 0.000000000145 0.000000000000 0.000000057934 0.000000151680 0.018933000000 0.000000000000 0.000005619100 0.000000517210 0.044713000000 0.000359790000 0.118850000000 0.216350000000 0.860700000000 0.000000000000 0.000000000000 0.000000000000 0.000187480000 0.000000000000 0.001082600000 0.002198400000 0.155140000000 0.000000000000 0.003386100000 0.011093000000 0.306590000000 0.058720000000 0.528090000000 0.719750000000 0.983580000000 0.000256950000 0.090637000000 0.170970000000 0.768140000000 0.410740000000 0.908700000000 0.956730000000 0.995220000000 0.747010000000 0.984180000000 0.991750000000 0.996110000000 0.993790000000 0.996000000000 0.996060000000 0.996150000000 0.000000000000 0.000000000000 0.000000000000 0.000000000000 0.000000000000 0.000000000000 0.000000000000 0.000000000000 0.000000000000 0.000000000000 0.000000000000 0.000000000000 0.000000000000 0.000000000000 0.000000000000 0.000000000186 0.000000000000 0.000000000000 0.000000000000 0.000000000000 0.000000000000 0.000000000000 0.000000000000 0.000000093538 0.000000000000 0.000000000000 0.000000000000 0.000000168020 0.000000000000 0.000333500000 0.000023911000 0.086986000000 0.000000000000 0.000000000000 0.000000000000 0.000000000000 0.000000000000 0.000000000000 0.000000000000 0.000046214000 0.000000000000 0.000000000000 0.000000000000 0.000198410000 0.000000000000 0.001658000000 0.002256200000 0.193280000000 0.000000000000 0.000000000000 0.000000000000 0.003722300000 0.000000000001 0.005644800000 0.011619000000 0.365260000000 0.000000003034 0.038122000000 0.081745000000 0.626840000000 0.239790000000 0.796790000000 0.918760000000 0.994780000000 0.000000000000 0.000000000000 0.000000000000 0.000000016514 0.000000000000 0.000000000155 0.000000001973 0.013505000000 0.000000000000 0.000000008357 0.000000032741 0.024731000000 0.000000070681 0.048283000000 0.106820000000 0.674620000000 0.000000000000 0.000177200000 0.000228610000 0.121440000000 0.005516500000 0.215040000000 0.351320000000 0.880780000000 0.040027000000 0.482030000000 0.660790000000 0.973720000000 0.835960000000 0.987650000000 0.994980000000 0.996040000000 0.000005784200 0.029095000000 0.059510000000 0.534980000000 0.192110000000 0.748020000000 0.868200000000 0.990780000000 0.491300000000 0.928300000000 0.963570000000 0.995790000000 0.984690000000 0.995830000000 0.996190000000 0.996150000000 0.773590000000 0.986370000000 0.988960000000 0.995770000000 0.993880000000 0.995930000000 0.996160000000 0.996000000000 0.995390000000 0.995930000000 0.996220000000 0.996130000000 0.996130000000 0.996120000000 0.996070000000 0.996090000000 0.000000000000 0.000000000000 0.000000000000 0.003072800000 0.000000000000 0.015036000000 0.015994000000 0.419340000000 0.000003117000 0.051076000000 0.118850000000 0.663330000000 0.274890000000 0.825560000000 0.926680000000 0.995440000000 0.021626000000 0.318030000000 0.505450000000 0.935530000000 0.726100000000 0.972500000000 0.990720000000 0.996180000000 0.883590000000 0.991190000000 0.995150000000 0.995850000000 0.995880000000 0.996120000000 0.996250000000 0.996050000000 0.228050000000 0.797090000000 0.912370000000 0.993930000000 0.963740000000 0.995180000000 0.995600000000 0.996250000000 0.986710000000 0.996290000000 0.996210000000 0.996060000000 0.995840000000 0.996150000000 0.995970000000 0.996040000000 0.992060000000 0.996660000000 0.996410000000 0.996010000000 0.996030000000 0.996080000000 0.996050000000 0.996030000000 0.996080000000 0.996240000000 0.996020000000 0.996120000000 0.996130000000 0.996090000000 0.996090000000 0.996110000000 0.685370000000 0.976950000000 0.988700000000 0.995320000000 0.989570000000 0.995860000000 0.996460000000 0.996130000000 0.996680000000 0.996600000000 0.996390000000 0.996130000000 0.996190000000 0.995950000000 0.996200000000 0.996080000000 0.997190000000 0.996050000000 0.995950000000 0.996140000000 0.996030000000 0.996130000000 0.996230000000 0.996130000000 0.996340000000 0.995990000000 0.996050000000 0.996120000000 0.996120000000 0.996090000000 0.996070000000 0.996100000000 0.994180000000 0.996110000000 0.996280000000 0.996050000000 0.996010000000 0.996210000000 0.996150000000 0.996060000000 0.995900000000 0.996110000000 0.995880000000 0.996080000000 0.996110000000 0.996100000000 0.996140000000 0.996090000000 0.996280000000 0.996000000000 0.995980000000 0.996110000000 0.996080000000 0.996120000000 0.996040000000 0.996090000000 0.996190000000 0.996120000000 0.996110000000 0.996100000000 0.996090000000 0.996100000000 0.996100000000 0.996090000000 

N_obs: 1000

File Format:
1- most to least reliable channels (taken entropies)
2- most to least reliable channels (taken error probabilities)
3- channels entropies (flipped)
4- channels error probabilities (flipped)
5- number of MontCarlo simulations
