511 510 509 508 507 506 505 504 503 502 501 500 499 498 497 495 494 493 492 491 490 489 487 486 485 483 479 478 477 476 475 474 473 471 470 469 467 463 462 461 459 447 446 445 444 443 442 441 439 438 431 383 382 381 379 375 455 430 415 437 255 435 496 429 488 367 484 482 468 427 466 472 423 465 481 460 414 378 380 440 373 458 377 413 436 453 434 411 457 454 428 374 433 254 451 426 253 351 371 407 425 366 480 422 251 365 464 421 412 376 456 363 410 372 399 452 319 247 419 350 409 252 432 370 406 359 450 349 239 250 424 369 364 127 223 405 191 449 249 347 63 420 246 318 362 343 287 335 403 159 245 317 95 398 111 315 119 311 303 243 123 175 207 125 187 361 231 183 215 235 237 238 31 219 397 126 189 221 418 408 222 190 391 358 395 348 47 271 79 143 357 355 417 55 59 15 61 327 346 248 62 103 279 295 151 87 368 345 167 339 283 199 331 91 404 285 341 157 333 155 107 115 299 342 286 93 307 334 158 94 301 109 171 117 309 179 203 448 313 110 211 121 302 227 310 316 244 118 314 173 39 205 263 23 122 241 71 135 242 181 206 174 229 402 213 185 233 401 182 7 230 217 234 214 124 186 29 27 387 218 236 30 360 188 220 396 51 393 389 323 275 291 43 75 267 99 83 139 147 163 394 195 390 57 353 269 45 270 77 46 67 35 259 19 78 131 11 141 356 142 53 3 354 58 325 281 329 337 54 277 89 293 60 101 416 297 105 153 85 149 113 305 13 165 14 326 169 197 201 177 278 344 209 294 102 225 86 338 150 282 284 330 92 166 340 90 332 156 198 298 154 106 114 385 306 300 116 108 25 308 49 170 312 273 37 69 41 289 81 321 73 265 21 261 145 97 133 137 178 161 202 120 172 193 204 210 180 226 212 228 240 33 65 17 9 5 129 257 184 1 232 400 216 28 70 38 22 262 134 392 6 388 386 26 56 352 268 44 52 50 76 140 322 274 328 290 324 280 266 82 276 42 74 98 336 292 88 100 296 146 104 138 84 152 148 162 112 164 304 168 194 200 196 176 208 224 384 12 24 48 34 72 66 40 36 264 18 272 68 80 320 288 144 20 10 136 258 260 130 96 132 160 192 32 16 8 64 2 4 128 256 0 

511 510 509 508 507 506 505 504 503 502 501 500 499 498 497 495 494 493 492 491 490 489 487 486 485 483 479 478 477 476 475 474 473 471 470 469 467 463 462 461 459 447 446 445 444 443 442 441 439 438 431 383 382 381 379 375 455 430 415 437 255 435 496 429 488 367 484 468 482 427 466 472 423 465 481 460 414 378 380 440 373 458 377 413 453 436 457 434 374 454 411 428 433 426 451 371 254 253 425 407 351 366 480 422 365 464 251 412 421 456 376 410 363 452 372 399 419 432 409 350 319 247 450 370 406 252 424 359 349 449 369 364 405 250 420 347 362 249 239 403 398 418 408 361 246 318 397 343 358 417 245 348 223 317 404 368 448 357 395 335 243 346 238 248 391 315 402 355 191 345 237 401 360 311 127 342 396 244 341 219 235 416 222 303 316 159 242 190 231 287 356 63 215 207 218 394 117 327 186 334 175 151 331 221 111 110 119 61 155 23 390 214 313 95 107 279 47 124 179 109 309 143 120 263 300 187 39 147 7 314 150 67 333 172 103 21 275 344 228 340 108 323 281 102 338 156 353 113 282 177 9 35 293 182 129 325 106 88 94 262 137 268 19 225 197 17 42 232 58 308 104 6 277 173 210 38 354 74 11 69 283 57 43 55 166 164 230 206 288 292 13 226 198 114 193 195 386 294 266 12 229 332 388 26 297 89 56 76 100 148 289 320 112 40 296 169 200 312 97 272 5 24 25 163 130 384 149 50 258 98 400 132 1 387 264 160 144 68 208 131 18 192 136 66 265 32 140 36 4 48 64 73 336 0 105 8 2 20 276 22 16 80 269 256 290 10 72 304 322 324 209 168 128 146 170 194 65 44 329 224 96 176 261 82 274 133 260 31 301 162 257 337 280 142 181 184 158 138 52 85 328 201 389 37 49 115 34 180 196 3 321 28 216 90 14 152 352 330 202 46 161 51 83 178 84 326 165 134 71 41 305 393 81 392 204 273 302 33 139 185 154 174 212 116 213 45 284 217 53 59 240 227 86 126 270 306 29 220 101 153 278 310 298 141 122 189 77 145 157 70 385 236 27 183 99 234 54 203 291 167 259 121 233 62 60 78 91 199 92 307 267 205 241 188 286 339 295 211 75 171 93 135 118 285 125 299 15 30 271 123 79 87 

0.000000000000 0.000000000000 0.000000000000 0.000000000000 0.000000000000 0.000000000000 0.000000000000 0.000000000000 0.000000000000 0.000000000000 0.000000000000 0.000000000000 0.000000000000 0.000000000000 0.000000000000 0.000000000002 0.000000000000 0.000000000000 0.000000000000 0.000000000000 0.000000000000 0.000000000000 0.000000000000 0.000000000005 0.000000000000 0.000000000000 0.000000000000 0.000000000122 0.000000000000 0.000000000529 0.000000048687 0.005008700000 0.000000000000 0.000000000000 0.000000000000 0.000000000000 0.000000000000 0.000000000000 0.000000000000 0.000000006268 0.000000000000 0.000000000000 0.000000000000 0.000000000566 0.000000000000 0.000000005935 0.000000023913 0.010379000000 0.000000000000 0.000000000000 0.000000000000 0.000000087402 0.000000000000 0.000036653000 0.000160240000 0.018975000000 0.000000000000 0.000232180000 0.000128650000 0.038727000000 0.000824560000 0.091853000000 0.173450000000 0.660090000000 0.000000000000 0.000000000000 0.000000000000 0.000000000000 0.000000000000 0.000000000000 0.000000000000 0.000009530900 0.000000000000 0.000000000000 0.000000000000 0.000102610000 0.000000000000 0.000134820000 0.000453080000 0.057036000000 0.000000000000 0.000000000000 0.000000000002 0.000320330000 0.000000001370 0.000981900000 0.002498100000 0.121450000000 0.000000018269 0.005555200000 0.014664000000 0.234340000000 0.047651000000 0.385020000000 0.503470000000 0.880580000000 0.000000000000 0.000000152460 0.000071468000 0.014806000000 0.000142080000 0.024503000000 0.053700000000 0.410650000000 0.002013800000 0.088544000000 0.160520000000 0.598890000000 0.274840000000 0.708780000000 0.720210000000 0.954640000000 0.035437000000 0.287540000000 0.365810000000 0.779300000000 0.426020000000 0.817280000000 0.793610000000 0.971330000000 0.421220000000 0.819480000000 0.798470000000 0.972380000000 0.747270000000 0.972760000000 0.926240000000 0.997720000000 0.000000000000 0.000000000000 0.000000000000 0.000004871000 0.000000000000 0.000000274670 0.000051475000 0.017780000000 0.000000000000 0.000383460000 0.000035859000 0.034481000000 0.001198000000 0.081006000000 0.138080000000 0.568590000000 0.000000000074 0.002679300000 0.006968300000 0.139000000000 0.023086000000 0.251650000000 0.336350000000 0.768640000000 0.090826000000 0.421400000000 0.475160000000 0.850180000000 0.501230000000 0.865120000000 0.839210000000 0.983190000000 0.001168700000 0.050026000000 0.094933000000 0.433030000000 0.178460000000 0.539960000000 0.570700000000 0.900250000000 0.253150000000 0.620300000000 0.607890000000 0.916950000000 0.581830000000 0.908740000000 0.874060000000 0.989160000000 0.267830000000 0.625390000000 0.610320000000 0.917610000000 0.588420000000 0.912350000000 0.873910000000 0.988250000000 0.539080000000 0.892470000000 0.872650000000 0.988310000000 0.800330000000 0.987820000000 0.938240000000 0.998980000000 0.040886000000 0.243940000000 0.282070000000 0.674740000000 0.297030000000 0.675290000000 0.661360000000 0.937230000000 0.307640000000 0.674300000000 0.651790000000 0.932180000000 0.624790000000 0.927080000000 0.888140000000 0.991540000000 0.308100000000 0.666090000000 0.639700000000 0.927480000000 0.615980000000 0.921630000000 0.881330000000 0.989780000000 0.555430000000 0.901920000000 0.878230000000 0.989340000000 0.802940000000 0.988290000000 0.938100000000 0.998980000000 0.265000000000 0.621180000000 0.599300000000 0.911890000000 0.583270000000 0.910460000000 0.873620000000 0.988520000000 0.553070000000 0.899630000000 0.876350000000 0.988900000000 0.802770000000 0.987840000000 0.937470000000 0.998870000000 0.462230000000 0.845940000000 0.842320000000 0.984650000000 0.803840000000 0.988720000000 0.938260000000 0.998860000000 0.689170000000 0.964140000000 0.938800000000 0.999050000000 0.849290000000 0.999040000000 0.950750000000 0.999940000000 0.000000000000 0.000555950000 0.001087400000 0.056979000000 0.006560200000 0.116890000000 0.175190000000 0.548130000000 0.043118000000 0.238920000000 0.276230000000 0.675160000000 0.310540000000 0.697200000000 0.693320000000 0.949730000000 0.116350000000 0.356330000000 0.356020000000 0.750240000000 0.355240000000 0.732880000000 0.717900000000 0.954030000000 0.339680000000 0.726120000000 0.705650000000 0.949060000000 0.667710000000 0.946870000000 0.906530000000 0.994990000000 0.146880000000 0.410670000000 0.379050000000 0.769810000000 0.357560000000 0.749030000000 0.728100000000 0.955750000000 0.350290000000 0.735400000000 0.711220000000 0.948610000000 0.663810000000 0.943410000000 0.901310000000 0.993740000000 0.324560000000 0.702660000000 0.688790000000 0.942750000000 0.657410000000 0.941020000000 0.897640000000 0.992670000000 0.585740000000 0.919590000000 0.896250000000 0.992720000000 0.818730000000 0.992330000000 0.942250000000 0.999410000000 0.160690000000 0.416360000000 0.375610000000 0.769700000000 0.336330000000 0.736000000000 0.715230000000 0.952160000000 0.342400000000 0.723560000000 0.697740000000 0.944140000000 0.657310000000 0.940140000000 0.898500000000 0.993300000000 0.321930000000 0.703860000000 0.678880000000 0.941550000000 0.648340000000 0.936930000000 0.893920000000 0.992070000000 0.576930000000 0.916260000000 0.888470000000 0.991450000000 0.813320000000 0.990710000000 0.940530000000 0.999190000000 0.276180000000 0.638100000000 0.609280000000 0.918080000000 0.612280000000 0.922020000000 0.882660000000 0.990370000000 0.564070000000 0.909540000000 0.885880000000 0.990650000000 0.810300000000 0.989890000000 0.939110000000 0.998990000000 0.467780000000 0.851030000000 0.849850000000 0.986590000000 0.810040000000 0.989970000000 0.939570000000 0.999010000000 0.696260000000 0.965170000000 0.939440000000 0.999110000000 0.849720000000 0.999070000000 0.950740000000 0.999930000000 0.146220000000 0.368220000000 0.331650000000 0.735660000000 0.317390000000 0.692500000000 0.664450000000 0.941300000000 0.302260000000 0.675240000000 0.649000000000 0.929260000000 0.614540000000 0.924900000000 0.886350000000 0.991260000000 0.292300000000 0.661760000000 0.641120000000 0.929550000000 0.614530000000 0.924210000000 0.881690000000 0.989930000000 0.552990000000 0.905930000000 0.880290000000 0.989750000000 0.805350000000 0.989090000000 0.939140000000 0.999090000000 0.282650000000 0.639210000000 0.622170000000 0.916260000000 0.596200000000 0.917550000000 0.877070000000 0.989620000000 0.566010000000 0.907990000000 0.883990000000 0.990160000000 0.806970000000 0.988750000000 0.938170000000 0.998930000000 0.467710000000 0.849390000000 0.846590000000 0.985650000000 0.803530000000 0.989000000000 0.938250000000 0.998830000000 0.694330000000 0.962970000000 0.937670000000 0.998890000000 0.848240000000 0.998850000000 0.950100000000 0.999910000000 0.232690000000 0.550620000000 0.530730000000 0.878960000000 0.510840000000 0.870250000000 0.837310000000 0.981290000000 0.509150000000 0.875780000000 0.856260000000 0.985110000000 0.790090000000 0.985270000000 0.935180000000 0.998640000000 0.459880000000 0.847240000000 0.843380000000 0.984810000000 0.803010000000 0.988920000000 0.938070000000 0.998850000000 0.688710000000 0.963300000000 0.937540000000 0.998850000000 0.848790000000 0.998750000000 0.949830000000 0.999900000000 0.357360000000 0.751010000000 0.739160000000 0.956860000000 0.742290000000 0.975720000000 0.931840000000 0.998450000000 0.689270000000 0.963680000000 0.938760000000 0.998990000000 0.849330000000 0.998860000000 0.950210000000 0.999900000000 0.524450000000 0.890180000000 0.888350000000 0.998110000000 0.849830000000 0.999000000000 0.950470000000 0.999900000000 0.724370000000 0.971640000000 0.950580000000 0.999920000000 0.859310000000 0.999920000000 0.953300000000 0.999990000000 

0.000000000000 0.000000000000 0.000000000000 0.000000000000 0.000000000000 0.000000000000 0.000000000000 0.000000000000 0.000000000000 0.000000000000 0.000000000000 0.000000000000 0.000000000000 0.000000000000 0.000000000000 0.000000000000 0.000000000000 0.000000000000 0.000000000000 0.000000000000 0.000000000000 0.000000000000 0.000000000000 0.000000000001 0.000000000000 0.000000000000 0.000000000000 0.000000000031 0.000000000000 0.000000000150 0.000000017988 0.013501000000 0.000000000000 0.000000000000 0.000000000000 0.000000000000 0.000000000000 0.000000000000 0.000000000000 0.000000002061 0.000000000000 0.000000000000 0.000000000000 0.000000000150 0.000000000000 0.000000001783 0.000000007683 0.028427000000 0.000000000000 0.000000000000 0.000000000000 0.000000034930 0.000000000000 0.000032074000 0.000279430000 0.044035000000 0.000000000000 0.000654690000 0.000130340000 0.083711000000 0.001959000000 0.195870000000 0.330110000000 0.893720000000 0.000000000000 0.000000000000 0.000000000000 0.000000000000 0.000000000000 0.000000000000 0.000000000000 0.000005725400 0.000000000000 0.000000000000 0.000000000000 0.000134640000 0.000000000000 0.000313480000 0.001483500000 0.123540000000 0.000000000000 0.000000000000 0.000000000000 0.001406400000 0.000000000408 0.001642900000 0.006604500000 0.254210000000 0.000000006051 0.013797000000 0.035224000000 0.435090000000 0.119000000000 0.668830000000 0.812550000000 0.985660000000 0.000000000000 0.000000063417 0.000065249000 0.034855000000 0.001082600000 0.056414000000 0.129170000000 0.701380000000 0.007223900000 0.209640000000 0.349810000000 0.865270000000 0.610020000000 0.953480000000 0.974290000000 0.992180000000 0.104180000000 0.639070000000 0.775830000000 0.981230000000 0.907200000000 0.990300000000 0.992400000000 0.992400000000 0.949060000000 0.991100000000 0.992250000000 0.992130000000 0.992180000000 0.992120000000 0.992720000000 0.992160000000 0.000000000000 0.000000000000 0.000000000000 0.000003232300 0.000000000000 0.000000117270 0.000044109000 0.046689000000 0.000000000000 0.000582980000 0.000031195000 0.096661000000 0.002575600000 0.199190000000 0.342440000000 0.877250000000 0.000000000019 0.007641300000 0.021053000000 0.343400000000 0.072525000000 0.539820000000 0.707130000000 0.975620000000 0.279090000000 0.811310000000 0.902280000000 0.989480000000 0.954380000000 0.992060000000 0.991870000000 0.992320000000 0.007227600000 0.166310000000 0.299270000000 0.842260000000 0.537630000000 0.932090000000 0.960440000000 0.991790000000 0.786470000000 0.979190000000 0.985020000000 0.991810000000 0.993140000000 0.991840000000 0.992230000000 0.992190000000 0.915390000000 0.990510000000 0.991760000000 0.992120000000 0.990680000000 0.992320000000 0.992210000000 0.992240000000 0.990400000000 0.992370000000 0.991940000000 0.992200000000 0.991830000000 0.992200000000 0.992280000000 0.992140000000 0.184480000000 0.738820000000 0.865120000000 0.987020000000 0.950820000000 0.991710000000 0.991130000000 0.992150000000 0.975920000000 0.992620000000 0.991470000000 0.992030000000 0.993050000000 0.992560000000 0.992390000000 0.992200000000 0.986920000000 0.992420000000 0.992220000000 0.991640000000 0.993650000000 0.992630000000 0.992130000000 0.992150000000 0.993140000000 0.992120000000 0.991920000000 0.992100000000 0.992830000000 0.992190000000 0.992140000000 0.992100000000 0.989440000000 0.993140000000 0.993570000000 0.992480000000 0.992070000000 0.991880000000 0.991840000000 0.992230000000 0.991190000000 0.992610000000 0.992040000000 0.992190000000 0.991780000000 0.992220000000 0.992410000000 0.992160000000 0.993790000000 0.992560000000 0.992190000000 0.992000000000 0.993060000000 0.992120000000 0.992180000000 0.992180000000 0.991620000000 0.991980000000 0.992210000000 0.992220000000 0.992900000000 0.992170000000 0.992230000000 0.992190000000 0.000000000000 0.002845100000 0.003871000000 0.210150000000 0.030916000000 0.407700000000 0.566610000000 0.940590000000 0.192470000000 0.726930000000 0.840270000000 0.984370000000 0.932050000000 0.989110000000 0.993110000000 0.992530000000 0.568280000000 0.932570000000 0.969420000000 0.992720000000 0.985170000000 0.992810000000 0.992930000000 0.992030000000 0.989430000000 0.992090000000 0.992120000000 0.991800000000 0.992530000000 0.992100000000 0.992020000000 0.992210000000 0.852520000000 0.985770000000 0.990800000000 0.992590000000 0.985160000000 0.990240000000 0.992490000000 0.992300000000 0.990220000000 0.991120000000 0.992470000000 0.992450000000 0.993170000000 0.992040000000 0.992200000000 0.992180000000 0.990230000000 0.992100000000 0.993090000000 0.992410000000 0.992830000000 0.992320000000 0.992250000000 0.992150000000 0.993030000000 0.992100000000 0.992020000000 0.992270000000 0.992110000000 0.992200000000 0.992110000000 0.992180000000 0.960290000000 0.989160000000 0.992670000000 0.993120000000 0.991640000000 0.990420000000 0.992430000000 0.992240000000 0.992760000000 0.991930000000 0.992240000000 0.992270000000 0.991410000000 0.992350000000 0.991890000000 0.992210000000 0.990550000000 0.992440000000 0.992040000000 0.991770000000 0.993220000000 0.992200000000 0.992150000000 0.992200000000 0.992900000000 0.992080000000 0.992370000000 0.992080000000 0.992160000000 0.992220000000 0.992350000000 0.992180000000 0.987810000000 0.992240000000 0.992700000000 0.991850000000 0.991030000000 0.992440000000 0.992610000000 0.992310000000 0.990600000000 0.991730000000 0.992170000000 0.992140000000 0.991680000000 0.992200000000 0.992690000000 0.992180000000 0.991530000000 0.992230000000 0.992640000000 0.992180000000 0.992430000000 0.992240000000 0.991990000000 0.992180000000 0.993470000000 0.992370000000 0.992220000000 0.992180000000 0.992180000000 0.992160000000 0.991940000000 0.992200000000 0.975990000000 0.992540000000 0.993600000000 0.991330000000 0.993800000000 0.992640000000 0.992920000000 0.991590000000 0.990910000000 0.993550000000 0.990330000000 0.992450000000 0.992260000000 0.992100000000 0.991870000000 0.992140000000 0.990840000000 0.990900000000 0.991420000000 0.991810000000 0.991140000000 0.991950000000 0.992190000000 0.992040000000 0.991770000000 0.991840000000 0.992600000000 0.992140000000 0.992770000000 0.992170000000 0.992160000000 0.992210000000 0.991130000000 0.991970000000 0.993330000000 0.993030000000 0.993030000000 0.992300000000 0.992130000000 0.991960000000 0.994210000000 0.992530000000 0.992240000000 0.992360000000 0.992350000000 0.992220000000 0.992400000000 0.992190000000 0.994190000000 0.992990000000 0.992680000000 0.992140000000 0.993200000000 0.992070000000 0.992190000000 0.992190000000 0.992380000000 0.992700000000 0.992070000000 0.992180000000 0.991740000000 0.992180000000 0.992210000000 0.992190000000 0.989950000000 0.992950000000 0.990960000000 0.992970000000 0.992510000000 0.992030000000 0.992070000000 0.992130000000 0.992080000000 0.992820000000 0.992490000000 0.992240000000 0.992350000000 0.992170000000 0.992260000000 0.992190000000 0.991200000000 0.992330000000 0.992480000000 0.992210000000 0.992070000000 0.992030000000 0.992380000000 0.992140000000 0.991680000000 0.992040000000 0.992260000000 0.992180000000 0.991910000000 0.992260000000 0.992420000000 0.992180000000 0.992220000000 0.993700000000 0.992570000000 0.992290000000 0.992740000000 0.992130000000 0.992160000000 0.992160000000 0.991100000000 0.992190000000 0.991770000000 0.992190000000 0.992010000000 0.992180000000 0.992030000000 0.992190000000 0.993670000000 0.992300000000 0.992100000000 0.992120000000 0.992070000000 0.992190000000 0.991910000000 0.992190000000 0.991680000000 0.992040000000 0.992160000000 0.992190000000 0.992270000000 0.992190000000 0.992180000000 0.992190000000 

N_obs: 1000

File Format:
1- most to least reliable channels (taken entropies)
2- most to least reliable channels (taken error probabilities)
3- channels entropies (flipped)
4- channels error probabilities (flipped)
5- number of MontCarlo simulations
