511 510 509 508 507 506 505 504 503 502 501 500 499 498 495 494 493 491 490 489 487 479 478 477 475 471 463 447 446 445 443 383 492 486 439 474 483 476 485 470 497 473 467 462 469 444 442 431 459 461 382 488 496 441 482 379 438 437 381 484 472 481 455 468 415 435 466 430 255 465 429 460 375 458 380 440 427 457 436 378 414 367 454 254 480 377 434 423 413 253 453 374 351 428 251 433 127 319 464 191 247 223 411 239 373 63 451 426 371 407 95 399 287 159 366 111 119 335 207 123 456 175 365 303 31 363 125 311 425 359 343 183 187 315 126 252 347 215 231 317 349 189 219 235 376 350 221 243 318 245 422 237 190 249 250 412 238 222 246 47 143 79 271 421 15 419 59 55 61 452 391 62 410 103 87 151 279 432 372 409 295 327 199 167 403 395 91 155 115 93 283 397 405 285 157 406 107 94 158 286 398 370 369 299 117 331 450 109 339 179 307 355 171 71 39 23 135 263 203 110 118 121 211 449 301 227 122 7 333 173 302 205 357 309 334 361 174 29 206 181 341 30 313 27 364 185 358 345 362 213 310 124 182 342 314 229 217 186 214 230 233 346 316 234 218 424 188 241 51 348 387 99 242 75 43 83 220 139 291 275 147 267 236 163 323 195 244 248 57 67 19 35 131 11 259 417 3 78 77 142 45 46 141 270 269 420 53 58 418 389 393 401 13 60 14 89 54 101 113 281 105 153 85 277 149 293 325 165 297 329 169 305 390 197 337 177 201 353 209 225 408 102 86 402 394 294 278 150 92 404 156 326 166 396 284 198 90 282 25 114 154 49 106 69 73 37 385 97 41 81 108 21 116 145 273 137 133 289 161 265 261 321 193 368 33 65 17 5 9 129 257 298 120 330 300 448 1 332 338 306 170 354 172 356 204 178 202 308 28 180 360 340 210 312 212 184 344 226 228 38 22 70 134 216 262 232 6 240 26 56 416 52 76 50 44 140 268 386 392 388 400 98 74 88 100 82 104 42 112 280 152 274 290 138 146 84 162 276 292 266 322 148 296 164 324 328 168 304 194 200 196 336 176 208 352 224 12 24 48 34 18 66 72 40 68 36 80 96 20 10 136 384 144 272 130 264 132 288 258 160 260 320 192 16 32 8 64 2 4 128 256 0 

511 510 509 508 507 506 505 504 503 502 501 500 499 498 495 494 493 491 490 489 487 479 478 477 475 471 463 447 446 445 443 383 492 486 439 474 483 476 485 470 497 473 467 462 469 444 442 431 459 461 382 488 496 441 482 437 438 484 381 379 455 472 481 468 435 415 466 430 465 429 460 255 375 458 440 380 457 427 436 378 454 480 414 434 367 423 377 453 413 428 433 464 254 374 451 253 426 411 373 456 351 425 371 251 407 366 376 422 452 412 432 319 365 421 399 247 252 410 450 372 419 363 449 409 350 239 424 359 250 370 249 349 223 369 191 406 405 347 303 125 126 222 420 403 279 233 243 39 187 237 235 362 398 188 99 29 91 299 335 155 127 211 205 118 151 189 142 117 245 327 47 213 94 286 55 57 79 203 186 285 71 342 179 315 448 361 147 229 301 135 131 390 163 267 271 59 340 244 30 178 105 241 348 217 139 364 150 317 35 9 293 234 300 402 338 133 393 418 167 281 169 116 123 165 337 385 346 110 396 7 114 11 38 161 93 5 90 65 21 141 321 120 278 1 339 308 98 392 3 173 33 148 391 157 60 14 269 344 197 329 82 259 168 210 226 92 129 97 228 298 137 284 70 242 322 171 311 6 42 304 290 74 17 276 297 262 66 194 275 159 109 296 400 323 264 184 81 273 193 416 198 260 86 265 196 130 96 54 102 80 288 20 12 18 132 44 24 386 72 258 200 75 16 289 160 10 41 28 149 353 4 324 64 256 50 32 328 272 128 144 8 145 0 84 76 36 389 2 49 106 320 192 176 48 136 34 146 27 216 40 140 88 266 384 67 201 280 257 368 274 138 152 388 52 352 206 356 68 162 172 208 220 180 292 268 224 240 195 112 69 25 336 104 100 164 19 154 238 23 134 46 214 78 56 310 387 153 170 225 37 122 22 316 166 261 246 354 277 360 85 202 73 119 263 345 306 404 51 312 408 26 227 330 185 325 13 313 83 156 77 108 397 394 282 101 332 204 177 294 357 248 291 326 45 212 232 417 107 182 58 270 334 333 199 111 305 230 218 53 209 174 113 89 115 401 219 190 43 341 181 343 61 283 121 314 331 236 309 302 307 158 207 318 355 62 221 124 358 15 215 395 143 95 231 287 183 295 103 87 175 31 63 

0.000000000000 0.000000000000 0.000000000000 0.000000000000 0.000000000000 0.000000000000 0.000000000000 0.000000000000 0.000000000000 0.000000000000 0.000000000000 0.000000000000 0.000000000000 0.000000000000 0.000000000000 0.000013535000 0.000000000000 0.000000000000 0.000000000000 0.000000000000 0.000000000000 0.000000000000 0.000000000000 0.000006371900 0.000000000000 0.000000000000 0.000000000000 0.000315680000 0.000000000000 0.000116780000 0.000579320000 0.075355000000 0.000000000000 0.000000000000 0.000000000000 0.000000000000 0.000000000000 0.000000000000 0.000000000029 0.000463450000 0.000000000000 0.000000000000 0.000000011467 0.000987830000 0.000000001016 0.001539000000 0.004890700000 0.178710000000 0.000000000000 0.000000002703 0.000000209490 0.006187600000 0.000000206130 0.011948000000 0.029902000000 0.350160000000 0.000636780000 0.065067000000 0.118350000000 0.549200000000 0.242510000000 0.689850000000 0.709680000000 0.953360000000 0.000000000000 0.000000000000 0.000000000000 0.000000029433 0.000000000000 0.000000045516 0.000019000000 0.019802000000 0.000000000000 0.000162110000 0.000183960000 0.035473000000 0.001380600000 0.087418000000 0.156690000000 0.608110000000 0.000000160740 0.002924500000 0.005630500000 0.153300000000 0.024658000000 0.267780000000 0.374040000000 0.799610000000 0.087790000000 0.441590000000 0.506110000000 0.868020000000 0.528840000000 0.885210000000 0.855860000000 0.986260000000 0.001313200000 0.058899000000 0.105860000000 0.469580000000 0.195990000000 0.585880000000 0.608600000000 0.919390000000 0.277460000000 0.656030000000 0.652260000000 0.929470000000 0.619710000000 0.926470000000 0.888030000000 0.991460000000 0.294840000000 0.676240000000 0.651970000000 0.931880000000 0.629280000000 0.927270000000 0.887610000000 0.991200000000 0.561920000000 0.908840000000 0.887210000000 0.991400000000 0.813260000000 0.991170000000 0.941490000000 0.999350000000 0.000000000000 0.000001843800 0.000197620000 0.018352000000 0.000160890000 0.042001000000 0.084462000000 0.421400000000 0.007080400000 0.127340000000 0.203680000000 0.608470000000 0.272420000000 0.683560000000 0.684140000000 0.947200000000 0.063586000000 0.314660000000 0.357120000000 0.755280000000 0.364010000000 0.762720000000 0.739370000000 0.958300000000 0.377510000000 0.756110000000 0.735580000000 0.956050000000 0.695730000000 0.955490000000 0.912090000000 0.995620000000 0.150830000000 0.426830000000 0.406090000000 0.808560000000 0.395380000000 0.784250000000 0.762070000000 0.964730000000 0.380360000000 0.768540000000 0.744780000000 0.958650000000 0.692550000000 0.954020000000 0.909830000000 0.995130000000 0.344590000000 0.737860000000 0.726840000000 0.954010000000 0.688650000000 0.952350000000 0.906390000000 0.994250000000 0.609250000000 0.931100000000 0.905470000000 0.994240000000 0.824640000000 0.993980000000 0.943900000000 0.999530000000 0.177080000000 0.438310000000 0.401490000000 0.794840000000 0.392480000000 0.770190000000 0.749310000000 0.962040000000 0.373410000000 0.763150000000 0.737380000000 0.957020000000 0.695390000000 0.954610000000 0.908400000000 0.994850000000 0.357390000000 0.731270000000 0.716960000000 0.952470000000 0.686460000000 0.951960000000 0.906000000000 0.994160000000 0.609160000000 0.927920000000 0.904220000000 0.993820000000 0.822590000000 0.993300000000 0.942920000000 0.999460000000 0.296210000000 0.675190000000 0.654160000000 0.932000000000 0.648420000000 0.937290000000 0.896870000000 0.992860000000 0.601900000000 0.928370000000 0.902220000000 0.993760000000 0.822640000000 0.993120000000 0.942500000000 0.999370000000 0.487620000000 0.864630000000 0.865230000000 0.990100000000 0.824320000000 0.993860000000 0.943310000000 0.999410000000 0.703340000000 0.968380000000 0.943590000000 0.999480000000 0.853480000000 0.999460000000 0.951760000000 0.999960000000 0.004580600000 0.072288000000 0.110070000000 0.393610000000 0.154220000000 0.449780000000 0.445410000000 0.843720000000 0.191780000000 0.475640000000 0.439370000000 0.833360000000 0.436570000000 0.816930000000 0.802140000000 0.975870000000 0.196300000000 0.469860000000 0.443390000000 0.824520000000 0.417680000000 0.795300000000 0.783340000000 0.969200000000 0.397650000000 0.783060000000 0.770800000000 0.965800000000 0.721420000000 0.964900000000 0.919220000000 0.996750000000 0.193890000000 0.474550000000 0.431340000000 0.820440000000 0.416350000000 0.795680000000 0.774320000000 0.967760000000 0.395900000000 0.782220000000 0.762850000000 0.962130000000 0.708670000000 0.959700000000 0.912900000000 0.995430000000 0.347960000000 0.743380000000 0.732860000000 0.956080000000 0.704190000000 0.956930000000 0.910900000000 0.994980000000 0.615100000000 0.933570000000 0.909320000000 0.995050000000 0.827840000000 0.994880000000 0.945090000000 0.999600000000 0.180670000000 0.444040000000 0.409150000000 0.800260000000 0.388650000000 0.779430000000 0.755400000000 0.963920000000 0.386840000000 0.765410000000 0.744750000000 0.957970000000 0.693810000000 0.956080000000 0.910480000000 0.995260000000 0.350270000000 0.740640000000 0.731140000000 0.955760000000 0.696580000000 0.954710000000 0.908190000000 0.994540000000 0.616110000000 0.931810000000 0.905800000000 0.994180000000 0.824570000000 0.993590000000 0.943260000000 0.999480000000 0.307840000000 0.671710000000 0.655730000000 0.931080000000 0.647650000000 0.938780000000 0.897510000000 0.993070000000 0.599670000000 0.928540000000 0.903840000000 0.994080000000 0.822640000000 0.993390000000 0.942480000000 0.999360000000 0.478430000000 0.861260000000 0.864630000000 0.989960000000 0.821230000000 0.993380000000 0.942820000000 0.999350000000 0.702250000000 0.967600000000 0.942860000000 0.999410000000 0.852540000000 0.999400000000 0.951410000000 0.999960000000 0.158050000000 0.392810000000 0.366330000000 0.765000000000 0.349310000000 0.725500000000 0.707990000000 0.952090000000 0.329460000000 0.706510000000 0.686970000000 0.942310000000 0.647650000000 0.937860000000 0.896050000000 0.992820000000 0.322030000000 0.704950000000 0.690620000000 0.941900000000 0.657740000000 0.940390000000 0.897480000000 0.992660000000 0.587300000000 0.920230000000 0.895750000000 0.992490000000 0.815930000000 0.992030000000 0.941560000000 0.999310000000 0.291740000000 0.665040000000 0.648200000000 0.929150000000 0.637710000000 0.936470000000 0.894740000000 0.992460000000 0.598380000000 0.925490000000 0.900690000000 0.993410000000 0.818690000000 0.992610000000 0.941870000000 0.999290000000 0.481060000000 0.860630000000 0.861020000000 0.989000000000 0.817150000000 0.992380000000 0.941390000000 0.999230000000 0.697500000000 0.966950000000 0.941210000000 0.999260000000 0.851200000000 0.999230000000 0.950940000000 0.999940000000 0.239010000000 0.569770000000 0.542360000000 0.888760000000 0.536590000000 0.881200000000 0.848090000000 0.982960000000 0.536980000000 0.894870000000 0.874820000000 0.988900000000 0.804650000000 0.989200000000 0.939230000000 0.999080000000 0.476200000000 0.861830000000 0.861650000000 0.989320000000 0.818010000000 0.992670000000 0.941780000000 0.999250000000 0.697840000000 0.966590000000 0.941420000000 0.999270000000 0.851780000000 0.999200000000 0.950870000000 0.999930000000 0.358430000000 0.746890000000 0.742510000000 0.957960000000 0.755010000000 0.980660000000 0.937340000000 0.999010000000 0.700060000000 0.966920000000 0.941940000000 0.999330000000 0.851440000000 0.999230000000 0.951010000000 0.999930000000 0.524300000000 0.894680000000 0.888450000000 0.998750000000 0.852570000000 0.999340000000 0.951260000000 0.999940000000 0.726400000000 0.971530000000 0.951230000000 0.999950000000 0.859680000000 0.999950000000 0.953620000000 1.000000000000 

0.000000000000 0.000000000000 0.000000000000 0.000000000000 0.000000000000 0.000000000000 0.000000000000 0.000000000000 0.000000000000 0.000000000000 0.000000000000 0.000000000000 0.000000000000 0.000000000000 0.000000000000 0.000009360000 0.000000000000 0.000000000000 0.000000000000 0.000000000000 0.000000000000 0.000000000000 0.000000000000 0.000003620000 0.000000000000 0.000000000000 0.000000000000 0.000444840000 0.000000000000 0.000110150000 0.001637600000 0.163220000000 0.000000000000 0.000000000000 0.000000000000 0.000000000000 0.000000000000 0.000000000000 0.000000000007 0.001350600000 0.000000000000 0.000000000000 0.000000004015 0.002236400000 0.000000000282 0.003848400000 0.010665000000 0.342130000000 0.000000000000 0.000000000839 0.000000085713 0.016568000000 0.000000079744 0.028868000000 0.063706000000 0.599250000000 0.001302800000 0.156970000000 0.265000000000 0.817730000000 0.513590000000 0.943370000000 0.967780000000 0.991520000000 0.000000000000 0.000000000000 0.000000000000 0.000000011345 0.000000000000 0.000000016334 0.000014019000 0.046328000000 0.000000000000 0.000329010000 0.000189740000 0.087729000000 0.003036000000 0.204410000000 0.340330000000 0.879310000000 0.000000072966 0.009650000000 0.016495000000 0.331620000000 0.065562000000 0.533510000000 0.708700000000 0.974930000000 0.254430000000 0.811750000000 0.906160000000 0.989680000000 0.950510000000 0.991920000000 0.992550000000 0.992160000000 0.003094200000 0.176310000000 0.290300000000 0.845730000000 0.548010000000 0.940930000000 0.967790000000 0.992400000000 0.794040000000 0.987470000000 0.988280000000 0.992380000000 0.989890000000 0.991880000000 0.992800000000 0.992150000000 0.917690000000 0.990750000000 0.992440000000 0.991980000000 0.993710000000 0.992450000000 0.991910000000 0.992050000000 0.992060000000 0.991640000000 0.992190000000 0.992220000000 0.992300000000 0.992170000000 0.991980000000 0.992210000000 0.000000000000 0.000001048500 0.000556400000 0.061020000000 0.001111300000 0.145990000000 0.254510000000 0.808150000000 0.027345000000 0.387640000000 0.563160000000 0.944280000000 0.763940000000 0.981990000000 0.985170000000 0.992220000000 0.253960000000 0.799900000000 0.903320000000 0.991820000000 0.955810000000 0.990620000000 0.991530000000 0.992340000000 0.976250000000 0.993590000000 0.992490000000 0.992220000000 0.993360000000 0.992330000000 0.992180000000 0.992220000000 0.674390000000 0.968150000000 0.983550000000 0.991800000000 0.988360000000 0.991980000000 0.992370000000 0.992070000000 0.992940000000 0.991490000000 0.992840000000 0.991730000000 0.992030000000 0.991880000000 0.991980000000 0.992250000000 0.991080000000 0.992590000000 0.992600000000 0.992470000000 0.993060000000 0.992410000000 0.992070000000 0.992190000000 0.991330000000 0.992510000000 0.992420000000 0.992180000000 0.992150000000 0.992110000000 0.992030000000 0.992190000000 0.897420000000 0.993340000000 0.991830000000 0.992320000000 0.991510000000 0.993050000000 0.992430000000 0.992400000000 0.992110000000 0.992300000000 0.993150000000 0.992040000000 0.993200000000 0.992370000000 0.992660000000 0.992130000000 0.988780000000 0.993200000000 0.991610000000 0.991880000000 0.991060000000 0.992090000000 0.992140000000 0.992150000000 0.994030000000 0.992490000000 0.991870000000 0.992240000000 0.992510000000 0.992130000000 0.992180000000 0.992170000000 0.993950000000 0.991390000000 0.991450000000 0.992100000000 0.992980000000 0.992450000000 0.991950000000 0.992210000000 0.990000000000 0.992030000000 0.992330000000 0.992140000000 0.992140000000 0.992220000000 0.992160000000 0.992190000000 0.991720000000 0.992580000000 0.992070000000 0.992240000000 0.991690000000 0.992210000000 0.992160000000 0.992150000000 0.992360000000 0.992140000000 0.992330000000 0.992160000000 0.992070000000 0.992170000000 0.992210000000 0.992190000000 0.023647000000 0.363490000000 0.532090000000 0.935630000000 0.772530000000 0.979600000000 0.982800000000 0.992500000000 0.935240000000 0.992330000000 0.991330000000 0.991730000000 0.990340000000 0.992100000000 0.991800000000 0.992250000000 0.971680000000 0.992270000000 0.990600000000 0.993060000000 0.990620000000 0.991880000000 0.990110000000 0.992530000000 0.993930000000 0.992680000000 0.991570000000 0.992090000000 0.992410000000 0.992080000000 0.992310000000 0.992240000000 0.983780000000 0.989140000000 0.993530000000 0.992240000000 0.992810000000 0.992680000000 0.991800000000 0.992200000000 0.993660000000 0.992280000000 0.991350000000 0.992510000000 0.991130000000 0.992080000000 0.992710000000 0.992230000000 0.993280000000 0.992220000000 0.991160000000 0.992470000000 0.991410000000 0.992350000000 0.992210000000 0.992170000000 0.992620000000 0.992160000000 0.992070000000 0.992160000000 0.992250000000 0.992140000000 0.992160000000 0.992190000000 0.987170000000 0.992820000000 0.991320000000 0.990880000000 0.990570000000 0.991420000000 0.992410000000 0.992160000000 0.994020000000 0.992560000000 0.992850000000 0.992240000000 0.991490000000 0.991780000000 0.992480000000 0.992200000000 0.994320000000 0.992730000000 0.992060000000 0.992230000000 0.992110000000 0.992310000000 0.991960000000 0.992070000000 0.991940000000 0.992330000000 0.991980000000 0.992270000000 0.991660000000 0.992230000000 0.991990000000 0.992180000000 0.992150000000 0.993230000000 0.992060000000 0.992430000000 0.991110000000 0.992270000000 0.992310000000 0.992220000000 0.991240000000 0.991820000000 0.992180000000 0.992060000000 0.991530000000 0.992200000000 0.992190000000 0.992190000000 0.993740000000 0.991320000000 0.992030000000 0.992200000000 0.991810000000 0.992220000000 0.992090000000 0.992200000000 0.991630000000 0.992280000000 0.991890000000 0.992170000000 0.991640000000 0.992160000000 0.992080000000 0.992190000000 0.991120000000 0.989080000000 0.989070000000 0.993550000000 0.991970000000 0.992320000000 0.993000000000 0.992030000000 0.992360000000 0.991190000000 0.991320000000 0.991960000000 0.992750000000 0.991980000000 0.992740000000 0.992250000000 0.992650000000 0.991980000000 0.992150000000 0.992440000000 0.992550000000 0.992190000000 0.991790000000 0.992250000000 0.994300000000 0.992170000000 0.992460000000 0.992260000000 0.990970000000 0.992050000000 0.992090000000 0.992170000000 0.993810000000 0.991380000000 0.991990000000 0.992080000000 0.991040000000 0.992000000000 0.992740000000 0.992210000000 0.994300000000 0.992160000000 0.992350000000 0.992190000000 0.992430000000 0.992070000000 0.992160000000 0.992170000000 0.991400000000 0.992290000000 0.992440000000 0.992190000000 0.992170000000 0.992130000000 0.992360000000 0.992170000000 0.991480000000 0.992100000000 0.992250000000 0.992230000000 0.992210000000 0.992140000000 0.992000000000 0.992190000000 0.994820000000 0.993480000000 0.992960000000 0.992060000000 0.991730000000 0.992570000000 0.991400000000 0.992300000000 0.991390000000 0.992170000000 0.992690000000 0.992220000000 0.992400000000 0.992190000000 0.992190000000 0.992200000000 0.991330000000 0.992280000000 0.992510000000 0.992170000000 0.992840000000 0.992130000000 0.992180000000 0.992200000000 0.990490000000 0.991990000000 0.992310000000 0.992190000000 0.991850000000 0.992200000000 0.992060000000 0.992190000000 0.994710000000 0.991770000000 0.991030000000 0.992180000000 0.992200000000 0.992410000000 0.992250000000 0.992170000000 0.992270000000 0.992320000000 0.992020000000 0.992170000000 0.992270000000 0.992170000000 0.992140000000 0.992170000000 0.993620000000 0.992070000000 0.992430000000 0.992170000000 0.991990000000 0.992180000000 0.991860000000 0.992190000000 0.991980000000 0.992120000000 0.991990000000 0.992180000000 0.992050000000 0.992190000000 0.992030000000 0.992190000000 

N_obs: 1000

File Format:
1- most to least reliable channels (taken entropies)
2- most to least reliable channels (taken error probabilities)
3- channels entropies (flipped)
4- channels error probabilities (flipped)
5- number of MontCarlo simulations
