511 510 509 508 507 506 505 504 503 502 501 500 499 498 497 495 494 493 492 491 490 489 488 487 486 485 483 479 478 477 476 475 474 473 471 470 469 467 463 462 461 459 455 447 446 445 444 443 442 441 439 438 437 435 431 430 429 427 423 415 414 413 383 382 381 380 379 375 367 351 255 378 496 411 468 484 472 466 481 253 482 374 407 377 460 457 371 440 436 465 454 458 373 453 254 365 451 434 366 428 251 426 433 425 399 422 363 410 421 350 412 319 247 419 409 372 359 376 480 406 349 464 370 405 456 347 252 452 364 369 432 450 250 239 424 362 403 249 449 361 398 343 420 246 318 397 358 245 418 348 317 408 223 357 395 417 346 335 238 243 404 315 368 191 355 345 127 237 248 402 311 391 342 235 63 360 303 287 95 231 222 244 159 448 401 111 221 396 341 119 207 316 175 219 183 123 215 125 187 189 190 31 126 339 334 242 356 314 271 333 327 394 241 47 143 79 313 331 55 279 295 59 236 416 61 307 309 310 283 15 393 87 103 299 62 151 354 285 167 199 344 301 286 91 234 233 93 155 107 302 157 227 115 94 171 353 203 229 158 390 211 109 230 387 179 117 205 110 173 213 389 118 206 181 121 217 174 214 122 263 218 71 185 23 39 135 220 186 182 340 124 29 7 188 30 27 400 323 337 338 51 291 267 275 75 43 83 99 147 139 163 195 329 325 269 270 332 326 57 45 330 78 77 141 46 142 53 240 281 293 67 277 259 19 35 11 297 131 312 305 3 54 58 294 89 101 85 60 153 149 105 278 165 306 282 308 197 201 169 113 225 298 284 209 14 13 392 177 86 102 150 385 300 166 90 198 92 154 232 156 106 226 228 114 108 202 352 170 116 210 204 388 172 321 212 25 178 386 180 273 49 265 289 261 37 69 41 73 81 21 145 120 137 97 133 161 216 193 184 33 17 65 257 9 5 129 28 1 262 70 38 22 134 336 26 6 322 328 324 268 56 274 290 50 44 266 52 76 292 276 140 280 296 304 42 82 74 146 98 138 84 88 100 148 152 162 104 164 194 168 200 196 112 224 208 176 384 12 320 24 272 264 48 34 288 260 18 72 40 66 258 36 68 80 20 136 144 10 132 130 96 160 192 16 32 64 8 256 2 4 128 0 

511 510 509 508 507 506 505 504 503 502 501 500 499 498 497 495 494 493 492 491 490 489 488 487 486 485 483 479 478 477 476 475 474 473 471 470 469 467 463 462 461 459 455 447 446 445 444 443 442 441 439 438 437 435 431 430 429 427 423 415 414 413 383 382 381 380 379 375 367 351 255 378 496 411 468 484 472 466 481 253 482 374 407 377 460 457 371 440 436 465 454 458 373 453 254 365 451 434 366 428 251 426 433 425 399 422 363 410 421 350 412 319 419 409 359 376 480 349 406 464 247 372 405 370 456 347 252 452 432 364 369 450 362 424 250 449 403 239 420 361 249 398 343 397 358 246 318 418 408 245 348 357 317 417 395 404 346 368 223 335 243 238 355 315 345 402 248 342 360 237 448 391 401 396 311 341 244 356 316 235 191 394 416 222 334 339 242 314 393 354 344 231 303 221 241 333 313 236 390 127 353 400 287 340 331 219 310 389 190 327 234 387 233 215 309 189 307 338 392 337 183 159 62 230 240 302 187 103 332 312 123 308 207 220 229 295 213 269 301 179 306 93 111 352 188 121 15 39 29 326 218 87 83 170 119 99 227 157 283 205 124 199 77 147 43 259 113 51 110 203 47 30 216 3 263 271 91 212 105 167 11 186 217 163 102 289 267 59 182 97 120 60 35 133 28 69 100 23 305 285 117 106 168 25 386 1 46 104 140 275 107 257 210 322 19 135 165 198 17 273 70 185 145 232 180 50 284 280 13 137 388 41 126 52 156 45 330 81 209 148 194 18 84 12 66 49 152 56 336 200 92 72 325 278 144 74 265 80 130 224 22 88 169 2 44 260 270 64 128 36 32 24 98 385 196 0 16 258 256 40 68 10 162 320 8 195 85 192 262 4 134 274 178 160 149 96 112 272 176 132 48 20 146 384 131 297 150 264 5 129 296 291 34 288 136 172 141 208 6 27 304 177 300 286 201 9 86 321 281 65 290 42 164 324 206 161 138 101 266 116 114 26 268 76 261 225 142 82 328 276 37 204 323 14 38 33 299 108 21 118 57 329 193 153 58 282 73 292 166 226 55 211 61 228 89 122 75 115 202 197 298 139 154 184 293 143 67 53 294 214 125 31 94 78 54 173 151 90 79 71 277 174 279 7 155 109 171 181 63 158 95 175 

0.000000000000 0.000000000000 0.000000000000 0.000000000000 0.000000000000 0.000000000000 0.000000000000 0.000000000000 0.000000000000 0.000000000000 0.000000000000 0.000000000000 0.000000000000 0.000000000000 0.000000000000 0.000000000000 0.000000000000 0.000000000000 0.000000000000 0.000000000000 0.000000000000 0.000000000000 0.000000000000 0.000000000000 0.000000000000 0.000000000000 0.000000000000 0.000000000000 0.000000000000 0.000000000000 0.000000000000 0.000215500000 0.000000000000 0.000000000000 0.000000000000 0.000000000000 0.000000000000 0.000000000000 0.000000000000 0.000000000000 0.000000000000 0.000000000000 0.000000000000 0.000000000000 0.000000000000 0.000000000000 0.000000000001 0.000464880000 0.000000000000 0.000000000000 0.000000000000 0.000000000000 0.000000000000 0.000000000006 0.000000000000 0.001195000000 0.000000000000 0.000000000002 0.000000000014 0.001694800000 0.000000000379 0.004137800000 0.009454700000 0.269040000000 0.000000000000 0.000000000000 0.000000000000 0.000000000000 0.000000000000 0.000000000000 0.000000000000 0.000000000001 0.000000000000 0.000000000000 0.000000000000 0.000000000001 0.000000000000 0.000000000426 0.000000005748 0.002829000000 0.000000000000 0.000000000000 0.000000000000 0.000000001483 0.000000000000 0.000000004532 0.000000011449 0.005766300000 0.000000000000 0.000000202990 0.000009828700 0.014000000000 0.000074755000 0.035727000000 0.070729000000 0.501800000000 0.000000000000 0.000000000000 0.000000000000 0.000020718000 0.000000000000 0.000004071100 0.000085323000 0.044628000000 0.000000000000 0.000296160000 0.001058600000 0.093625000000 0.008038900000 0.177630000000 0.278820000000 0.745530000000 0.000000177670 0.012965000000 0.021018000000 0.284570000000 0.070610000000 0.440490000000 0.526050000000 0.887350000000 0.193850000000 0.607580000000 0.638320000000 0.924580000000 0.618690000000 0.928560000000 0.892860000000 0.992770000000 0.000000000000 0.000000000000 0.000000000000 0.000000000000 0.000000000000 0.000000000000 0.000000000000 0.000165760000 0.000000000000 0.000000000000 0.000000000007 0.000091680000 0.000000000000 0.000935190000 0.002062900000 0.117390000000 0.000000000000 0.000000000531 0.000000000195 0.001697700000 0.000000887660 0.006015000000 0.012408000000 0.223340000000 0.000097631000 0.025011000000 0.053884000000 0.392500000000 0.132790000000 0.539790000000 0.602660000000 0.917920000000 0.000000000000 0.000018345000 0.000341690000 0.039072000000 0.001272300000 0.079493000000 0.136410000000 0.556400000000 0.013200000000 0.194070000000 0.285130000000 0.706020000000 0.362790000000 0.767400000000 0.761540000000 0.966100000000 0.081308000000 0.379020000000 0.433610000000 0.822420000000 0.456780000000 0.831150000000 0.805010000000 0.974260000000 0.440240000000 0.825700000000 0.807700000000 0.974300000000 0.750660000000 0.973550000000 0.927010000000 0.997780000000 0.000053803000 0.016908000000 0.040132000000 0.290570000000 0.098558000000 0.412750000000 0.454280000000 0.849200000000 0.185750000000 0.523180000000 0.519400000000 0.876850000000 0.510200000000 0.875360000000 0.849700000000 0.984490000000 0.231970000000 0.583130000000 0.557300000000 0.893810000000 0.534930000000 0.882110000000 0.848310000000 0.983540000000 0.497100000000 0.863380000000 0.844730000000 0.981850000000 0.776560000000 0.980350000000 0.932500000000 0.998310000000 0.233600000000 0.562840000000 0.542450000000 0.883960000000 0.523420000000 0.875460000000 0.842660000000 0.982940000000 0.495610000000 0.870670000000 0.845260000000 0.981920000000 0.777220000000 0.980130000000 0.930840000000 0.998030000000 0.428480000000 0.814740000000 0.814660000000 0.977770000000 0.777170000000 0.981200000000 0.931690000000 0.998060000000 0.674470000000 0.958450000000 0.932570000000 0.998350000000 0.845830000000 0.998440000000 0.949660000000 0.999890000000 0.000000000000 0.000000000164 0.000000000000 0.001483800000 0.000000001547 0.004452100000 0.008542900000 0.146740000000 0.000057622000 0.016167000000 0.033289000000 0.267810000000 0.088218000000 0.392150000000 0.441660000000 0.840770000000 0.004574800000 0.088048000000 0.143570000000 0.501730000000 0.213230000000 0.577830000000 0.578230000000 0.906560000000 0.255860000000 0.613270000000 0.604370000000 0.912060000000 0.587340000000 0.911790000000 0.879450000000 0.990720000000 0.052608000000 0.258740000000 0.282860000000 0.685890000000 0.299640000000 0.675210000000 0.654790000000 0.937870000000 0.303060000000 0.663440000000 0.637710000000 0.927370000000 0.610390000000 0.920310000000 0.884710000000 0.991100000000 0.289230000000 0.648010000000 0.629710000000 0.922810000000 0.602820000000 0.916970000000 0.877260000000 0.989380000000 0.551380000000 0.902120000000 0.877070000000 0.989390000000 0.804440000000 0.989010000000 0.939300000000 0.999120000000 0.123440000000 0.342410000000 0.316840000000 0.722680000000 0.314690000000 0.686840000000 0.679560000000 0.940410000000 0.300000000000 0.687520000000 0.651540000000 0.929720000000 0.620150000000 0.927890000000 0.887880000000 0.991710000000 0.292590000000 0.660560000000 0.635500000000 0.924690000000 0.600520000000 0.918940000000 0.877850000000 0.989340000000 0.551350000000 0.897920000000 0.873570000000 0.988220000000 0.800500000000 0.987690000000 0.937550000000 0.998930000000 0.268050000000 0.606510000000 0.585950000000 0.907210000000 0.579660000000 0.905200000000 0.867700000000 0.987470000000 0.537490000000 0.892470000000 0.868880000000 0.987410000000 0.795790000000 0.985900000000 0.935340000000 0.998610000000 0.449520000000 0.837350000000 0.833260000000 0.982800000000 0.795790000000 0.986320000000 0.936140000000 0.998600000000 0.684900000000 0.961380000000 0.936680000000 0.998770000000 0.848340000000 0.998770000000 0.950180000000 0.999910000000 0.137680000000 0.355090000000 0.309870000000 0.709560000000 0.302410000000 0.664780000000 0.653470000000 0.935870000000 0.286930000000 0.644120000000 0.624730000000 0.919540000000 0.592810000000 0.913680000000 0.878710000000 0.990120000000 0.279200000000 0.630710000000 0.610610000000 0.915270000000 0.581320000000 0.909970000000 0.869250000000 0.987810000000 0.530280000000 0.891890000000 0.866080000000 0.987150000000 0.795590000000 0.986210000000 0.936510000000 0.998830000000 0.252210000000 0.599560000000 0.579310000000 0.904270000000 0.573950000000 0.901150000000 0.864370000000 0.987060000000 0.529860000000 0.891810000000 0.866760000000 0.986930000000 0.794640000000 0.984960000000 0.934840000000 0.998570000000 0.450500000000 0.831210000000 0.831690000000 0.981390000000 0.790880000000 0.985220000000 0.934630000000 0.998410000000 0.676660000000 0.960010000000 0.934190000000 0.998520000000 0.845210000000 0.998420000000 0.949570000000 0.999880000000 0.217920000000 0.536170000000 0.503120000000 0.867510000000 0.500380000000 0.861170000000 0.827820000000 0.979740000000 0.494180000000 0.860850000000 0.839800000000 0.981250000000 0.775990000000 0.980790000000 0.931690000000 0.998220000000 0.448040000000 0.835350000000 0.828780000000 0.981100000000 0.791030000000 0.984950000000 0.934450000000 0.998410000000 0.683970000000 0.960570000000 0.933720000000 0.998460000000 0.846380000000 0.998290000000 0.949130000000 0.999860000000 0.345900000000 0.731640000000 0.721100000000 0.952590000000 0.733790000000 0.971120000000 0.927500000000 0.997880000000 0.681220000000 0.961180000000 0.934860000000 0.998580000000 0.846150000000 0.998390000000 0.949370000000 0.999860000000 0.524190000000 0.886460000000 0.887040000000 0.997510000000 0.847520000000 0.998700000000 0.949750000000 0.999880000000 0.721960000000 0.971410000000 0.949890000000 0.999900000000 0.858300000000 0.999890000000 0.953260000000 0.999990000000 

0.000000000000 0.000000000000 0.000000000000 0.000000000000 0.000000000000 0.000000000000 0.000000000000 0.000000000000 0.000000000000 0.000000000000 0.000000000000 0.000000000000 0.000000000000 0.000000000000 0.000000000000 0.000000000000 0.000000000000 0.000000000000 0.000000000000 0.000000000000 0.000000000000 0.000000000000 0.000000000000 0.000000000000 0.000000000000 0.000000000000 0.000000000000 0.000000000000 0.000000000000 0.000000000000 0.000000000000 0.000200840000 0.000000000000 0.000000000000 0.000000000000 0.000000000000 0.000000000000 0.000000000000 0.000000000000 0.000000000000 0.000000000000 0.000000000000 0.000000000000 0.000000000000 0.000000000000 0.000000000000 0.000000000000 0.000793530000 0.000000000000 0.000000000000 0.000000000000 0.000000000000 0.000000000000 0.000000000001 0.000000000000 0.003057800000 0.000000000000 0.000000000000 0.000000000003 0.004705900000 0.000000000094 0.009366300000 0.017867000000 0.480940000000 0.000000000000 0.000000000000 0.000000000000 0.000000000000 0.000000000000 0.000000000000 0.000000000000 0.000000000000 0.000000000000 0.000000000000 0.000000000000 0.000000000000 0.000000000000 0.000000000114 0.000000001911 0.005268000000 0.000000000000 0.000000000000 0.000000000000 0.000000000419 0.000000000000 0.000000001354 0.000000003671 0.013683000000 0.000000000000 0.000000077427 0.000007147300 0.027801000000 0.000062497000 0.078239000000 0.149040000000 0.754280000000 0.000000000000 0.000000000000 0.000000000000 0.000019378000 0.000000000000 0.000001971200 0.000073985000 0.098261000000 0.000000000000 0.000710990000 0.001622100000 0.194790000000 0.019376000000 0.353510000000 0.522180000000 0.943450000000 0.000000076723 0.032936000000 0.056360000000 0.527350000000 0.178740000000 0.749190000000 0.856540000000 0.987760000000 0.493090000000 0.929810000000 0.966290000000 0.992090000000 0.978240000000 0.991980000000 0.992190000000 0.992220000000 0.000000000000 0.000000000000 0.000000000000 0.000000000000 0.000000000000 0.000000000000 0.000000000000 0.000169100000 0.000000000000 0.000000000000 0.000000000001 0.001057100000 0.000000000000 0.002638700000 0.006190800000 0.253130000000 0.000000000000 0.000000000150 0.000000000051 0.005883200000 0.000000486170 0.013445000000 0.031223000000 0.456000000000 0.000104300000 0.064600000000 0.121160000000 0.684430000000 0.329000000000 0.865300000000 0.930920000000 0.990970000000 0.000000000000 0.000012460000 0.000554800000 0.112470000000 0.004220000000 0.208630000000 0.334270000000 0.866660000000 0.043280000000 0.449480000000 0.642360000000 0.952620000000 0.808410000000 0.986370000000 0.988120000000 0.992140000000 0.274380000000 0.807400000000 0.909890000000 0.990020000000 0.956280000000 0.992110000000 0.992500000000 0.992380000000 0.976050000000 0.991270000000 0.992150000000 0.992300000000 0.992410000000 0.992020000000 0.992270000000 0.992200000000 0.000053000000 0.069732000000 0.135670000000 0.690770000000 0.329510000000 0.842390000000 0.916010000000 0.990020000000 0.632690000000 0.960720000000 0.981520000000 0.990260000000 0.984840000000 0.990830000000 0.991930000000 0.992260000000 0.873820000000 0.989470000000 0.990580000000 0.992270000000 0.992480000000 0.992670000000 0.992220000000 0.992240000000 0.990450000000 0.992820000000 0.992760000000 0.992560000000 0.992240000000 0.992290000000 0.991810000000 0.992240000000 0.949550000000 0.992270000000 0.991940000000 0.992080000000 0.991520000000 0.992540000000 0.992270000000 0.992080000000 0.993470000000 0.992150000000 0.993320000000 0.992390000000 0.992000000000 0.992200000000 0.992040000000 0.992210000000 0.991740000000 0.992180000000 0.990490000000 0.992350000000 0.991820000000 0.992310000000 0.992160000000 0.992230000000 0.991730000000 0.992200000000 0.992360000000 0.992180000000 0.991650000000 0.992190000000 0.992010000000 0.992190000000 0.000000000000 0.000000000044 0.000000000000 0.004453300000 0.000000000482 0.014051000000 0.031385000000 0.407170000000 0.001040700000 0.067153000000 0.112130000000 0.646250000000 0.304720000000 0.822190000000 0.909510000000 0.989370000000 0.021540000000 0.318910000000 0.480160000000 0.922550000000 0.722460000000 0.976380000000 0.979110000000 0.992060000000 0.872210000000 0.988890000000 0.990370000000 0.992600000000 0.991500000000 0.992580000000 0.992370000000 0.992170000000 0.272950000000 0.804970000000 0.902220000000 0.990370000000 0.959850000000 0.991270000000 0.991790000000 0.991700000000 0.979990000000 0.992870000000 0.990460000000 0.991760000000 0.992590000000 0.992010000000 0.992120000000 0.992250000000 0.990270000000 0.992300000000 0.991540000000 0.992400000000 0.991670000000 0.992630000000 0.992270000000 0.992140000000 0.991570000000 0.992030000000 0.992660000000 0.992190000000 0.992200000000 0.992130000000 0.992520000000 0.992200000000 0.726750000000 0.975900000000 0.982030000000 0.991020000000 0.989770000000 0.991790000000 0.992050000000 0.992730000000 0.988500000000 0.991860000000 0.993960000000 0.992080000000 0.990770000000 0.992200000000 0.992270000000 0.992210000000 0.995080000000 0.993360000000 0.992980000000 0.992240000000 0.993910000000 0.991460000000 0.992170000000 0.991970000000 0.991760000000 0.992570000000 0.992020000000 0.992290000000 0.991800000000 0.992190000000 0.992300000000 0.992200000000 0.988570000000 0.994060000000 0.991510000000 0.992110000000 0.993580000000 0.992710000000 0.992520000000 0.992140000000 0.992990000000 0.992230000000 0.992210000000 0.992130000000 0.991610000000 0.992220000000 0.992060000000 0.992150000000 0.992790000000 0.992380000000 0.992250000000 0.992000000000 0.992670000000 0.992300000000 0.992090000000 0.992240000000 0.992020000000 0.992200000000 0.991910000000 0.992210000000 0.992220000000 0.992160000000 0.992240000000 0.992180000000 0.930540000000 0.992090000000 0.992880000000 0.991560000000 0.990050000000 0.992620000000 0.991130000000 0.991910000000 0.991460000000 0.992490000000 0.991950000000 0.992340000000 0.992630000000 0.992350000000 0.991660000000 0.992210000000 0.990960000000 0.991660000000 0.993750000000 0.992490000000 0.992010000000 0.991960000000 0.991760000000 0.992000000000 0.989890000000 0.991800000000 0.992310000000 0.991920000000 0.991480000000 0.992190000000 0.991900000000 0.992210000000 0.994650000000 0.992940000000 0.990950000000 0.992140000000 0.991750000000 0.993030000000 0.992620000000 0.992170000000 0.991310000000 0.992270000000 0.992200000000 0.992130000000 0.991360000000 0.992380000000 0.992110000000 0.992160000000 0.993150000000 0.992970000000 0.991590000000 0.992350000000 0.992630000000 0.992160000000 0.992550000000 0.992150000000 0.993310000000 0.992040000000 0.991920000000 0.992190000000 0.992800000000 0.992130000000 0.992280000000 0.992180000000 0.994030000000 0.988590000000 0.992590000000 0.991910000000 0.991830000000 0.992530000000 0.992500000000 0.992140000000 0.992590000000 0.992970000000 0.992810000000 0.992100000000 0.991660000000 0.992080000000 0.992130000000 0.992220000000 0.991680000000 0.992000000000 0.992110000000 0.992180000000 0.991630000000 0.992290000000 0.992090000000 0.992190000000 0.991210000000 0.992440000000 0.992390000000 0.992180000000 0.991910000000 0.992240000000 0.992460000000 0.992180000000 0.992890000000 0.991700000000 0.991220000000 0.991920000000 0.992250000000 0.992350000000 0.991980000000 0.992180000000 0.991930000000 0.992170000000 0.992490000000 0.992220000000 0.992020000000 0.992130000000 0.992040000000 0.992190000000 0.991140000000 0.992420000000 0.992080000000 0.992130000000 0.991780000000 0.992190000000 0.992270000000 0.992200000000 0.993580000000 0.992250000000 0.992240000000 0.992200000000 0.991710000000 0.992180000000 0.991980000000 0.992190000000 

N_obs: 1000

File Format:
1- most to least reliable channels (taken entropies)
2- most to least reliable channels (taken error probabilities)
3- channels entropies (flipped)
4- channels error probabilities (flipped)
5- number of MontCarlo simulations
