511 510 509 508 507 506 505 504 503 502 501 500 499 498 497 496 495 494 493 492 491 490 489 488 487 486 485 484 483 482 481 480 479 478 477 476 475 474 473 472 471 470 469 468 467 466 465 464 463 462 461 460 459 458 457 456 455 454 453 452 451 450 449 447 446 445 444 443 442 441 440 439 438 437 436 435 434 433 432 431 430 429 428 427 426 425 424 423 422 421 420 419 415 414 413 412 411 410 409 407 406 405 403 399 398 397 395 391 383 382 381 380 379 378 377 376 375 374 373 372 371 370 369 367 366 365 364 363 362 361 359 358 357 355 351 350 349 348 347 346 345 343 342 341 339 335 334 333 331 327 319 318 317 316 315 314 313 311 310 309 307 303 287 255 254 253 252 251 250 249 248 247 246 245 243 239 238 237 235 231 223 222 221 219 215 207 191 190 187 127 302 301 234 189 236 244 233 417 418 404 402 299 408 394 401 396 230 356 220 368 242 241 360 229 393 354 217 390 353 344 338 218 340 295 286 183 214 330 387 332 389 326 329 213 211 312 227 308 337 206 175 325 285 323 306 188 283 448 305 300 126 416 125 232 400 279 205 240 298 297 186 392 228 185 123 203 352 182 226 388 216 294 336 181 386 225 212 293 159 284 328 385 210 282 199 179 119 324 174 291 271 124 209 281 204 304 173 322 184 122 202 278 296 111 171 321 180 201 121 277 158 95 224 292 118 63 167 198 157 178 275 117 270 155 384 197 290 177 172 115 151 208 110 280 269 143 109 195 107 103 267 289 91 94 87 79 93 170 61 62 59 120 55 47 263 31 169 276 200 320 166 156 165 163 116 274 154 153 273 114 149 150 196 147 176 113 142 141 139 268 108 135 106 105 194 102 101 90 193 99 85 266 78 86 89 83 92 265 77 75 53 58 54 288 57 60 71 51 46 43 45 262 261 39 30 29 168 27 259 23 15 164 162 161 152 148 146 272 138 145 140 137 112 134 133 100 104 84 82 131 98 74 76 73 52 88 81 42 97 41 264 44 50 70 192 38 69 37 56 49 260 35 28 67 26 25 21 19 22 258 14 13 257 11 7 160 136 144 132 72 130 68 36 40 80 129 34 20 96 24 66 48 18 33 17 65 12 10 9 6 256 5 3 128 16 32 8 64 4 2 1 0 

511 510 509 508 507 506 505 504 503 502 501 500 499 498 497 496 495 494 493 492 491 490 489 488 487 486 485 484 483 482 481 480 479 478 477 476 475 474 473 472 471 470 469 468 467 466 465 464 463 462 461 460 459 458 457 456 455 454 453 452 451 450 449 447 446 445 444 443 442 441 440 439 438 437 436 435 434 433 432 431 430 429 428 427 426 425 424 423 422 421 420 419 415 414 413 412 411 410 409 407 406 405 403 399 398 397 395 391 383 382 381 380 379 378 377 376 375 374 373 372 371 370 369 367 366 365 364 363 362 361 359 358 357 355 351 350 349 348 347 346 345 343 342 341 339 335 334 333 331 327 319 318 317 316 315 314 313 311 310 309 307 303 287 255 254 253 252 251 250 249 248 247 246 245 243 239 238 237 235 231 223 222 221 219 215 207 191 190 187 127 302 301 234 189 236 244 233 417 418 404 402 299 408 394 401 396 230 356 220 368 242 241 360 229 393 354 217 390 353 338 344 340 218 295 286 183 214 330 387 332 389 326 329 213 211 312 227 308 337 206 175 325 285 323 306 188 448 283 305 126 300 279 416 205 400 125 297 240 186 232 298 228 392 185 352 203 123 226 182 216 388 294 336 225 386 181 293 212 284 328 385 159 282 210 199 324 179 291 281 174 119 271 209 304 204 322 124 173 184 296 278 202 321 122 180 201 277 171 292 224 121 111 158 198 178 384 118 275 290 270 167 157 197 280 208 172 177 117 289 269 95 155 195 170 276 320 200 115 110 120 267 169 151 63 109 274 166 196 263 156 176 143 273 116 165 107 268 94 288 154 93 194 163 114 103 193 168 153 266 113 59 265 87 79 62 108 55 91 272 89 71 51 47 259 262 101 39 150 192 149 45 29 260 37 134 22 135 100 104 81 86 78 102 99 42 264 50 52 261 73 68 84 77 67 258 146 20 12 28 97 35 13 161 132 90 136 7 164 17 32 48 65 64 129 76 69 4 2 30 138 133 18 105 16 144 0 82 9 33 256 36 6 8 128 1 98 152 137 257 5 140 74 130 112 160 3 24 96 40 56 72 10 11 34 60 19 41 43 66 148 70 44 80 58 25 145 88 142 131 46 49 14 75 27 15 26 21 23 38 85 92 31 141 53 162 147 61 106 57 83 54 139 

0.000000000000 0.000000000000 0.000000000000 0.000000000000 0.000000000000 0.000000000000 0.000000000000 0.000000000000 0.000000000000 0.000000000000 0.000000000000 0.000000000000 0.000000000000 0.000000000000 0.000000000000 0.000000000000 0.000000000000 0.000000000000 0.000000000000 0.000000000000 0.000000000000 0.000000000000 0.000000000000 0.000000000000 0.000000000000 0.000000000000 0.000000000000 0.000000000000 0.000000000000 0.000000000000 0.000000000000 0.000000000000 0.000000000000 0.000000000000 0.000000000000 0.000000000000 0.000000000000 0.000000000000 0.000000000000 0.000000000000 0.000000000000 0.000000000000 0.000000000000 0.000000000000 0.000000000000 0.000000000000 0.000000000000 0.000000000000 0.000000000000 0.000000000000 0.000000000000 0.000000000000 0.000000000000 0.000000000000 0.000000000000 0.000000000000 0.000000000000 0.000000000000 0.000000000000 0.000000000000 0.000000000000 0.000000000000 0.000000000000 0.000047693000 0.000000000000 0.000000000000 0.000000000000 0.000000000000 0.000000000000 0.000000000000 0.000000000000 0.000000000000 0.000000000000 0.000000000000 0.000000000000 0.000000000000 0.000000000000 0.000000000000 0.000000000000 0.000000000000 0.000000000000 0.000000000000 0.000000000000 0.000000000000 0.000000000000 0.000000000000 0.000000000000 0.000000000000 0.000000000000 0.000000000000 0.000000000000 0.000000000000 0.000000000000 0.000000000000 0.000000000000 0.000134740000 0.000000000000 0.000000000000 0.000000000000 0.000000000000 0.000000000000 0.000000000000 0.000000000000 0.000000000000 0.000000000000 0.000000000000 0.000000000000 0.000000000000 0.000000000000 0.000000000000 0.000000000000 0.000169830000 0.000000000000 0.000000000000 0.000000000000 0.000000000000 0.000000000000 0.000000000000 0.000000000001 0.000629330000 0.000000000000 0.000000000002 0.000000008807 0.001648200000 0.000000001452 0.003154500000 0.007838900000 0.278160000000 0.000000000000 0.000000000000 0.000000000000 0.000000000000 0.000000000000 0.000000000000 0.000000000000 0.000000000000 0.000000000000 0.000000000000 0.000000000000 0.000000000000 0.000000000000 0.000000000000 0.000000000000 0.000000000000 0.000000000000 0.000000000000 0.000000000000 0.000000000000 0.000000000000 0.000000000000 0.000000000000 0.000000000001 0.000000000000 0.000000000000 0.000000000000 0.000000000000 0.000000000000 0.000000000001 0.000000000002 0.000866010000 0.000000000000 0.000000000000 0.000000000000 0.000000000000 0.000000000000 0.000000000000 0.000000000000 0.000000000004 0.000000000000 0.000000000000 0.000000000000 0.000000000005 0.000000000000 0.000000000004 0.000001159400 0.002789500000 0.000000000000 0.000000000000 0.000000000000 0.000000003583 0.000000000000 0.000000000422 0.000000018609 0.006051500000 0.000000000000 0.000000014737 0.000003381900 0.015505000000 0.000010693000 0.040749000000 0.098432000000 0.578140000000 0.000000000000 0.000000000000 0.000000000000 0.000000000000 0.000000000000 0.000000000000 0.000000000000 0.000000128950 0.000000000000 0.000000000000 0.000000000000 0.000000624620 0.000000000000 0.000016109000 0.000055777000 0.029687000000 0.000000000000 0.000000000000 0.000000000000 0.000066774000 0.000000000000 0.000248590000 0.000384820000 0.069969000000 0.000000000019 0.002396900000 0.004751700000 0.152570000000 0.020633000000 0.299230000000 0.429610000000 0.851100000000 0.000000000000 0.000000000033 0.000003450500 0.005960800000 0.000046186000 0.011447000000 0.026973000000 0.344230000000 0.000179330000 0.065808000000 0.122930000000 0.546630000000 0.227260000000 0.679010000000 0.721280000000 0.951390000000 0.023511000000 0.249480000000 0.346730000000 0.778870000000 0.428630000000 0.827860000000 0.838680000000 0.973410000000 0.488470000000 0.860150000000 0.862380000000 0.976460000000 0.884660000000 0.981640000000 0.984470000000 0.998000000000 0.000000000000 0.000000000000 0.000000000000 0.000000000000 0.000000000000 0.000000000000 0.000000000000 0.000000000000 0.000000000000 0.000000000000 0.000000000000 0.000000000000 0.000000000000 0.000000000000 0.000000000000 0.000206910000 0.000000000000 0.000000000000 0.000000000000 0.000000000000 0.000000000000 0.000000000000 0.000000000000 0.000169450000 0.000000000000 0.000000000000 0.000000000001 0.000648670000 0.000000139440 0.001166800000 0.003599800000 0.151440000000 0.000000000000 0.000000000000 0.000000000000 0.000000000000 0.000000000000 0.000000000005 0.000000000002 0.001682900000 0.000000000000 0.000000000248 0.000000053915 0.004383800000 0.000000057454 0.010686000000 0.026735000000 0.328850000000 0.000000000000 0.000001461400 0.000187830000 0.029234000000 0.000815320000 0.065350000000 0.117030000000 0.551930000000 0.012192000000 0.195030000000 0.283480000000 0.733300000000 0.389670000000 0.800920000000 0.825690000000 0.974070000000 0.000000000000 0.000000000000 0.000000000000 0.000031020000 0.000000000000 0.000386920000 0.000670130000 0.053852000000 0.000000000119 0.001008700000 0.003109600000 0.107620000000 0.013745000000 0.212810000000 0.304270000000 0.743650000000 0.000002066100 0.018104000000 0.036393000000 0.308260000000 0.094779000000 0.452420000000 0.512690000000 0.877960000000 0.188050000000 0.583410000000 0.619070000000 0.914520000000 0.647530000000 0.922170000000 0.933850000000 0.990490000000 0.005384800000 0.126170000000 0.197670000000 0.603600000000 0.274890000000 0.680200000000 0.693480000000 0.941980000000 0.326850000000 0.729410000000 0.728120000000 0.945770000000 0.738310000000 0.948790000000 0.953860000000 0.993150000000 0.352130000000 0.757500000000 0.760690000000 0.954170000000 0.768440000000 0.953800000000 0.956020000000 0.992910000000 0.789480000000 0.961930000000 0.964170000000 0.993800000000 0.969310000000 0.995220000000 0.995910000000 0.999460000000 0.000000000000 0.000069249000 0.000162040000 0.025503000000 0.000772550000 0.065312000000 0.118050000000 0.482050000000 0.014252000000 0.167300000000 0.238110000000 0.667370000000 0.309990000000 0.725590000000 0.744690000000 0.957010000000 0.072115000000 0.337790000000 0.377180000000 0.787350000000 0.396790000000 0.796000000000 0.800620000000 0.966520000000 0.416160000000 0.805490000000 0.810650000000 0.965190000000 0.827320000000 0.969450000000 0.973090000000 0.996280000000 0.137630000000 0.441220000000 0.447320000000 0.838670000000 0.439200000000 0.823230000000 0.833160000000 0.971740000000 0.443800000000 0.830950000000 0.827390000000 0.968340000000 0.834150000000 0.969280000000 0.971900000000 0.995790000000 0.444380000000 0.830670000000 0.839220000000 0.969840000000 0.840490000000 0.969530000000 0.970660000000 0.995130000000 0.854440000000 0.973910000000 0.974610000000 0.995420000000 0.977620000000 0.996410000000 0.996910000000 0.999580000000 0.175960000000 0.470510000000 0.467310000000 0.852930000000 0.476530000000 0.848060000000 0.851990000000 0.975370000000 0.484660000000 0.850540000000 0.847560000000 0.971540000000 0.854630000000 0.973830000000 0.975770000000 0.996430000000 0.487370000000 0.855370000000 0.858440000000 0.973650000000 0.857620000000 0.972900000000 0.973320000000 0.995490000000 0.863710000000 0.974590000000 0.975280000000 0.995480000000 0.976890000000 0.996130000000 0.996510000000 0.999500000000 0.507350000000 0.873240000000 0.877400000000 0.977480000000 0.883700000000 0.978180000000 0.978280000000 0.996310000000 0.887280000000 0.980240000000 0.979650000000 0.996220000000 0.980080000000 0.996510000000 0.996690000000 0.999500000000 0.903790000000 0.983700000000 0.984250000000 0.997040000000 0.984840000000 0.997300000000 0.997330000000 0.999550000000 0.986940000000 0.997990000000 0.998050000000 0.999660000000 0.998300000000 0.999750000000 0.999780000000 0.999970000000 

0.000000000000 0.000000000000 0.000000000000 0.000000000000 0.000000000000 0.000000000000 0.000000000000 0.000000000000 0.000000000000 0.000000000000 0.000000000000 0.000000000000 0.000000000000 0.000000000000 0.000000000000 0.000000000000 0.000000000000 0.000000000000 0.000000000000 0.000000000000 0.000000000000 0.000000000000 0.000000000000 0.000000000000 0.000000000000 0.000000000000 0.000000000000 0.000000000000 0.000000000000 0.000000000000 0.000000000000 0.000000000000 0.000000000000 0.000000000000 0.000000000000 0.000000000000 0.000000000000 0.000000000000 0.000000000000 0.000000000000 0.000000000000 0.000000000000 0.000000000000 0.000000000000 0.000000000000 0.000000000000 0.000000000000 0.000000000000 0.000000000000 0.000000000000 0.000000000000 0.000000000000 0.000000000000 0.000000000000 0.000000000000 0.000000000000 0.000000000000 0.000000000000 0.000000000000 0.000000000000 0.000000000000 0.000000000000 0.000000000000 0.000050188000 0.000000000000 0.000000000000 0.000000000000 0.000000000000 0.000000000000 0.000000000000 0.000000000000 0.000000000000 0.000000000000 0.000000000000 0.000000000000 0.000000000000 0.000000000000 0.000000000000 0.000000000000 0.000000000000 0.000000000000 0.000000000000 0.000000000000 0.000000000000 0.000000000000 0.000000000000 0.000000000000 0.000000000000 0.000000000000 0.000000000000 0.000000000000 0.000000000000 0.000000000000 0.000000000000 0.000000000000 0.000246940000 0.000000000000 0.000000000000 0.000000000000 0.000000000000 0.000000000000 0.000000000000 0.000000000000 0.000000000000 0.000000000000 0.000000000000 0.000000000000 0.000000000000 0.000000000000 0.000000000000 0.000000000000 0.000265230000 0.000000000000 0.000000000000 0.000000000000 0.000000000000 0.000000000000 0.000000000000 0.000000000000 0.001624800000 0.000000000000 0.000000000000 0.000000003527 0.004908000000 0.000000000461 0.010836000000 0.020972000000 0.543650000000 0.000000000000 0.000000000000 0.000000000000 0.000000000000 0.000000000000 0.000000000000 0.000000000000 0.000000000000 0.000000000000 0.000000000000 0.000000000000 0.000000000000 0.000000000000 0.000000000000 0.000000000000 0.000000000000 0.000000000000 0.000000000000 0.000000000000 0.000000000000 0.000000000000 0.000000000000 0.000000000000 0.000000000000 0.000000000000 0.000000000000 0.000000000000 0.000000000000 0.000000000000 0.000000000000 0.000000000000 0.002534400000 0.000000000000 0.000000000000 0.000000000000 0.000000000000 0.000000000000 0.000000000000 0.000000000000 0.000000000001 0.000000000000 0.000000000000 0.000000000000 0.000000000001 0.000000000000 0.000000000001 0.000000788880 0.009131700000 0.000000000000 0.000000000000 0.000000000000 0.000000001368 0.000000000000 0.000000000119 0.000000007645 0.018216000000 0.000000000000 0.000000005173 0.000002369300 0.039374000000 0.000006853000 0.098520000000 0.221960000000 0.867270000000 0.000000000000 0.000000000000 0.000000000000 0.000000000000 0.000000000000 0.000000000000 0.000000000000 0.000000061421 0.000000000000 0.000000000000 0.000000000000 0.000000346110 0.000000000000 0.000016606000 0.000073815000 0.084988000000 0.000000000000 0.000000000000 0.000000000000 0.000092577000 0.000000000000 0.001101000000 0.000709930000 0.159650000000 0.000000000005 0.005401600000 0.013875000000 0.324630000000 0.050933000000 0.563200000000 0.755030000000 0.986190000000 0.000000000000 0.000000000009 0.000002775700 0.015005000000 0.000057985000 0.030244000000 0.065129000000 0.626430000000 0.000172100000 0.170230000000 0.300440000000 0.848520000000 0.550390000000 0.954090000000 0.977030000000 0.995610000000 0.072926000000 0.581190000000 0.758650000000 0.984790000000 0.902740000000 0.994100000000 0.994790000000 0.996030000000 0.964240000000 0.995790000000 0.996030000000 0.995930000000 0.995790000000 0.996050000000 0.996110000000 0.996100000000 0.000000000000 0.000000000000 0.000000000000 0.000000000000 0.000000000000 0.000000000000 0.000000000000 0.000000000000 0.000000000000 0.000000000000 0.000000000000 0.000000000000 0.000000000000 0.000000000000 0.000000000000 0.000821310000 0.000000000000 0.000000000000 0.000000000000 0.000000000000 0.000000000000 0.000000000000 0.000000000000 0.001074000000 0.000000000000 0.000000000000 0.000000000000 0.001319100000 0.000000073511 0.003718800000 0.009573700000 0.356750000000 0.000000000000 0.000000000000 0.000000000000 0.000000000000 0.000000000000 0.000000000001 0.000000000000 0.004469700000 0.000000000000 0.000000000077 0.000000024330 0.014034000000 0.000000026555 0.033794000000 0.076027000000 0.646160000000 0.000000000000 0.000000888580 0.000253900000 0.087325000000 0.003399400000 0.172330000000 0.290080000000 0.869950000000 0.037509000000 0.457700000000 0.625000000000 0.963740000000 0.827840000000 0.989060000000 0.992880000000 0.995870000000 0.000000000000 0.000000000000 0.000000000000 0.000028501000 0.000000000000 0.000997390000 0.002470300000 0.150950000000 0.000000000036 0.004373600000 0.012192000000 0.277560000000 0.043793000000 0.499270000000 0.665350000000 0.972340000000 0.000001144800 0.066813000000 0.126120000000 0.652380000000 0.302930000000 0.843680000000 0.913260000000 0.993830000000 0.591250000000 0.956360000000 0.980380000000 0.996080000000 0.990010000000 0.996330000000 0.996070000000 0.996120000000 0.025128000000 0.418300000000 0.620190000000 0.965600000000 0.816400000000 0.987000000000 0.994010000000 0.996100000000 0.936430000000 0.995840000000 0.995870000000 0.996140000000 0.996360000000 0.996060000000 0.996160000000 0.996090000000 0.973350000000 0.996170000000 0.996290000000 0.996110000000 0.996950000000 0.996090000000 0.996110000000 0.996070000000 0.995960000000 0.995950000000 0.996090000000 0.996070000000 0.996170000000 0.996120000000 0.996090000000 0.996100000000 0.000000000000 0.000078418000 0.000270820000 0.118290000000 0.003526800000 0.228290000000 0.380490000000 0.890300000000 0.071439000000 0.544960000000 0.710670000000 0.978440000000 0.876180000000 0.991250000000 0.994670000000 0.996120000000 0.390470000000 0.883630000000 0.943290000000 0.995310000000 0.982030000000 0.996380000000 0.996090000000 0.995980000000 0.991970000000 0.996010000000 0.995820000000 0.995970000000 0.996010000000 0.996100000000 0.996060000000 0.996120000000 0.766080000000 0.984900000000 0.987460000000 0.996260000000 0.995500000000 0.996070000000 0.995650000000 0.996160000000 0.995050000000 0.996000000000 0.996260000000 0.996040000000 0.996570000000 0.996090000000 0.996000000000 0.996150000000 0.995100000000 0.996010000000 0.996050000000 0.996090000000 0.996200000000 0.996110000000 0.996030000000 0.996120000000 0.995660000000 0.996150000000 0.996090000000 0.996040000000 0.996050000000 0.996140000000 0.996080000000 0.996090000000 0.936810000000 0.995230000000 0.996370000000 0.996130000000 0.994710000000 0.996160000000 0.996530000000 0.996120000000 0.995370000000 0.996800000000 0.996300000000 0.996030000000 0.995730000000 0.996030000000 0.996190000000 0.996080000000 0.995750000000 0.996190000000 0.995890000000 0.996150000000 0.996130000000 0.996020000000 0.996130000000 0.996120000000 0.995830000000 0.996250000000 0.995940000000 0.996100000000 0.996060000000 0.996130000000 0.996100000000 0.996080000000 0.996280000000 0.996090000000 0.995900000000 0.996060000000 0.996210000000 0.996220000000 0.996160000000 0.996120000000 0.996230000000 0.995960000000 0.996230000000 0.996060000000 0.996130000000 0.996090000000 0.996080000000 0.996090000000 0.996210000000 0.996200000000 0.996070000000 0.996060000000 0.996130000000 0.996120000000 0.996100000000 0.996100000000 0.996080000000 0.996100000000 0.996110000000 0.996090000000 0.996120000000 0.996090000000 0.996100000000 0.996090000000 

N_obs: 1000

File Format:
1- most to least reliable channels (taken entropies)
2- most to least reliable channels (taken error probabilities)
3- channels entropies (flipped)
4- channels error probabilities (flipped)
5- number of MontCarlo simulations
