511 510 509 508 507 506 505 504 503 502 501 500 499 498 497 495 494 493 492 491 490 489 487 486 485 483 479 478 477 476 475 474 473 471 470 469 467 463 462 461 459 455 447 446 445 444 443 442 441 439 431 415 383 382 381 379 375 437 435 438 496 429 255 482 488 472 484 468 427 430 465 460 466 481 458 380 423 378 367 457 454 413 453 414 440 436 434 377 411 433 451 428 373 254 374 426 480 425 464 351 253 407 456 371 422 366 412 251 421 365 452 376 410 319 432 399 450 247 372 363 419 409 252 239 350 127 223 191 424 406 359 449 370 250 349 249 347 405 369 343 335 318 364 420 311 315 317 246 303 245 243 287 403 235 237 189 231 187 219 207 238 175 123 159 215 190 95 221 111 183 119 398 126 125 63 222 362 397 418 361 395 391 408 417 358 357 355 348 346 448 341 248 345 339 342 333 334 331 404 327 314 299 307 309 316 310 368 301 313 302 286 295 285 242 283 244 279 234 236 233 186 206 173 241 230 218 205 214 185 188 213 171 174 271 229 401 203 107 181 167 179 402 122 217 182 158 151 211 227 110 121 118 199 157 117 109 94 155 103 87 79 220 143 93 115 91 124 62 55 59 47 61 396 31 393 394 360 390 389 387 356 416 354 353 340 330 338 329 332 344 298 337 326 306 297 300 308 325 294 305 282 293 312 284 323 278 281 291 277 275 170 172 204 202 169 166 212 180 106 165 108 201 150 105 149 232 228 153 116 269 270 101 147 178 163 102 86 83 85 154 210 156 89 92 267 184 177 90 209 99 216 198 75 114 226 240 77 141 142 53 71 58 400 197 51 54 139 57 78 113 120 43 225 39 45 60 263 46 195 135 27 29 30 23 392 15 388 386 385 352 328 324 292 296 336 276 280 274 290 322 84 273 304 268 148 289 164 100 168 146 74 82 104 152 76 321 200 145 81 265 266 140 73 162 52 88 41 196 138 42 44 137 50 98 161 49 208 70 56 69 37 176 38 97 35 67 262 25 28 112 26 261 134 194 133 21 19 22 224 259 193 131 14 13 11 7 384 272 264 40 72 36 136 288 144 68 80 320 20 48 34 24 160 260 132 33 66 18 17 96 65 12 130 258 10 9 129 192 257 6 5 3 16 32 8 64 4 128 256 2 1 0 

511 510 509 508 507 506 505 504 503 502 501 500 499 498 497 495 494 493 492 491 490 489 487 486 485 483 479 478 477 476 475 474 473 471 470 469 467 463 462 461 459 455 447 446 445 444 443 442 441 439 431 415 383 382 381 379 375 437 435 438 496 429 255 482 488 472 484 468 427 430 465 460 466 481 458 380 423 378 367 454 457 413 453 440 414 436 434 411 377 433 451 428 480 374 373 426 425 464 254 456 407 371 422 351 253 412 421 366 376 452 365 410 251 432 450 372 419 409 399 363 424 449 406 319 350 370 252 247 420 405 359 369 349 364 250 418 403 398 408 239 362 347 417 448 249 318 361 397 343 223 358 246 368 348 404 317 391 395 245 191 243 311 345 127 238 346 357 402 125 183 215 315 159 302 111 235 335 342 313 248 327 207 242 167 187 396 122 158 416 185 107 110 94 103 339 236 340 283 62 297 298 172 222 93 188 118 218 306 174 184 99 299 78 329 214 314 106 338 149 305 394 198 389 277 201 344 295 105 232 263 267 231 390 205 241 39 356 178 23 73 61 120 300 308 115 333 325 79 139 354 53 355 181 400 324 268 213 401 15 169 98 244 226 150 57 276 69 310 83 240 88 51 321 26 152 385 138 30 304 262 285 270 259 135 260 331 43 40 165 112 261 230 20 224 50 68 52 117 320 55 75 197 170 70 168 3 56 332 14 19 257 41 121 44 145 137 136 160 58 288 352 4 33 64 266 265 47 81 271 101 176 5 193 8 129 264 220 294 9 128 21 6 13 144 37 2 1 229 281 284 192 269 132 208 66 65 326 221 12 76 74 282 133 80 0 154 312 16 273 336 142 38 10 256 258 49 217 32 164 384 36 148 323 97 200 25 96 278 72 322 130 29 296 292 195 116 272 34 17 225 18 90 134 353 24 210 179 67 7 104 11 22 131 147 85 162 92 60 157 140 290 48 274 82 156 35 360 204 141 206 289 392 388 196 161 100 113 328 212 316 280 114 46 275 386 27 146 28 31 54 163 202 216 42 86 89 219 180 228 194 337 153 45 199 166 84 334 291 186 227 102 71 203 177 293 233 91 108 309 182 287 124 209 151 279 77 155 387 109 59 143 330 171 303 126 211 190 95 307 286 393 173 87 237 234 119 189 341 301 63 175 123 

0.000000000000 0.000000000000 0.000000000000 0.000000000000 0.000000000000 0.000000000000 0.000000000000 0.000000000000 0.000000000000 0.000000000000 0.000000000000 0.000000000000 0.000000000000 0.000000000000 0.000000000000 0.000000000000 0.000000000000 0.000000000000 0.000000000000 0.000000000000 0.000000000000 0.000000000000 0.000000000000 0.000000000001 0.000000000000 0.000000000000 0.000000000000 0.000000000007 0.000000000000 0.000000000001 0.000000003804 0.003396900000 0.000000000000 0.000000000000 0.000000000000 0.000000000000 0.000000000000 0.000000000000 0.000000000000 0.000000000002 0.000000000000 0.000000000000 0.000000000000 0.000000000013 0.000000000000 0.000000000650 0.000000000480 0.007349400000 0.000000000000 0.000000000000 0.000000000000 0.000000000620 0.000000000000 0.000000010125 0.000002926700 0.014427000000 0.000000000000 0.000003191800 0.000018517000 0.048711000000 0.000986480000 0.107800000000 0.228310000000 0.724000000000 0.000000000000 0.000000000000 0.000000000000 0.000000000000 0.000000000000 0.000000000000 0.000000000000 0.000022484000 0.000000000000 0.000000000000 0.000000000000 0.000061810000 0.000000000000 0.000154020000 0.000464830000 0.097217000000 0.000000000000 0.000000000172 0.000000000000 0.001841800000 0.000000000022 0.003259800000 0.006121000000 0.196620000000 0.000000214170 0.019480000000 0.035440000000 0.374820000000 0.122380000000 0.533740000000 0.628930000000 0.927950000000 0.000000000000 0.000021619000 0.000011333000 0.029067000000 0.000209060000 0.079022000000 0.139200000000 0.601570000000 0.013228000000 0.205190000000 0.328200000000 0.779110000000 0.431420000000 0.846650000000 0.843930000000 0.975370000000 0.102890000000 0.480280000000 0.524960000000 0.880570000000 0.567580000000 0.893420000000 0.892200000000 0.983210000000 0.583780000000 0.902430000000 0.910760000000 0.984570000000 0.922120000000 0.987300000000 0.989500000000 0.998640000000 0.000000000000 0.000000000000 0.000000000000 0.000000197530 0.000000000000 0.000000818770 0.000200460000 0.049823000000 0.000000000000 0.002610000000 0.002357300000 0.117770000000 0.018095000000 0.234190000000 0.334020000000 0.791150000000 0.000001254700 0.025113000000 0.047763000000 0.359970000000 0.122270000000 0.507390000000 0.559450000000 0.899470000000 0.222910000000 0.634360000000 0.648550000000 0.927740000000 0.674070000000 0.932700000000 0.940730000000 0.991670000000 0.009961800000 0.164050000000 0.264740000000 0.682510000000 0.315050000000 0.712690000000 0.742470000000 0.955990000000 0.336210000000 0.752240000000 0.731770000000 0.947780000000 0.750760000000 0.952570000000 0.956550000000 0.993700000000 0.351810000000 0.762050000000 0.759230000000 0.953460000000 0.763800000000 0.949290000000 0.953180000000 0.992360000000 0.779930000000 0.957650000000 0.960520000000 0.993090000000 0.965090000000 0.994420000000 0.995160000000 0.999340000000 0.095772000000 0.356520000000 0.383630000000 0.788740000000 0.377620000000 0.781420000000 0.798180000000 0.964450000000 0.377250000000 0.789240000000 0.787040000000 0.960030000000 0.785800000000 0.959310000000 0.963650000000 0.994620000000 0.389920000000 0.801340000000 0.796560000000 0.959910000000 0.785220000000 0.956100000000 0.959670000000 0.993390000000 0.804710000000 0.963000000000 0.963940000000 0.993240000000 0.965990000000 0.994340000000 0.994710000000 0.999250000000 0.418630000000 0.802160000000 0.811510000000 0.964560000000 0.817100000000 0.963870000000 0.965580000000 0.994100000000 0.823140000000 0.965460000000 0.967020000000 0.993750000000 0.967910000000 0.994290000000 0.994590000000 0.999190000000 0.840630000000 0.972350000000 0.972190000000 0.994670000000 0.973500000000 0.995310000000 0.995280000000 0.999210000000 0.977470000000 0.996380000000 0.996510000000 0.999380000000 0.997000000000 0.999550000000 0.999630000000 0.999950000000 0.000000000000 0.002600700000 0.012910000000 0.151470000000 0.033175000000 0.250350000000 0.303390000000 0.738940000000 0.117750000000 0.389100000000 0.404350000000 0.817480000000 0.408690000000 0.813580000000 0.835820000000 0.974480000000 0.158460000000 0.459390000000 0.444760000000 0.829320000000 0.444680000000 0.823300000000 0.830670000000 0.971920000000 0.449150000000 0.836060000000 0.841720000000 0.971980000000 0.851260000000 0.974430000000 0.976780000000 0.996790000000 0.167440000000 0.487590000000 0.471530000000 0.859700000000 0.456740000000 0.836240000000 0.847900000000 0.974230000000 0.464650000000 0.838180000000 0.840110000000 0.970440000000 0.849820000000 0.973070000000 0.973980000000 0.995840000000 0.458120000000 0.831250000000 0.836840000000 0.970120000000 0.844660000000 0.970170000000 0.971150000000 0.995190000000 0.852850000000 0.974330000000 0.975400000000 0.995520000000 0.978170000000 0.996530000000 0.997010000000 0.999610000000 0.179200000000 0.466450000000 0.448150000000 0.839230000000 0.456570000000 0.830790000000 0.838430000000 0.973560000000 0.476400000000 0.848570000000 0.845010000000 0.970450000000 0.845330000000 0.972510000000 0.973650000000 0.996090000000 0.460600000000 0.840350000000 0.834080000000 0.969810000000 0.840160000000 0.968670000000 0.970400000000 0.994900000000 0.845210000000 0.970410000000 0.970850000000 0.994750000000 0.972530000000 0.995360000000 0.995730000000 0.999380000000 0.463950000000 0.849020000000 0.853260000000 0.973150000000 0.856310000000 0.972950000000 0.971990000000 0.995130000000 0.849030000000 0.971300000000 0.971550000000 0.994700000000 0.972490000000 0.995040000000 0.995210000000 0.999250000000 0.860530000000 0.975160000000 0.975160000000 0.995310000000 0.975590000000 0.995530000000 0.995580000000 0.999250000000 0.978510000000 0.996520000000 0.996580000000 0.999390000000 0.997020000000 0.999540000000 0.999590000000 0.999950000000 0.165150000000 0.485170000000 0.485710000000 0.865800000000 0.463830000000 0.847100000000 0.852830000000 0.976600000000 0.479050000000 0.852840000000 0.853640000000 0.972010000000 0.862140000000 0.974360000000 0.976260000000 0.996440000000 0.476390000000 0.852680000000 0.854290000000 0.970960000000 0.844980000000 0.970640000000 0.971480000000 0.995090000000 0.857170000000 0.972780000000 0.972470000000 0.994750000000 0.974230000000 0.995720000000 0.996110000000 0.999450000000 0.469620000000 0.854890000000 0.861040000000 0.973480000000 0.864570000000 0.973840000000 0.973470000000 0.995420000000 0.857410000000 0.972910000000 0.972950000000 0.994480000000 0.972920000000 0.995080000000 0.995270000000 0.999290000000 0.858060000000 0.975980000000 0.974550000000 0.995130000000 0.974330000000 0.995040000000 0.995330000000 0.999240000000 0.975330000000 0.995850000000 0.995910000000 0.999270000000 0.996300000000 0.999410000000 0.999490000000 0.999940000000 0.486340000000 0.866110000000 0.876110000000 0.977320000000 0.871580000000 0.975370000000 0.975900000000 0.995870000000 0.870910000000 0.975520000000 0.975250000000 0.995400000000 0.975490000000 0.995700000000 0.995790000000 0.999350000000 0.875910000000 0.977910000000 0.977310000000 0.995560000000 0.976710000000 0.995540000000 0.995490000000 0.999220000000 0.976870000000 0.996110000000 0.996020000000 0.999240000000 0.996110000000 0.999350000000 0.999410000000 0.999920000000 0.887200000000 0.981450000000 0.981450000000 0.996430000000 0.981160000000 0.996480000000 0.996390000000 0.999370000000 0.981470000000 0.996770000000 0.996660000000 0.999350000000 0.996670000000 0.999430000000 0.999440000000 0.999910000000 0.983920000000 0.997500000000 0.997530000000 0.999530000000 0.997570000000 0.999560000000 0.999570000000 0.999930000000 0.997840000000 0.999660000000 0.999670000000 0.999940000000 0.999720000000 0.999960000000 0.999960000000 1.000000000000 

0.000000000000 0.000000000000 0.000000000000 0.000000000000 0.000000000000 0.000000000000 0.000000000000 0.000000000000 0.000000000000 0.000000000000 0.000000000000 0.000000000000 0.000000000000 0.000000000000 0.000000000000 0.000000000000 0.000000000000 0.000000000000 0.000000000000 0.000000000000 0.000000000000 0.000000000000 0.000000000000 0.000000000000 0.000000000000 0.000000000000 0.000000000000 0.000000000002 0.000000000000 0.000000000000 0.000000001299 0.007694500000 0.000000000000 0.000000000000 0.000000000000 0.000000000000 0.000000000000 0.000000000000 0.000000000000 0.000000000000 0.000000000000 0.000000000000 0.000000000000 0.000000000003 0.000000000000 0.000000000191 0.000000000128 0.017145000000 0.000000000000 0.000000000000 0.000000000000 0.000000000172 0.000000000000 0.000000003263 0.000001814500 0.034524000000 0.000000000000 0.000001622300 0.000011028000 0.146790000000 0.001119300000 0.226790000000 0.419250000000 0.936320000000 0.000000000000 0.000000000000 0.000000000000 0.000000000000 0.000000000000 0.000000000000 0.000000000000 0.000015865000 0.000000000000 0.000000000000 0.000000000000 0.000047482000 0.000000000000 0.000118970000 0.000476090000 0.218750000000 0.000000000000 0.000000000049 0.000000000000 0.003913400000 0.000000000005 0.013797000000 0.016323000000 0.417810000000 0.000000097967 0.053494000000 0.091715000000 0.663350000000 0.299880000000 0.846100000000 0.929000000000 0.995210000000 0.000000000000 0.000017603000 0.000006290800 0.088907000000 0.000163960000 0.187920000000 0.343230000000 0.889630000000 0.046702000000 0.486400000000 0.684400000000 0.982570000000 0.860020000000 0.992140000000 0.995970000000 0.995960000000 0.349280000000 0.888090000000 0.959660000000 0.995120000000 0.986740000000 0.995800000000 0.996810000000 0.996160000000 0.983900000000 0.995880000000 0.995820000000 0.996160000000 0.996490000000 0.996190000000 0.996020000000 0.996100000000 0.000000000000 0.000000000000 0.000000000000 0.000000082305 0.000000000000 0.000000378400 0.000275650000 0.139980000000 0.000000000000 0.007837900000 0.009154100000 0.296820000000 0.048105000000 0.575060000000 0.739120000000 0.980580000000 0.000000651770 0.106910000000 0.176880000000 0.784380000000 0.383470000000 0.904560000000 0.951210000000 0.996150000000 0.698220000000 0.971490000000 0.991450000000 0.995890000000 0.995950000000 0.995940000000 0.996120000000 0.996080000000 0.061926000000 0.558550000000 0.777270000000 0.982290000000 0.921610000000 0.991400000000 0.990560000000 0.995850000000 0.967150000000 0.994150000000 0.997240000000 0.995490000000 0.995480000000 0.995790000000 0.996250000000 0.996100000000 0.994060000000 0.996290000000 0.995920000000 0.996070000000 0.996050000000 0.996530000000 0.995750000000 0.996170000000 0.994430000000 0.996090000000 0.995930000000 0.995960000000 0.996100000000 0.996110000000 0.996010000000 0.996060000000 0.534940000000 0.944220000000 0.983860000000 0.996180000000 0.993330000000 0.995760000000 0.994300000000 0.996100000000 0.990510000000 0.996000000000 0.996410000000 0.995920000000 0.996790000000 0.995720000000 0.995800000000 0.996030000000 0.996550000000 0.993830000000 0.997300000000 0.995910000000 0.995750000000 0.995560000000 0.995540000000 0.996110000000 0.995850000000 0.996090000000 0.996370000000 0.996110000000 0.996290000000 0.996140000000 0.996160000000 0.996080000000 0.996430000000 0.996800000000 0.996030000000 0.996090000000 0.995510000000 0.996090000000 0.996090000000 0.996180000000 0.996470000000 0.996110000000 0.995840000000 0.995990000000 0.996190000000 0.996140000000 0.996100000000 0.996110000000 0.996080000000 0.996030000000 0.996090000000 0.995960000000 0.995870000000 0.996080000000 0.996080000000 0.996080000000 0.995870000000 0.996030000000 0.996050000000 0.996050000000 0.996030000000 0.996100000000 0.996070000000 0.996100000000 0.000000000000 0.018534000000 0.077376000000 0.577460000000 0.213110000000 0.789270000000 0.938380000000 0.994340000000 0.636460000000 0.974970000000 0.988350000000 0.995980000000 0.988470000000 0.994750000000 0.995880000000 0.996010000000 0.901590000000 0.991390000000 0.996910000000 0.995480000000 0.994040000000 0.996970000000 0.996390000000 0.995870000000 0.995870000000 0.996050000000 0.996090000000 0.996230000000 0.996320000000 0.995980000000 0.996120000000 0.996060000000 0.967660000000 0.995570000000 0.996090000000 0.996090000000 0.996230000000 0.995710000000 0.996100000000 0.996220000000 0.993070000000 0.995750000000 0.995970000000 0.996170000000 0.996630000000 0.996120000000 0.996460000000 0.996090000000 0.994550000000 0.996160000000 0.995880000000 0.996150000000 0.996360000000 0.996220000000 0.995840000000 0.996100000000 0.996270000000 0.995810000000 0.996060000000 0.996160000000 0.996110000000 0.996250000000 0.996080000000 0.996090000000 0.988430000000 0.996660000000 0.997230000000 0.995660000000 0.995090000000 0.996300000000 0.995240000000 0.995730000000 0.993050000000 0.996420000000 0.995950000000 0.996230000000 0.996120000000 0.995900000000 0.996360000000 0.996080000000 0.998370000000 0.995720000000 0.996810000000 0.995560000000 0.996540000000 0.996060000000 0.995970000000 0.996070000000 0.994970000000 0.996280000000 0.996050000000 0.996100000000 0.996210000000 0.996130000000 0.996160000000 0.996080000000 0.993810000000 0.995180000000 0.996140000000 0.996150000000 0.996480000000 0.996100000000 0.996260000000 0.996020000000 0.996460000000 0.995980000000 0.995790000000 0.996100000000 0.996130000000 0.996190000000 0.996070000000 0.996090000000 0.996530000000 0.996100000000 0.996160000000 0.996140000000 0.995940000000 0.996020000000 0.996080000000 0.996080000000 0.996050000000 0.996120000000 0.996100000000 0.996090000000 0.996130000000 0.996110000000 0.996080000000 0.996090000000 0.990580000000 0.996570000000 0.992630000000 0.996440000000 0.998570000000 0.995130000000 0.996070000000 0.995910000000 0.997130000000 0.995700000000 0.996060000000 0.996110000000 0.995920000000 0.996190000000 0.996170000000 0.996050000000 0.993840000000 0.995370000000 0.996510000000 0.996400000000 0.995240000000 0.995780000000 0.995860000000 0.996130000000 0.995450000000 0.996330000000 0.996080000000 0.996160000000 0.995740000000 0.995980000000 0.996100000000 0.996110000000 0.996740000000 0.995400000000 0.995580000000 0.996140000000 0.996390000000 0.996120000000 0.996230000000 0.996010000000 0.996850000000 0.996230000000 0.996130000000 0.996280000000 0.996000000000 0.996140000000 0.996080000000 0.996100000000 0.995930000000 0.995750000000 0.996470000000 0.996090000000 0.996060000000 0.996090000000 0.995900000000 0.996110000000 0.996350000000 0.996070000000 0.995990000000 0.996060000000 0.996120000000 0.996090000000 0.996090000000 0.996080000000 0.997640000000 0.995510000000 0.995910000000 0.996140000000 0.996520000000 0.996080000000 0.995990000000 0.996070000000 0.996060000000 0.996200000000 0.995950000000 0.996060000000 0.996010000000 0.996060000000 0.996100000000 0.996140000000 0.996080000000 0.996190000000 0.996270000000 0.996070000000 0.996050000000 0.996220000000 0.996070000000 0.996050000000 0.995880000000 0.996100000000 0.996090000000 0.996100000000 0.996150000000 0.996110000000 0.996080000000 0.996100000000 0.996200000000 0.996030000000 0.996110000000 0.996200000000 0.996190000000 0.996020000000 0.996110000000 0.996120000000 0.995900000000 0.996130000000 0.996090000000 0.996060000000 0.996070000000 0.996120000000 0.996120000000 0.996100000000 0.995970000000 0.996070000000 0.996090000000 0.996090000000 0.996130000000 0.996100000000 0.996090000000 0.996080000000 0.996130000000 0.996090000000 0.996080000000 0.996080000000 0.996070000000 0.996090000000 0.996090000000 0.996100000000 

N_obs: 200

File Format:
1- most to least reliable channels (taken entropies)
2- most to least reliable channels (taken error probabilities)
3- channels entropies (flipped)
4- channels error probabilities (flipped)
5- number of MontCarlo simulations
