511 510 509 508 507 506 505 503 502 501 499 495 494 493 491 487 479 447 478 475 477 500 471 504 497 490 489 498 492 446 486 476 485 445 474 463 483 473 443 470 383 496 469 488 439 484 467 444 462 382 482 255 442 461 431 472 381 441 481 127 415 379 459 191 319 223 468 239 247 375 438 367 251 351 253 63 254 455 437 95 159 287 111 466 119 123 31 435 399 175 125 207 335 303 430 183 423 126 427 311 315 407 380 231 215 187 429 465 189 411 343 317 219 413 359 235 460 347 221 318 143 243 190 414 377 47 271 237 79 363 371 349 245 378 238 222 365 373 246 15 249 350 374 59 366 250 55 61 440 62 252 458 103 87 457 480 151 167 391 279 199 295 327 451 115 91 93 155 453 454 157 285 283 94 107 158 71 135 39 263 23 286 117 109 436 7 121 395 419 179 403 307 110 171 203 211 299 122 331 118 227 29 339 433 30 27 355 397 205 434 173 206 301 398 124 333 174 421 185 302 181 425 309 334 313 405 409 213 229 422 217 182 233 186 310 51 426 428 406 314 341 214 357 345 230 99 75 410 139 83 43 147 361 163 291 188 195 241 387 275 267 323 342 218 316 369 234 358 412 464 220 67 35 131 19 11 259 346 57 3 236 242 362 244 370 348 46 376 45 77 141 270 142 372 78 364 269 13 53 58 14 248 60 449 113 54 89 105 101 153 281 85 149 165 393 293 401 177 197 389 169 305 201 417 277 209 297 325 329 337 225 456 353 102 92 86 25 450 49 452 156 284 97 150 37 166 69 81 73 41 137 145 21 133 390 161 273 289 265 193 294 261 385 321 198 114 278 326 90 116 33 17 65 9 5 129 257 154 1 108 106 282 120 28 396 432 204 178 402 172 418 394 300 70 22 38 134 306 420 332 262 202 170 180 210 404 308 6 298 184 424 330 312 226 338 212 408 228 216 354 232 340 356 344 360 240 368 56 26 52 76 44 50 140 112 448 268 104 98 88 100 152 82 74 42 146 280 84 138 162 148 290 274 392 164 168 200 292 194 296 400 176 266 388 196 386 276 304 322 328 208 416 324 336 224 352 12 24 48 34 66 72 40 18 80 36 96 68 136 144 20 10 130 132 160 272 264 288 258 260 192 384 320 16 32 2 64 8 4 128 256 0 

511 510 509 508 507 506 505 503 502 501 499 495 494 493 491 487 479 447 478 475 477 500 471 504 490 497 489 498 492 446 476 486 485 474 463 445 483 473 470 443 383 496 469 488 439 484 467 444 462 482 461 472 442 382 481 431 441 468 459 381 438 255 466 437 379 455 415 465 460 430 435 375 480 440 458 380 429 457 367 254 427 436 378 253 454 351 414 423 377 464 239 251 434 453 413 407 374 373 238 183 63 157 235 451 191 237 363 190 371 317 391 250 433 222 223 349 319 243 47 158 207 287 94 182 188 376 39 395 122 426 412 303 142 409 283 229 263 55 234 411 60 346 211 341 205 121 275 252 348 215 124 45 171 163 131 422 233 299 428 165 91 174 269 75 249 111 87 41 58 362 57 331 398 318 293 323 270 126 335 86 110 432 284 198 230 456 119 244 295 129 314 44 81 401 102 70 337 273 114 302 219 31 184 52 156 19 203 329 424 310 417 278 308 325 286 89 33 242 105 106 11 326 88 138 169 224 112 217 419 330 312 118 289 97 83 370 338 25 113 321 292 146 162 194 356 277 92 145 53 257 241 406 109 168 290 208 360 392 345 12 61 7 416 153 100 49 340 172 204 276 354 10 388 3 322 408 72 344 128 132 201 327 384 98 164 8 96 17 32 180 15 34 64 24 136 336 0 306 16 268 386 320 260 40 68 66 2 200 4 48 160 448 140 170 74 192 256 130 104 210 258 288 177 240 144 18 20 304 264 36 359 266 324 352 9 316 396 425 173 262 328 84 116 42 82 1 178 394 28 389 73 166 196 272 265 134 80 69 152 148 26 390 418 216 133 259 6 298 282 103 85 150 176 294 332 5 21 56 357 139 296 50 197 300 393 274 212 280 232 206 23 149 35 261 181 193 76 120 37 29 38 291 400 364 450 245 404 209 199 228 226 27 236 449 108 368 101 137 452 334 420 358 353 154 90 347 410 67 271 402 365 361 297 385 65 13 248 218 54 202 147 421 313 51 372 78 127 281 30 405 214 46 267 14 22 186 161 333 135 225 279 141 227 305 195 220 115 246 93 151 213 369 43 403 339 95 309 99 247 179 387 167 366 301 185 189 62 342 77 397 307 59 343 117 155 79 107 175 71 187 221 143 123 285 355 315 159 125 350 399 231 311 

0.000000000000 0.000000000000 0.000000000000 0.000000000000 0.000000000000 0.000000000000 0.000000000000 0.000000001419 0.000000000000 0.000000000000 0.000000000000 0.000000000698 0.000000000000 0.000003691600 0.000002479300 0.008597500000 0.000000000000 0.000000000000 0.000000000000 0.000006722500 0.000000000000 0.000002626800 0.000003320400 0.017911000000 0.000000000000 0.000069483000 0.000131410000 0.037669000000 0.001315500000 0.084390000000 0.166920000000 0.641560000000 0.000000000000 0.000000000000 0.000000000001 0.000088902000 0.000000000000 0.000697510000 0.002333200000 0.110310000000 0.000000001099 0.003446600000 0.011261000000 0.214830000000 0.046070000000 0.353270000000 0.449610000000 0.848630000000 0.001009300000 0.053330000000 0.098051000000 0.477440000000 0.193760000000 0.606280000000 0.636630000000 0.928410000000 0.291070000000 0.690670000000 0.690140000000 0.943400000000 0.658380000000 0.942570000000 0.902740000000 0.994430000000 0.000000000000 0.000060409000 0.000573850000 0.048746000000 0.002610500000 0.096140000000 0.155800000000 0.574280000000 0.024080000000 0.226230000000 0.305660000000 0.728090000000 0.367300000000 0.774760000000 0.756620000000 0.965940000000 0.104410000000 0.408030000000 0.442280000000 0.822340000000 0.434390000000 0.820450000000 0.794340000000 0.972320000000 0.420510000000 0.811420000000 0.791300000000 0.970130000000 0.735310000000 0.968420000000 0.921800000000 0.997040000000 0.183890000000 0.496370000000 0.467910000000 0.847790000000 0.460460000000 0.831070000000 0.804990000000 0.974550000000 0.436140000000 0.822790000000 0.798290000000 0.971730000000 0.740560000000 0.968260000000 0.921090000000 0.996760000000 0.384430000000 0.783610000000 0.768220000000 0.965650000000 0.734820000000 0.968840000000 0.920340000000 0.996480000000 0.644030000000 0.945950000000 0.921400000000 0.996790000000 0.837010000000 0.996800000000 0.947150000000 0.999760000000 0.003908100000 0.074495000000 0.123600000000 0.436900000000 0.186020000000 0.516120000000 0.498610000000 0.873910000000 0.225790000000 0.547270000000 0.528310000000 0.877720000000 0.503220000000 0.869760000000 0.843870000000 0.983560000000 0.227890000000 0.553440000000 0.525750000000 0.877870000000 0.503130000000 0.864310000000 0.833490000000 0.980720000000 0.470280000000 0.846130000000 0.826540000000 0.979010000000 0.763460000000 0.976880000000 0.929000000000 0.997950000000 0.230140000000 0.544370000000 0.508340000000 0.869940000000 0.490240000000 0.856570000000 0.826980000000 0.979320000000 0.461620000000 0.840880000000 0.823470000000 0.977450000000 0.756580000000 0.973800000000 0.925670000000 0.997350000000 0.398680000000 0.796190000000 0.785620000000 0.970320000000 0.749040000000 0.972490000000 0.924070000000 0.996970000000 0.650990000000 0.948810000000 0.923390000000 0.997080000000 0.837960000000 0.996930000000 0.947270000000 0.999760000000 0.198210000000 0.491720000000 0.463210000000 0.842590000000 0.435200000000 0.823350000000 0.796860000000 0.973220000000 0.435110000000 0.819310000000 0.796010000000 0.971800000000 0.741270000000 0.969880000000 0.921630000000 0.996890000000 0.399630000000 0.791520000000 0.782110000000 0.969340000000 0.745560000000 0.971900000000 0.923190000000 0.996730000000 0.648140000000 0.946950000000 0.920970000000 0.996680000000 0.835220000000 0.996410000000 0.946510000000 0.999700000000 0.322610000000 0.714560000000 0.693500000000 0.944090000000 0.694580000000 0.957190000000 0.914150000000 0.995800000000 0.644530000000 0.948180000000 0.922040000000 0.996860000000 0.837120000000 0.996440000000 0.946310000000 0.999680000000 0.500580000000 0.876950000000 0.879450000000 0.994450000000 0.837400000000 0.996780000000 0.946690000000 0.999680000000 0.713160000000 0.970320000000 0.947120000000 0.999740000000 0.856330000000 0.999730000000 0.952590000000 0.999980000000 0.085631000000 0.261350000000 0.230860000000 0.603070000000 0.229030000000 0.558930000000 0.543690000000 0.896720000000 0.221950000000 0.535110000000 0.511260000000 0.866540000000 0.492940000000 0.862630000000 0.836420000000 0.982700000000 0.216360000000 0.518830000000 0.500830000000 0.861590000000 0.473600000000 0.844680000000 0.817800000000 0.977390000000 0.437130000000 0.827220000000 0.810030000000 0.974700000000 0.752710000000 0.973340000000 0.925740000000 0.997580000000 0.214520000000 0.524870000000 0.491400000000 0.852350000000 0.466170000000 0.841150000000 0.812340000000 0.976250000000 0.440440000000 0.826040000000 0.806840000000 0.973950000000 0.744940000000 0.971260000000 0.922690000000 0.997030000000 0.392650000000 0.779970000000 0.773520000000 0.967870000000 0.743840000000 0.970350000000 0.921750000000 0.996600000000 0.645000000000 0.947350000000 0.921380000000 0.996800000000 0.835850000000 0.996680000000 0.946890000000 0.999740000000 0.197670000000 0.494570000000 0.454100000000 0.835260000000 0.442000000000 0.818450000000 0.791320000000 0.972140000000 0.420150000000 0.815680000000 0.793010000000 0.970900000000 0.736260000000 0.968090000000 0.921260000000 0.996780000000 0.389030000000 0.786780000000 0.774770000000 0.968350000000 0.741450000000 0.970410000000 0.921580000000 0.996580000000 0.643810000000 0.945000000000 0.919840000000 0.996530000000 0.834330000000 0.996150000000 0.946200000000 0.999670000000 0.321570000000 0.705500000000 0.692480000000 0.943930000000 0.688900000000 0.953490000000 0.911140000000 0.995300000000 0.642840000000 0.944860000000 0.919360000000 0.996390000000 0.833100000000 0.995780000000 0.945540000000 0.999610000000 0.492760000000 0.877020000000 0.876880000000 0.993540000000 0.832180000000 0.996090000000 0.945500000000 0.999600000000 0.710710000000 0.969660000000 0.945830000000 0.999650000000 0.854670000000 0.999630000000 0.952260000000 0.999970000000 0.172920000000 0.428930000000 0.389400000000 0.784400000000 0.366120000000 0.748710000000 0.732370000000 0.957260000000 0.357470000000 0.751350000000 0.723070000000 0.951530000000 0.673830000000 0.947610000000 0.903340000000 0.994180000000 0.350480000000 0.741290000000 0.726010000000 0.954730000000 0.697220000000 0.955620000000 0.909180000000 0.994640000000 0.617160000000 0.935310000000 0.910710000000 0.995150000000 0.828710000000 0.994730000000 0.944580000000 0.999570000000 0.312500000000 0.695320000000 0.684310000000 0.940310000000 0.680730000000 0.951040000000 0.908080000000 0.994830000000 0.632060000000 0.941590000000 0.916900000000 0.996030000000 0.832460000000 0.995440000000 0.945130000000 0.999570000000 0.501920000000 0.877820000000 0.876120000000 0.992810000000 0.830630000000 0.995510000000 0.945140000000 0.999540000000 0.707210000000 0.969450000000 0.945000000000 0.999570000000 0.854370000000 0.999540000000 0.951710000000 0.999960000000 0.250440000000 0.581290000000 0.560880000000 0.899450000000 0.550540000000 0.892510000000 0.856970000000 0.984960000000 0.560200000000 0.906580000000 0.890150000000 0.992100000000 0.820380000000 0.993230000000 0.942950000000 0.999450000000 0.499370000000 0.870410000000 0.873960000000 0.992880000000 0.832480000000 0.995640000000 0.945170000000 0.999550000000 0.712420000000 0.969510000000 0.944890000000 0.999570000000 0.854530000000 0.999520000000 0.951600000000 0.999960000000 0.367220000000 0.760950000000 0.754020000000 0.961100000000 0.761270000000 0.985730000000 0.941940000000 0.999410000000 0.713520000000 0.969500000000 0.945580000000 0.999610000000 0.854720000000 0.999560000000 0.951670000000 0.999960000000 0.536810000000 0.896440000000 0.888880000000 0.999240000000 0.855170000000 0.999620000000 0.951950000000 0.999960000000 0.728390000000 0.971830000000 0.952080000000 0.999970000000 0.859920000000 0.999960000000 0.954060000000 1.000000000000 

0.000000000000 0.000000000000 0.000000000000 0.000000000000 0.000000000000 0.000000000000 0.000000000000 0.000000000408 0.000000000000 0.000000000000 0.000000000000 0.000000000184 0.000000000000 0.000002566700 0.000001602000 0.027629000000 0.000000000000 0.000000000000 0.000000000000 0.000005065800 0.000000000000 0.000001541600 0.000001807800 0.045262000000 0.000000000000 0.000096630000 0.000142760000 0.087325000000 0.003436100000 0.186850000000 0.349500000000 0.897360000000 0.000000000000 0.000000000000 0.000000000000 0.000071099000 0.000000000000 0.001607400000 0.005765100000 0.262470000000 0.000000000317 0.008417800000 0.028142000000 0.440280000000 0.127050000000 0.660240000000 0.797570000000 0.984330000000 0.002234600000 0.142860000000 0.248940000000 0.801980000000 0.495040000000 0.924460000000 0.959820000000 0.991970000000 0.752380000000 0.979520000000 0.988430000000 0.992370000000 0.990080000000 0.992330000000 0.992340000000 0.992190000000 0.000000000000 0.000050692000 0.002813200000 0.141960000000 0.008972700000 0.266780000000 0.411130000000 0.905380000000 0.083883000000 0.553350000000 0.734240000000 0.974730000000 0.880070000000 0.988340000000 0.990600000000 0.991940000000 0.386260000000 0.874060000000 0.947670000000 0.991750000000 0.974230000000 0.991340000000 0.992220000000 0.992040000000 0.982140000000 0.991720000000 0.992460000000 0.992380000000 0.992100000000 0.992240000000 0.992050000000 0.992170000000 0.777780000000 0.980750000000 0.988830000000 0.991350000000 0.991550000000 0.992400000000 0.991390000000 0.992180000000 0.988900000000 0.992160000000 0.992500000000 0.992330000000 0.992680000000 0.992410000000 0.992000000000 0.992320000000 0.994580000000 0.991890000000 0.993010000000 0.992220000000 0.991220000000 0.992220000000 0.992280000000 0.992170000000 0.990490000000 0.992240000000 0.992220000000 0.992180000000 0.992820000000 0.992190000000 0.992430000000 0.992190000000 0.018166000000 0.314400000000 0.499130000000 0.924920000000 0.735870000000 0.975780000000 0.982560000000 0.991200000000 0.896110000000 0.989800000000 0.989820000000 0.992460000000 0.990470000000 0.992120000000 0.992650000000 0.992350000000 0.963330000000 0.992860000000 0.992420000000 0.992320000000 0.990330000000 0.991870000000 0.992420000000 0.992170000000 0.992210000000 0.992380000000 0.992260000000 0.992150000000 0.993910000000 0.992180000000 0.992380000000 0.992210000000 0.979710000000 0.994300000000 0.990820000000 0.991640000000 0.992400000000 0.991560000000 0.992170000000 0.992180000000 0.993150000000 0.992960000000 0.991590000000 0.992170000000 0.992680000000 0.992120000000 0.992010000000 0.992190000000 0.991910000000 0.992370000000 0.992550000000 0.992260000000 0.991870000000 0.992110000000 0.992040000000 0.992220000000 0.992180000000 0.992100000000 0.992070000000 0.992210000000 0.991900000000 0.992180000000 0.992140000000 0.992190000000 0.990840000000 0.991900000000 0.990470000000 0.992220000000 0.993950000000 0.992000000000 0.992460000000 0.992110000000 0.994860000000 0.992050000000 0.992720000000 0.992060000000 0.993040000000 0.992190000000 0.992610000000 0.992210000000 0.991360000000 0.992020000000 0.992870000000 0.992270000000 0.991730000000 0.992250000000 0.992420000000 0.992270000000 0.991980000000 0.992260000000 0.991900000000 0.992140000000 0.992310000000 0.992160000000 0.992110000000 0.992200000000 0.991070000000 0.992080000000 0.993860000000 0.991950000000 0.991410000000 0.992250000000 0.992480000000 0.992290000000 0.992590000000 0.992050000000 0.992150000000 0.992180000000 0.991620000000 0.992280000000 0.992010000000 0.992230000000 0.992410000000 0.991910000000 0.991800000000 0.992190000000 0.992510000000 0.992210000000 0.992230000000 0.992210000000 0.991470000000 0.992220000000 0.992300000000 0.992190000000 0.992250000000 0.992200000000 0.992160000000 0.992190000000 0.598500000000 0.966820000000 0.978930000000 0.991630000000 0.987050000000 0.990530000000 0.991810000000 0.992440000000 0.992750000000 0.992630000000 0.992330000000 0.991970000000 0.990890000000 0.992080000000 0.992160000000 0.992200000000 0.986590000000 0.989830000000 0.990160000000 0.992340000000 0.990020000000 0.991520000000 0.991720000000 0.992290000000 0.994670000000 0.991960000000 0.991460000000 0.992330000000 0.992610000000 0.992330000000 0.992570000000 0.992100000000 0.990810000000 0.990710000000 0.993500000000 0.992620000000 0.992020000000 0.992440000000 0.992100000000 0.992240000000 0.991650000000 0.992510000000 0.992650000000 0.992290000000 0.991570000000 0.992200000000 0.992330000000 0.992170000000 0.991040000000 0.992290000000 0.991600000000 0.992170000000 0.992030000000 0.992440000000 0.992180000000 0.992190000000 0.992330000000 0.991960000000 0.992270000000 0.992230000000 0.992620000000 0.992150000000 0.992300000000 0.992190000000 0.990150000000 0.990450000000 0.992940000000 0.991200000000 0.993470000000 0.992530000000 0.992890000000 0.992020000000 0.989840000000 0.991170000000 0.992300000000 0.992190000000 0.992790000000 0.992220000000 0.992200000000 0.992250000000 0.993380000000 0.991780000000 0.992220000000 0.992170000000 0.991700000000 0.992190000000 0.992100000000 0.992160000000 0.992830000000 0.992230000000 0.991750000000 0.992190000000 0.991710000000 0.992150000000 0.992550000000 0.992190000000 0.994000000000 0.990940000000 0.990010000000 0.992030000000 0.993210000000 0.992390000000 0.992170000000 0.992240000000 0.992650000000 0.992250000000 0.992290000000 0.992240000000 0.992450000000 0.992140000000 0.992150000000 0.992200000000 0.993570000000 0.991390000000 0.992600000000 0.992190000000 0.992270000000 0.992100000000 0.992370000000 0.992190000000 0.992560000000 0.992230000000 0.992250000000 0.992180000000 0.991710000000 0.992200000000 0.991990000000 0.992180000000 0.992480000000 0.991910000000 0.994090000000 0.991690000000 0.993750000000 0.991220000000 0.991610000000 0.992300000000 0.991970000000 0.992110000000 0.993160000000 0.992220000000 0.992620000000 0.992010000000 0.992140000000 0.992100000000 0.991820000000 0.991930000000 0.992160000000 0.992350000000 0.993350000000 0.992090000000 0.992090000000 0.992200000000 0.992250000000 0.992000000000 0.992360000000 0.992170000000 0.992740000000 0.992190000000 0.992110000000 0.992190000000 0.992690000000 0.991150000000 0.992630000000 0.992150000000 0.991770000000 0.992390000000 0.992080000000 0.992100000000 0.991860000000 0.991920000000 0.992250000000 0.992220000000 0.992120000000 0.992220000000 0.992000000000 0.992230000000 0.993220000000 0.992470000000 0.992980000000 0.992300000000 0.991810000000 0.992190000000 0.992230000000 0.992180000000 0.993410000000 0.992010000000 0.992240000000 0.992190000000 0.992400000000 0.992190000000 0.992440000000 0.992190000000 0.989950000000 0.992960000000 0.992170000000 0.991560000000 0.993130000000 0.991860000000 0.991870000000 0.992260000000 0.991490000000 0.992440000000 0.992160000000 0.992020000000 0.992460000000 0.992270000000 0.992170000000 0.992190000000 0.990930000000 0.992510000000 0.991690000000 0.992000000000 0.992660000000 0.992220000000 0.991860000000 0.992190000000 0.991200000000 0.992310000000 0.992310000000 0.992210000000 0.992290000000 0.992190000000 0.992080000000 0.992190000000 0.992020000000 0.992500000000 0.992310000000 0.992220000000 0.992340000000 0.992240000000 0.992130000000 0.992190000000 0.992290000000 0.992520000000 0.992260000000 0.992200000000 0.992030000000 0.992200000000 0.992190000000 0.992190000000 0.992190000000 0.992520000000 0.992440000000 0.992170000000 0.992100000000 0.992180000000 0.992210000000 0.992190000000 0.992170000000 0.992250000000 0.992260000000 0.992190000000 0.992180000000 0.992190000000 0.992220000000 0.992190000000 

N_obs: 1000

File Format:
1- most to least reliable channels (taken entropies)
2- most to least reliable channels (taken error probabilities)
3- channels entropies (flipped)
4- channels error probabilities (flipped)
5- number of MontCarlo simulations
