511 510 509 508 507 506 505 504 503 502 501 500 499 498 497 496 495 494 493 492 491 490 489 488 487 486 485 484 483 482 481 479 478 477 476 475 474 473 471 470 469 467 463 462 461 459 455 447 446 445 444 443 442 441 439 438 437 435 431 430 429 427 423 415 414 413 383 382 381 380 379 375 367 255 411 460 472 468 466 465 378 458 374 377 454 457 351 440 407 453 254 373 434 451 371 436 433 428 425 426 366 365 422 412 421 251 399 363 480 409 410 419 456 253 464 452 376 372 406 319 350 359 247 370 450 432 349 252 405 424 449 369 364 347 250 420 403 362 398 239 249 418 361 397 318 408 246 343 223 358 417 127 191 317 348 245 395 335 404 357 315 243 368 346 311 238 303 287 237 248 391 355 235 448 231 402 345 221 222 219 207 215 187 175 159 119 189 126 183 123 125 63 95 190 111 342 360 401 341 396 339 316 244 334 333 331 327 416 314 394 242 313 241 309 356 310 307 393 299 301 302 295 285 286 279 283 234 236 354 390 229 271 230 233 389 213 227 218 206 203 182 186 214 211 171 353 220 387 181 217 158 185 179 205 173 93 155 110 344 167 174 118 117 157 124 109 91 199 94 87 188 122 151 103 115 107 79 121 143 62 61 59 55 47 31 340 400 338 337 330 332 329 326 325 308 323 312 306 298 300 297 294 392 284 240 305 293 282 277 278 275 281 291 228 270 269 388 212 226 170 232 267 202 178 210 169 154 172 204 180 201 90 156 83 153 116 386 165 150 149 166 108 92 89 216 85 147 209 105 86 163 225 106 102 263 101 77 177 114 184 198 197 75 78 71 99 57 113 141 54 60 142 58 352 51 139 53 120 385 43 195 39 45 135 46 30 27 29 23 15 336 324 328 322 276 296 292 321 274 273 280 304 290 268 289 266 265 148 84 164 76 82 168 81 152 200 74 73 100 146 88 104 52 145 162 140 138 196 137 41 262 70 69 98 49 42 56 161 208 50 44 261 176 38 37 67 97 35 224 112 194 259 25 134 28 133 26 21 193 19 384 22 131 13 14 11 7 272 320 264 72 288 80 136 68 260 36 40 144 48 34 132 24 20 66 160 96 33 18 17 258 65 12 130 257 192 10 9 129 6 5 3 32 16 8 64 256 4 128 2 1 0 

511 510 509 508 507 506 505 504 503 502 501 500 499 498 497 496 495 494 493 492 491 490 489 488 487 486 485 484 483 482 481 479 478 477 476 475 474 473 471 470 469 467 463 462 461 459 455 447 446 445 444 443 442 441 439 438 437 435 431 430 429 427 423 415 414 413 383 382 381 380 379 375 367 255 411 460 472 468 466 465 378 458 374 377 454 457 351 440 407 453 254 373 434 451 371 436 433 428 425 426 366 365 422 412 421 251 399 363 480 409 410 419 456 452 464 376 253 372 406 350 359 432 450 370 319 247 349 449 252 405 424 369 364 347 420 403 250 362 398 418 249 408 361 397 417 239 318 358 246 343 404 395 348 317 357 368 245 346 448 402 335 223 355 248 391 345 360 396 243 401 315 238 416 342 311 237 191 341 394 316 244 356 339 354 393 334 242 353 389 219 331 344 63 222 303 333 314 310 127 235 231 313 400 125 287 390 309 299 387 111 179 187 207 284 118 55 340 271 93 215 119 186 122 157 352 115 233 241 92 177 202 338 174 154 90 212 206 282 225 159 89 325 283 388 300 326 117 323 385 15 62 298 75 42 99 120 305 30 86 83 218 275 23 135 276 114 269 137 278 143 153 168 82 56 332 267 196 270 131 296 194 211 101 240 294 116 102 22 53 290 155 297 321 148 29 328 274 178 79 10 324 24 20 88 11 68 35 13 176 266 71 264 37 384 34 70 152 69 72 9 44 166 184 46 16 201 33 104 64 273 50 77 81 66 259 8 76 263 292 4 105 262 129 144 0 67 256 51 32 320 160 12 48 213 257 18 98 80 195 208 228 14 2 128 192 149 1 97 73 27 6 322 5 142 17 38 386 65 260 130 58 180 134 96 7 293 3 57 132 164 261 78 288 140 52 107 145 272 209 268 28 146 133 162 25 100 36 112 138 136 40 258 161 84 147 232 109 26 306 39 280 113 169 175 224 193 43 21 200 19 197 277 74 60 108 151 265 170 85 289 47 329 308 49 139 163 226 141 304 210 216 41 281 312 336 198 330 106 158 214 171 54 291 156 337 165 190 204 172 220 150 59 205 185 392 31 45 327 126 236 61 87 203 234 199 188 217 181 227 301 94 167 229 110 103 91 279 121 173 295 307 124 302 221 123 286 182 230 285 183 189 95 

0.000000000000 0.000000000000 0.000000000000 0.000000000000 0.000000000000 0.000000000000 0.000000000000 0.000000000000 0.000000000000 0.000000000000 0.000000000000 0.000000000000 0.000000000000 0.000000000000 0.000000000000 0.000000000000 0.000000000000 0.000000000000 0.000000000000 0.000000000000 0.000000000000 0.000000000000 0.000000000000 0.000000000000 0.000000000000 0.000000000000 0.000000000000 0.000000000000 0.000000000000 0.000000000000 0.000000000000 0.000071866000 0.000000000000 0.000000000000 0.000000000000 0.000000000000 0.000000000000 0.000000000000 0.000000000000 0.000000000000 0.000000000000 0.000000000000 0.000000000000 0.000000000000 0.000000000000 0.000000000000 0.000000000000 0.000657810000 0.000000000000 0.000000000000 0.000000000000 0.000000000000 0.000000000000 0.000000000000 0.000000000001 0.000399200000 0.000000000000 0.000000000001 0.000000000002 0.001080300000 0.000000000041 0.006239200000 0.012685000000 0.342740000000 0.000000000000 0.000000000000 0.000000000000 0.000000000000 0.000000000000 0.000000000000 0.000000000000 0.000000000001 0.000000000000 0.000000000000 0.000000000000 0.000000000119 0.000000000000 0.000000000014 0.000000000999 0.006488200000 0.000000000000 0.000000000000 0.000000000000 0.000000006371 0.000000000000 0.000000010196 0.000000009530 0.012346000000 0.000000000000 0.000000538550 0.000005541100 0.025867000000 0.000251000000 0.064466000000 0.133390000000 0.631880000000 0.000000000000 0.000000000000 0.000000000000 0.000002724500 0.000000000000 0.000191130000 0.000160290000 0.090612000000 0.000000000002 0.003027500000 0.012306000000 0.208530000000 0.033192000000 0.357440000000 0.485630000000 0.869360000000 0.000013402000 0.048048000000 0.089486000000 0.503550000000 0.191170000000 0.640550000000 0.695040000000 0.940770000000 0.330390000000 0.751380000000 0.765190000000 0.956350000000 0.789070000000 0.961700000000 0.968390000000 0.995810000000 0.000000000000 0.000000000000 0.000000000000 0.000000000000 0.000000000000 0.000000000000 0.000000000000 0.001259400000 0.000000000000 0.000000000000 0.000000000004 0.002213700000 0.000000000057 0.005569100000 0.014341000000 0.264090000000 0.000000000000 0.000000066332 0.000000379830 0.019830000000 0.000050514000 0.041416000000 0.076929000000 0.470830000000 0.004462300000 0.126700000000 0.228290000000 0.676820000000 0.337290000000 0.750730000000 0.788270000000 0.967620000000 0.000000000001 0.003645000000 0.006861500000 0.168150000000 0.020105000000 0.264640000000 0.363700000000 0.797150000000 0.114310000000 0.462530000000 0.503510000000 0.868680000000 0.539860000000 0.884560000000 0.892940000000 0.982250000000 0.202820000000 0.582750000000 0.596520000000 0.910450000000 0.601350000000 0.907110000000 0.911480000000 0.985990000000 0.621750000000 0.917340000000 0.920180000000 0.985970000000 0.931020000000 0.988620000000 0.990080000000 0.998710000000 0.003100800000 0.089505000000 0.145790000000 0.552290000000 0.254010000000 0.637380000000 0.653450000000 0.932490000000 0.269090000000 0.681940000000 0.666040000000 0.930760000000 0.690000000000 0.932820000000 0.942860000000 0.991400000000 0.308660000000 0.704540000000 0.699960000000 0.938350000000 0.697690000000 0.935270000000 0.938630000000 0.989950000000 0.710250000000 0.940240000000 0.943160000000 0.989960000000 0.947520000000 0.991490000000 0.992130000000 0.998940000000 0.314370000000 0.720920000000 0.711810000000 0.941990000000 0.729330000000 0.944390000000 0.946830000000 0.991110000000 0.726480000000 0.945870000000 0.945190000000 0.989550000000 0.946220000000 0.990630000000 0.990950000000 0.998610000000 0.755630000000 0.954410000000 0.955620000000 0.991810000000 0.958270000000 0.992590000000 0.992670000000 0.998780000000 0.964240000000 0.994290000000 0.994520000000 0.999000000000 0.995250000000 0.999290000000 0.999390000000 0.999920000000 0.000000000000 0.000000000004 0.000590230000 0.008129400000 0.000008856700 0.023529000000 0.051996000000 0.320780000000 0.005335700000 0.093096000000 0.179300000000 0.558740000000 0.257770000000 0.644360000000 0.664420000000 0.942470000000 0.050209000000 0.294480000000 0.320050000000 0.750290000000 0.337780000000 0.740700000000 0.759080000000 0.957430000000 0.352420000000 0.756410000000 0.755450000000 0.952010000000 0.773300000000 0.957260000000 0.963660000000 0.995130000000 0.117340000000 0.373030000000 0.366460000000 0.788640000000 0.375710000000 0.776620000000 0.789750000000 0.962680000000 0.379610000000 0.786460000000 0.771030000000 0.956370000000 0.787840000000 0.959140000000 0.962970000000 0.994460000000 0.379170000000 0.783120000000 0.795320000000 0.960030000000 0.784000000000 0.958480000000 0.960180000000 0.993370000000 0.806620000000 0.965040000000 0.965210000000 0.994000000000 0.969490000000 0.995200000000 0.995680000000 0.999430000000 0.142440000000 0.416900000000 0.405320000000 0.807540000000 0.386870000000 0.785770000000 0.792180000000 0.964830000000 0.408260000000 0.784490000000 0.789420000000 0.960050000000 0.792250000000 0.959080000000 0.964470000000 0.994600000000 0.393900000000 0.798080000000 0.796240000000 0.959860000000 0.788020000000 0.957360000000 0.959330000000 0.993280000000 0.797710000000 0.962230000000 0.961820000000 0.992930000000 0.963550000000 0.993900000000 0.994460000000 0.999200000000 0.396110000000 0.791280000000 0.801830000000 0.961300000000 0.796860000000 0.959720000000 0.961390000000 0.993370000000 0.808620000000 0.961930000000 0.961980000000 0.992820000000 0.962780000000 0.993500000000 0.993820000000 0.999080000000 0.815000000000 0.967370000000 0.967090000000 0.993940000000 0.967800000000 0.993950000000 0.994150000000 0.998970000000 0.971270000000 0.995340000000 0.995430000000 0.999170000000 0.995970000000 0.999380000000 0.999460000000 0.999930000000 0.138790000000 0.406810000000 0.411310000000 0.803890000000 0.409700000000 0.808080000000 0.812610000000 0.967970000000 0.397720000000 0.799850000000 0.799930000000 0.961610000000 0.809380000000 0.964790000000 0.966940000000 0.995130000000 0.418780000000 0.797030000000 0.806020000000 0.962320000000 0.809890000000 0.963770000000 0.963320000000 0.993710000000 0.808660000000 0.964040000000 0.964300000000 0.993430000000 0.966440000000 0.994340000000 0.994880000000 0.999230000000 0.411640000000 0.806890000000 0.796740000000 0.962330000000 0.806080000000 0.961140000000 0.962440000000 0.993580000000 0.806990000000 0.963340000000 0.962740000000 0.992920000000 0.961350000000 0.993070000000 0.993330000000 0.998970000000 0.811240000000 0.965730000000 0.964410000000 0.993040000000 0.965580000000 0.993380000000 0.993400000000 0.998830000000 0.965970000000 0.994290000000 0.994320000000 0.999000000000 0.994810000000 0.999200000000 0.999290000000 0.999910000000 0.411480000000 0.824810000000 0.825710000000 0.967110000000 0.830200000000 0.967500000000 0.966470000000 0.994460000000 0.832350000000 0.967100000000 0.967920000000 0.993820000000 0.967700000000 0.994480000000 0.994430000000 0.999130000000 0.837840000000 0.971740000000 0.970020000000 0.994520000000 0.969090000000 0.994430000000 0.994230000000 0.999030000000 0.969550000000 0.994630000000 0.994710000000 0.999010000000 0.994910000000 0.999140000000 0.999230000000 0.999890000000 0.846930000000 0.974420000000 0.975160000000 0.995410000000 0.974850000000 0.995440000000 0.995290000000 0.999180000000 0.975830000000 0.995940000000 0.995670000000 0.999190000000 0.995700000000 0.999260000000 0.999280000000 0.999900000000 0.978920000000 0.996670000000 0.996640000000 0.999340000000 0.996780000000 0.999440000000 0.999440000000 0.999910000000 0.997150000000 0.999580000000 0.999590000000 0.999930000000 0.999640000000 0.999950000000 0.999950000000 0.999990000000 

0.000000000000 0.000000000000 0.000000000000 0.000000000000 0.000000000000 0.000000000000 0.000000000000 0.000000000000 0.000000000000 0.000000000000 0.000000000000 0.000000000000 0.000000000000 0.000000000000 0.000000000000 0.000000000000 0.000000000000 0.000000000000 0.000000000000 0.000000000000 0.000000000000 0.000000000000 0.000000000000 0.000000000000 0.000000000000 0.000000000000 0.000000000000 0.000000000000 0.000000000000 0.000000000000 0.000000000000 0.000070281000 0.000000000000 0.000000000000 0.000000000000 0.000000000000 0.000000000000 0.000000000000 0.000000000000 0.000000000000 0.000000000000 0.000000000000 0.000000000000 0.000000000000 0.000000000000 0.000000000000 0.000000000000 0.001354600000 0.000000000000 0.000000000000 0.000000000000 0.000000000000 0.000000000000 0.000000000000 0.000000000000 0.000465480000 0.000000000000 0.000000000000 0.000000000000 0.001293600000 0.000000000010 0.016896000000 0.036339000000 0.620480000000 0.000000000000 0.000000000000 0.000000000000 0.000000000000 0.000000000000 0.000000000000 0.000000000000 0.000000000000 0.000000000000 0.000000000000 0.000000000000 0.000000000033 0.000000000000 0.000000000003 0.000000000302 0.014314000000 0.000000000000 0.000000000000 0.000000000000 0.000000002121 0.000000000000 0.000000003519 0.000000003039 0.046194000000 0.000000000000 0.000000227550 0.000002865800 0.082377000000 0.000276110000 0.144690000000 0.271560000000 0.894280000000 0.000000000000 0.000000000000 0.000000000000 0.000001271100 0.000000000000 0.000259590000 0.000121830000 0.203630000000 0.000000000000 0.009371100000 0.038535000000 0.448540000000 0.091664000000 0.636440000000 0.842720000000 0.991610000000 0.000008359800 0.124320000000 0.244200000000 0.836700000000 0.480000000000 0.943540000000 0.977900000000 0.996470000000 0.805300000000 0.992310000000 0.985580000000 0.995860000000 0.993890000000 0.996110000000 0.995910000000 0.996070000000 0.000000000000 0.000000000000 0.000000000000 0.000000000000 0.000000000000 0.000000000000 0.000000000000 0.004703900000 0.000000000000 0.000000000000 0.000000000001 0.005500100000 0.000000000015 0.019896000000 0.050221000000 0.565450000000 0.000000000000 0.000000028027 0.000000165760 0.052721000000 0.000047716000 0.106440000000 0.217110000000 0.818270000000 0.013789000000 0.361570000000 0.549120000000 0.950150000000 0.763870000000 0.977180000000 0.985070000000 0.995540000000 0.000000000000 0.012807000000 0.031605000000 0.482210000000 0.076024000000 0.589000000000 0.813570000000 0.986630000000 0.406530000000 0.903840000000 0.943300000000 0.994890000000 0.967470000000 0.995710000000 0.996340000000 0.996280000000 0.705770000000 0.982020000000 0.989070000000 0.995990000000 0.985970000000 0.996280000000 0.996220000000 0.996040000000 0.996520000000 0.995860000000 0.995840000000 0.996060000000 0.995900000000 0.996110000000 0.996040000000 0.996100000000 0.020895000000 0.352800000000 0.529080000000 0.943810000000 0.847850000000 0.989840000000 0.991230000000 0.996270000000 0.922000000000 0.989900000000 0.992920000000 0.996220000000 0.997140000000 0.996170000000 0.995930000000 0.996250000000 0.987570000000 0.997310000000 0.996770000000 0.995860000000 0.992980000000 0.995910000000 0.996030000000 0.996010000000 0.997120000000 0.996010000000 0.996130000000 0.996090000000 0.996320000000 0.996020000000 0.996210000000 0.996130000000 0.992310000000 0.997400000000 0.997790000000 0.994770000000 0.995850000000 0.995800000000 0.996260000000 0.996170000000 0.997000000000 0.995980000000 0.996190000000 0.995960000000 0.995950000000 0.996050000000 0.996090000000 0.996130000000 0.994910000000 0.996000000000 0.995980000000 0.996130000000 0.996000000000 0.996060000000 0.996200000000 0.996060000000 0.996090000000 0.996090000000 0.996130000000 0.996120000000 0.996090000000 0.996150000000 0.996100000000 0.996100000000 0.000000000000 0.000000000001 0.004828100000 0.036658000000 0.000005954100 0.101210000000 0.199390000000 0.789080000000 0.021578000000 0.382430000000 0.582890000000 0.949200000000 0.840240000000 0.982730000000 0.995650000000 0.996010000000 0.299800000000 0.854160000000 0.931930000000 0.996550000000 0.990650000000 0.996650000000 0.995610000000 0.996160000000 0.991010000000 0.997580000000 0.996840000000 0.996100000000 0.996730000000 0.996240000000 0.995810000000 0.996170000000 0.761270000000 0.987170000000 0.997340000000 0.996420000000 0.985960000000 0.995940000000 0.996710000000 0.996260000000 0.995370000000 0.996300000000 0.996100000000 0.995790000000 0.996010000000 0.996250000000 0.996130000000 0.996100000000 0.994550000000 0.995790000000 0.996470000000 0.996390000000 0.996610000000 0.995700000000 0.996080000000 0.996180000000 0.996680000000 0.996280000000 0.996190000000 0.996000000000 0.996100000000 0.996010000000 0.996170000000 0.996110000000 0.932150000000 0.996360000000 0.998940000000 0.996710000000 0.994470000000 0.995420000000 0.996470000000 0.996080000000 0.998330000000 0.997440000000 0.996730000000 0.996120000000 0.994140000000 0.996050000000 0.995690000000 0.996060000000 0.996170000000 0.995750000000 0.997120000000 0.996390000000 0.996300000000 0.996210000000 0.996170000000 0.995990000000 0.996840000000 0.996080000000 0.996350000000 0.996130000000 0.996240000000 0.996140000000 0.996150000000 0.996100000000 0.995830000000 0.996300000000 0.995490000000 0.996330000000 0.996030000000 0.995760000000 0.995980000000 0.996070000000 0.996200000000 0.996450000000 0.996110000000 0.996040000000 0.996150000000 0.996130000000 0.996130000000 0.996090000000 0.995980000000 0.996110000000 0.996250000000 0.996130000000 0.996240000000 0.996150000000 0.995980000000 0.996150000000 0.995950000000 0.996120000000 0.996140000000 0.996130000000 0.996010000000 0.996120000000 0.996090000000 0.996110000000 0.990580000000 0.996530000000 0.991710000000 0.997170000000 0.997370000000 0.995470000000 0.997110000000 0.995930000000 0.995420000000 0.994870000000 0.995900000000 0.996020000000 0.995560000000 0.995960000000 0.996170000000 0.996150000000 0.994110000000 0.996860000000 0.996160000000 0.996200000000 0.996130000000 0.996300000000 0.996090000000 0.996090000000 0.996940000000 0.996020000000 0.996010000000 0.996140000000 0.995930000000 0.996100000000 0.996110000000 0.996120000000 0.999160000000 0.996840000000 0.995190000000 0.995670000000 0.996960000000 0.995790000000 0.995840000000 0.996060000000 0.996600000000 0.995940000000 0.996210000000 0.996150000000 0.995940000000 0.995990000000 0.996090000000 0.996100000000 0.996050000000 0.996130000000 0.996090000000 0.996090000000 0.995920000000 0.996190000000 0.996110000000 0.996080000000 0.996060000000 0.996070000000 0.996070000000 0.996060000000 0.996090000000 0.996090000000 0.996120000000 0.996090000000 0.986900000000 0.995910000000 0.996590000000 0.996190000000 0.996460000000 0.996120000000 0.996130000000 0.995990000000 0.994870000000 0.996320000000 0.996020000000 0.996130000000 0.996100000000 0.996090000000 0.996230000000 0.996100000000 0.996220000000 0.996080000000 0.996510000000 0.996080000000 0.996180000000 0.995920000000 0.996260000000 0.996150000000 0.996170000000 0.996110000000 0.996070000000 0.996140000000 0.996060000000 0.996070000000 0.996080000000 0.996100000000 0.996480000000 0.995940000000 0.996040000000 0.996130000000 0.996110000000 0.996170000000 0.996140000000 0.996060000000 0.995950000000 0.996020000000 0.996180000000 0.996060000000 0.996190000000 0.996100000000 0.996110000000 0.996080000000 0.995910000000 0.996100000000 0.996060000000 0.996100000000 0.996060000000 0.996050000000 0.996080000000 0.996090000000 0.996130000000 0.996110000000 0.996110000000 0.996090000000 0.996130000000 0.996110000000 0.996110000000 0.996090000000 

N_obs: 200

File Format:
1- most to least reliable channels (taken entropies)
2- most to least reliable channels (taken error probabilities)
3- channels entropies (flipped)
4- channels error probabilities (flipped)
5- number of MontCarlo simulations
