511 510 509 508 507 506 505 504 503 502 501 500 499 498 497 496 495 494 493 492 491 490 489 488 487 486 485 484 483 482 481 479 478 477 476 475 474 473 472 471 470 469 468 467 466 465 463 462 461 460 459 458 457 455 454 453 451 447 446 445 444 443 442 441 440 439 438 437 436 435 434 433 431 430 429 428 427 426 425 423 422 421 419 415 414 413 412 411 410 409 407 406 405 403 399 398 397 395 383 382 381 380 379 378 377 376 375 374 373 372 371 370 369 367 366 365 364 363 362 361 359 358 357 355 351 350 349 348 347 346 345 343 342 335 319 318 317 315 311 303 255 254 253 252 251 250 249 247 246 245 243 239 238 237 235 231 223 222 221 191 341 391 334 333 339 219 331 480 215 287 464 424 316 452 248 450 432 310 418 456 127 420 417 408 244 404 314 402 449 313 190 234 401 327 360 189 241 394 368 307 242 309 233 393 396 302 390 207 230 344 236 389 340 353 229 338 301 332 356 187 354 220 337 227 299 330 387 329 217 218 312 183 214 448 286 416 308 213 295 326 285 240 400 306 126 325 232 188 392 206 211 305 228 125 300 175 283 352 186 205 388 298 185 323 226 336 216 123 297 386 182 203 279 225 159 212 328 181 294 119 284 385 63 111 199 124 271 95 293 210 174 179 324 282 304 173 204 122 209 31 291 171 121 184 167 281 143 158 47 79 151 157 155 55 322 59 87 103 118 117 61 115 91 202 278 107 93 109 62 296 110 94 277 15 201 321 180 275 224 263 267 269 198 270 195 197 135 178 177 39 71 23 384 292 27 163 29 30 139 172 147 7 51 169 75 43 83 165 141 170 99 142 166 149 208 290 45 153 289 77 46 78 120 150 53 57 85 154 54 156 101 280 89 58 113 105 259 86 102 114 116 60 90 106 131 35 19 67 11 108 92 273 3 265 276 261 200 274 14 13 193 320 262 266 268 196 25 161 133 137 194 145 37 69 49 21 73 41 81 97 176 134 257 38 28 70 22 33 17 129 65 9 5 26 162 164 1 168 140 138 146 148 50 44 76 74 42 152 52 82 288 56 98 84 100 6 88 104 112 272 264 258 260 192 12 24 136 160 34 132 130 144 18 36 40 66 72 68 20 48 10 80 96 256 16 32 8 128 2 64 4 0 

511 510 509 508 507 506 505 504 503 502 501 500 499 498 497 496 495 494 493 492 491 490 489 488 487 486 485 484 483 482 481 479 478 477 476 475 474 473 472 471 470 469 468 467 466 465 463 462 461 460 459 458 457 455 454 453 451 447 446 445 444 443 442 441 440 439 438 437 436 435 434 433 431 430 429 428 427 426 425 423 422 421 419 415 414 413 412 411 410 409 407 406 405 403 399 398 397 395 383 382 381 380 379 378 377 376 375 374 373 372 371 370 369 367 366 365 364 363 362 361 359 358 357 355 351 350 349 348 347 346 345 343 342 335 319 318 317 315 311 303 255 254 253 252 251 250 249 247 246 245 243 239 238 237 235 231 223 222 221 191 341 391 334 333 339 219 331 480 215 287 464 424 316 452 248 450 432 418 310 456 127 420 417 408 244 404 402 449 314 313 190 234 401 327 360 189 241 394 368 307 242 233 309 393 396 390 302 207 230 344 236 389 340 353 229 338 332 301 337 227 187 354 330 356 299 220 329 218 387 217 312 416 183 214 448 308 286 213 295 400 326 285 306 240 232 325 392 211 305 126 206 188 300 228 352 283 388 186 125 175 298 205 323 336 226 185 216 386 297 225 182 203 328 123 212 279 294 385 181 284 324 159 293 210 304 199 124 282 119 179 204 174 209 271 322 291 184 281 173 296 122 202 224 321 278 111 180 171 121 384 201 158 277 292 198 95 167 118 178 157 275 208 63 270 117 197 177 290 280 155 289 172 269 195 151 110 115 107 94 170 320 143 120 267 109 103 31 79 263 200 169 276 59 87 141 113 91 27 57 147 163 166 46 135 154 97 133 90 161 114 176 14 85 156 268 77 116 273 45 131 55 37 288 83 168 84 19 38 22 82 93 152 134 54 194 146 74 1 108 11 99 70 257 262 138 148 98 264 265 56 69 132 112 68 266 5 100 43 50 129 60 32 6 48 53 34 128 16 258 4 136 40 160 66 10 2 64 0 8 96 144 192 130 256 33 106 20 162 196 24 80 65 9 104 76 26 36 72 41 12 140 260 81 17 149 49 42 18 105 272 88 52 7 102 73 35 25 44 164 13 193 21 137 89 3 261 145 28 67 101 150 274 86 259 165 30 47 153 78 29 15 139 39 92 71 142 58 75 51 62 23 61 

0.000000000000 0.000000000000 0.000000000000 0.000000000000 0.000000000000 0.000000000000 0.000000000000 0.000000000000 0.000000000000 0.000000000000 0.000000000000 0.000000000000 0.000000000000 0.000000000000 0.000000000000 0.000000000000 0.000000000000 0.000000000000 0.000000000000 0.000000000000 0.000000000000 0.000000000000 0.000000000000 0.000000000000 0.000000000000 0.000000000000 0.000000000000 0.000000000000 0.000000000000 0.000000000000 0.000000000000 0.000000000000 0.000000000000 0.000000000000 0.000000000000 0.000000000000 0.000000000000 0.000000000000 0.000000000000 0.000000000000 0.000000000000 0.000000000000 0.000000000000 0.000000000000 0.000000000000 0.000000000000 0.000000000000 0.000000000001 0.000000000000 0.000000000000 0.000000000000 0.000000000000 0.000000000000 0.000000000000 0.000000000000 0.000000000081 0.000000000000 0.000000000000 0.000000000000 0.000000000003 0.000000000000 0.000000000003 0.000000001655 0.001938900000 0.000000000000 0.000000000000 0.000000000000 0.000000000000 0.000000000000 0.000000000000 0.000000000000 0.000000000000 0.000000000000 0.000000000000 0.000000000000 0.000000000000 0.000000000000 0.000000000000 0.000000000000 0.000000000011 0.000000000000 0.000000000000 0.000000000000 0.000000000000 0.000000000000 0.000000000000 0.000000000000 0.000000000001 0.000000000000 0.000000000000 0.000000000000 0.000000000149 0.000000000000 0.000000000069 0.000000000240 0.002177000000 0.000000000000 0.000000000000 0.000000000000 0.000000000000 0.000000000000 0.000000000000 0.000000000000 0.000000000331 0.000000000000 0.000000000000 0.000000000000 0.000000001261 0.000000000000 0.000000001587 0.000000012501 0.005159300000 0.000000000000 0.000000000000 0.000000000000 0.000000663390 0.000000000000 0.000000056328 0.000000414060 0.014126000000 0.000000000000 0.000001607200 0.000010420000 0.030569000000 0.000556210000 0.075461000000 0.157850000000 0.656170000000 0.000000000000 0.000000000000 0.000000000000 0.000000000000 0.000000000000 0.000000000000 0.000000000000 0.000000000000 0.000000000000 0.000000000000 0.000000000000 0.000000000000 0.000000000000 0.000000000000 0.000000000000 0.000000102270 0.000000000000 0.000000000000 0.000000000000 0.000000000000 0.000000000000 0.000000000000 0.000000000000 0.000000028872 0.000000000000 0.000000000000 0.000000000000 0.000111050000 0.000000000000 0.000244540000 0.000016228000 0.023528000000 0.000000000000 0.000000000000 0.000000000000 0.000000000000 0.000000000000 0.000000000000 0.000000000000 0.000005081600 0.000000000000 0.000000000000 0.000000000000 0.000012378000 0.000000000000 0.000034218000 0.000251480000 0.051630000000 0.000000000000 0.000000000000 0.000000000000 0.000109820000 0.000000000000 0.000429640000 0.000634570000 0.114590000000 0.000000015008 0.003925000000 0.009978700000 0.239220000000 0.047777000000 0.402610000000 0.506960000000 0.879360000000 0.000000000000 0.000000000000 0.000000000000 0.000000000002 0.000000000000 0.000000001578 0.000000003742 0.001238200000 0.000000000000 0.000000000065 0.000000287250 0.002625300000 0.000000138460 0.005166200000 0.015114000000 0.266520000000 0.000000000000 0.000001410700 0.000076581000 0.020111000000 0.000422590000 0.039065000000 0.070929000000 0.469140000000 0.003274600000 0.127590000000 0.203170000000 0.663530000000 0.317370000000 0.752510000000 0.753480000000 0.965650000000 0.000000000000 0.002080700000 0.004445400000 0.151020000000 0.022726000000 0.259880000000 0.350250000000 0.786090000000 0.094338000000 0.438670000000 0.481560000000 0.862730000000 0.516520000000 0.871100000000 0.845450000000 0.983720000000 0.194790000000 0.574640000000 0.566940000000 0.899040000000 0.554390000000 0.897510000000 0.860960000000 0.986100000000 0.519690000000 0.883930000000 0.863670000000 0.986790000000 0.795460000000 0.986450000000 0.937760000000 0.999030000000 0.000000000000 0.000000000000 0.000000000000 0.000000000000 0.000000000000 0.000000000000 0.000000000000 0.000000000003 0.000000000000 0.000000000000 0.000000000000 0.000000000662 0.000000000000 0.000000179660 0.000000043365 0.005020800000 0.000000000000 0.000000000000 0.000000000000 0.000005958500 0.000000000000 0.000000010947 0.000000287510 0.010249000000 0.000000000000 0.000002992500 0.000021251000 0.018730000000 0.000286150000 0.048995000000 0.095791000000 0.516940000000 0.000000000000 0.000000000000 0.000000000000 0.000248580000 0.000000000000 0.000849080000 0.000663140000 0.055139000000 0.000000000000 0.001895100000 0.002724400000 0.107180000000 0.014728000000 0.205600000000 0.297770000000 0.744040000000 0.000001901800 0.014235000000 0.030254000000 0.290830000000 0.085524000000 0.436800000000 0.498260000000 0.870760000000 0.185580000000 0.567390000000 0.581820000000 0.905260000000 0.578890000000 0.910220000000 0.878720000000 0.990520000000 0.000000000000 0.000000005210 0.000000030843 0.014037000000 0.000154250000 0.023664000000 0.046377000000 0.342190000000 0.001895100000 0.075712000000 0.120950000000 0.511860000000 0.214460000000 0.614520000000 0.625330000000 0.926800000000 0.022661000000 0.210920000000 0.282860000000 0.695440000000 0.327680000000 0.729250000000 0.713820000000 0.952660000000 0.349620000000 0.736290000000 0.723350000000 0.952440000000 0.679010000000 0.949280000000 0.907940000000 0.994990000000 0.101930000000 0.366690000000 0.384840000000 0.785180000000 0.385600000000 0.780420000000 0.753250000000 0.963720000000 0.384360000000 0.765860000000 0.743700000000 0.957550000000 0.697240000000 0.956450000000 0.910580000000 0.995260000000 0.359240000000 0.734350000000 0.724420000000 0.953410000000 0.692520000000 0.955820000000 0.909510000000 0.994790000000 0.612560000000 0.933010000000 0.909160000000 0.995130000000 0.829370000000 0.995220000000 0.945400000000 0.999640000000 0.000000000098 0.009309100000 0.018862000000 0.186480000000 0.059148000000 0.297530000000 0.341260000000 0.765240000000 0.133880000000 0.421950000000 0.422040000000 0.812290000000 0.428670000000 0.807290000000 0.793200000000 0.974330000000 0.185000000000 0.472330000000 0.460690000000 0.833890000000 0.444320000000 0.823240000000 0.794530000000 0.972430000000 0.420070000000 0.805630000000 0.785930000000 0.969150000000 0.731470000000 0.967370000000 0.922370000000 0.997110000000 0.202060000000 0.479150000000 0.457790000000 0.834460000000 0.430250000000 0.817540000000 0.789440000000 0.970750000000 0.416080000000 0.801580000000 0.777920000000 0.967490000000 0.722700000000 0.964530000000 0.917650000000 0.996270000000 0.372700000000 0.763840000000 0.753920000000 0.962350000000 0.715350000000 0.962620000000 0.915540000000 0.995750000000 0.628570000000 0.940720000000 0.914850000000 0.995850000000 0.831940000000 0.995740000000 0.945860000000 0.999670000000 0.183200000000 0.462650000000 0.424120000000 0.813860000000 0.405420000000 0.790000000000 0.769770000000 0.966970000000 0.391010000000 0.784180000000 0.766890000000 0.964300000000 0.713430000000 0.961250000000 0.915000000000 0.995920000000 0.371010000000 0.754350000000 0.752740000000 0.961350000000 0.718990000000 0.963080000000 0.915570000000 0.995660000000 0.628450000000 0.938940000000 0.913590000000 0.995560000000 0.829590000000 0.995090000000 0.944810000000 0.999600000000 0.311860000000 0.689660000000 0.679960000000 0.939140000000 0.673520000000 0.948680000000 0.907070000000 0.994750000000 0.629270000000 0.941060000000 0.915480000000 0.995920000000 0.831810000000 0.995390000000 0.945040000000 0.999580000000 0.494550000000 0.872710000000 0.876440000000 0.993300000000 0.833120000000 0.996070000000 0.946010000000 0.999630000000 0.711550000000 0.969710000000 0.946210000000 0.999690000000 0.855540000000 0.999670000000 0.952540000000 0.999980000000 

0.000000000000 0.000000000000 0.000000000000 0.000000000000 0.000000000000 0.000000000000 0.000000000000 0.000000000000 0.000000000000 0.000000000000 0.000000000000 0.000000000000 0.000000000000 0.000000000000 0.000000000000 0.000000000000 0.000000000000 0.000000000000 0.000000000000 0.000000000000 0.000000000000 0.000000000000 0.000000000000 0.000000000000 0.000000000000 0.000000000000 0.000000000000 0.000000000000 0.000000000000 0.000000000000 0.000000000000 0.000000000000 0.000000000000 0.000000000000 0.000000000000 0.000000000000 0.000000000000 0.000000000000 0.000000000000 0.000000000000 0.000000000000 0.000000000000 0.000000000000 0.000000000000 0.000000000000 0.000000000000 0.000000000000 0.000000000000 0.000000000000 0.000000000000 0.000000000000 0.000000000000 0.000000000000 0.000000000000 0.000000000000 0.000000000021 0.000000000000 0.000000000000 0.000000000000 0.000000000001 0.000000000000 0.000000000001 0.000000000481 0.005739200000 0.000000000000 0.000000000000 0.000000000000 0.000000000000 0.000000000000 0.000000000000 0.000000000000 0.000000000000 0.000000000000 0.000000000000 0.000000000000 0.000000000000 0.000000000000 0.000000000000 0.000000000000 0.000000000002 0.000000000000 0.000000000000 0.000000000000 0.000000000000 0.000000000000 0.000000000000 0.000000000000 0.000000000000 0.000000000000 0.000000000000 0.000000000000 0.000000000040 0.000000000000 0.000000000016 0.000000000060 0.003265400000 0.000000000000 0.000000000000 0.000000000000 0.000000000000 0.000000000000 0.000000000000 0.000000000000 0.000000000088 0.000000000000 0.000000000000 0.000000000000 0.000000000363 0.000000000000 0.000000000451 0.000000004081 0.010336000000 0.000000000000 0.000000000000 0.000000000000 0.000000325950 0.000000000000 0.000000021106 0.000000163120 0.033175000000 0.000000000000 0.000000744310 0.000006844800 0.065207000000 0.002401600000 0.155420000000 0.300070000000 0.895340000000 0.000000000000 0.000000000000 0.000000000000 0.000000000000 0.000000000000 0.000000000000 0.000000000000 0.000000000000 0.000000000000 0.000000000000 0.000000000000 0.000000000000 0.000000000000 0.000000000000 0.000000000000 0.000000042446 0.000000000000 0.000000000000 0.000000000000 0.000000000000 0.000000000000 0.000000000000 0.000000000000 0.000000009822 0.000000000000 0.000000000000 0.000000000000 0.000771550000 0.000000000000 0.000719140000 0.000012525000 0.057214000000 0.000000000000 0.000000000000 0.000000000000 0.000000000000 0.000000000000 0.000000000000 0.000000000000 0.000003241900 0.000000000000 0.000000000000 0.000000000000 0.000008484100 0.000000000000 0.000027442000 0.000343860000 0.116280000000 0.000000000000 0.000000000000 0.000000000000 0.000088331000 0.000000000000 0.000721300000 0.001349600000 0.244350000000 0.000000005500 0.010561000000 0.022758000000 0.440380000000 0.106360000000 0.682380000000 0.823050000000 0.987840000000 0.000000000000 0.000000000000 0.000000000000 0.000000000000 0.000000000000 0.000000000490 0.000000001186 0.003035800000 0.000000000000 0.000000000016 0.000000141150 0.006376400000 0.000000055165 0.012258000000 0.037590000000 0.487860000000 0.000000000000 0.000000747320 0.000105410000 0.049976000000 0.001000300000 0.089823000000 0.160710000000 0.748190000000 0.008512200000 0.289630000000 0.448210000000 0.917750000000 0.683680000000 0.972990000000 0.980500000000 0.991900000000 0.000000000000 0.006639200000 0.011622000000 0.353060000000 0.060472000000 0.554550000000 0.712050000000 0.974300000000 0.287470000000 0.828240000000 0.908610000000 0.989920000000 0.956330000000 0.992570000000 0.991780000000 0.992310000000 0.628220000000 0.966860000000 0.982980000000 0.991740000000 0.988730000000 0.992150000000 0.992120000000 0.992120000000 0.989740000000 0.992090000000 0.992500000000 0.992270000000 0.992620000000 0.992180000000 0.992070000000 0.992210000000 0.000000000000 0.000000000000 0.000000000000 0.000000000000 0.000000000000 0.000000000000 0.000000000000 0.000000000001 0.000000000000 0.000000000000 0.000000000000 0.000000000185 0.000000000000 0.000000082847 0.000000016067 0.016322000000 0.000000000000 0.000000000000 0.000000000000 0.000004490900 0.000000000000 0.000000003568 0.000000131180 0.021092000000 0.000000000000 0.000001704000 0.000017426000 0.056644000000 0.000427900000 0.126020000000 0.222330000000 0.820440000000 0.000000000000 0.000000000000 0.000000000000 0.001133400000 0.000000000000 0.002150700000 0.002452300000 0.145490000000 0.000000000000 0.005188200000 0.007137400000 0.259130000000 0.037526000000 0.450950000000 0.627360000000 0.963330000000 0.000001120700 0.043140000000 0.095154000000 0.596920000000 0.237720000000 0.798010000000 0.896520000000 0.989820000000 0.537220000000 0.937440000000 0.967830000000 0.992220000000 0.983010000000 0.992010000000 0.992380000000 0.992200000000 0.000000000000 0.000000001559 0.000000010325 0.045737000000 0.000573950000 0.073813000000 0.141110000000 0.701400000000 0.003807600000 0.230540000000 0.330130000000 0.869520000000 0.586560000000 0.950350000000 0.970750000000 0.991640000000 0.085376000000 0.601900000000 0.738070000000 0.980520000000 0.877390000000 0.987810000000 0.989870000000 0.991920000000 0.940100000000 0.991400000000 0.992630000000 0.992360000000 0.991390000000 0.992210000000 0.991620000000 0.992180000000 0.443180000000 0.897140000000 0.953060000000 0.991730000000 0.975510000000 0.991540000000 0.992690000000 0.991990000000 0.984010000000 0.992560000000 0.992270000000 0.992100000000 0.991360000000 0.992010000000 0.992510000000 0.992200000000 0.988020000000 0.993240000000 0.990640000000 0.992260000000 0.992940000000 0.992100000000 0.992460000000 0.992180000000 0.991520000000 0.991990000000 0.991600000000 0.992130000000 0.991810000000 0.992200000000 0.992160000000 0.992170000000 0.000000000024 0.038187000000 0.084843000000 0.552540000000 0.244700000000 0.782980000000 0.879420000000 0.988630000000 0.569560000000 0.943210000000 0.967370000000 0.991770000000 0.985960000000 0.991630000000 0.990960000000 0.992130000000 0.844590000000 0.984450000000 0.989330000000 0.992050000000 0.987320000000 0.992210000000 0.992290000000 0.992230000000 0.989580000000 0.992320000000 0.992560000000 0.992150000000 0.992060000000 0.992120000000 0.991600000000 0.992200000000 0.938440000000 0.987650000000 0.991980000000 0.992990000000 0.991020000000 0.991610000000 0.992480000000 0.992310000000 0.990550000000 0.992590000000 0.991700000000 0.991920000000 0.991900000000 0.991980000000 0.992270000000 0.992230000000 0.989680000000 0.992790000000 0.991750000000 0.992240000000 0.993260000000 0.992040000000 0.992330000000 0.992250000000 0.993180000000 0.992060000000 0.992120000000 0.992130000000 0.992540000000 0.992180000000 0.992230000000 0.992190000000 0.965330000000 0.993870000000 0.995300000000 0.992160000000 0.990420000000 0.993240000000 0.991220000000 0.992120000000 0.991870000000 0.992000000000 0.992170000000 0.992310000000 0.993520000000 0.992160000000 0.992280000000 0.992170000000 0.992670000000 0.991420000000 0.991780000000 0.992350000000 0.992150000000 0.992280000000 0.992250000000 0.992180000000 0.992950000000 0.991970000000 0.991880000000 0.992250000000 0.992340000000 0.992170000000 0.992210000000 0.992170000000 0.989680000000 0.992670000000 0.992810000000 0.992530000000 0.991140000000 0.992240000000 0.992340000000 0.992220000000 0.994080000000 0.991980000000 0.992380000000 0.992210000000 0.991970000000 0.992290000000 0.992270000000 0.992180000000 0.992830000000 0.991670000000 0.992370000000 0.992250000000 0.992060000000 0.992190000000 0.992230000000 0.992190000000 0.992320000000 0.992170000000 0.992150000000 0.992180000000 0.992480000000 0.992190000000 0.992050000000 0.992190000000 

N_obs: 1000

File Format:
1- most to least reliable channels (taken entropies)
2- most to least reliable channels (taken error probabilities)
3- channels entropies (flipped)
4- channels error probabilities (flipped)
5- number of MontCarlo simulations
