511 510 509 508 507 506 505 504 503 502 501 500 499 498 497 496 495 494 493 492 491 490 489 488 487 486 485 484 483 482 481 479 478 477 476 475 474 473 472 471 470 469 468 467 466 465 463 462 461 460 459 458 457 455 454 453 451 447 446 445 444 443 442 441 440 439 438 437 436 435 434 433 431 430 429 428 427 426 425 423 422 421 419 415 414 413 412 411 410 407 399 383 382 381 380 379 378 377 375 374 373 371 367 366 365 363 359 351 350 349 347 343 319 255 254 253 251 247 239 405 409 370 406 252 372 376 397 250 403 317 246 398 480 249 318 369 245 348 362 395 464 456 335 243 358 449 315 361 342 450 452 432 355 424 223 418 341 404 364 237 238 408 346 420 417 391 311 357 345 402 339 401 248 334 235 368 396 244 360 356 316 394 448 242 222 191 303 314 393 344 354 333 231 313 221 416 241 390 236 353 331 310 340 127 389 219 309 287 234 400 338 327 190 215 233 189 207 387 307 302 337 332 175 187 159 183 220 230 125 123 95 392 63 119 126 111 301 229 312 240 299 330 227 218 295 286 352 285 283 217 329 279 271 388 308 214 213 326 211 205 188 203 206 199 232 325 186 174 181 182 185 179 171 173 151 158 157 167 306 155 323 122 93 386 109 305 115 94 143 124 107 103 121 91 117 87 118 336 110 79 62 55 61 47 59 385 228 31 300 298 297 226 294 293 225 291 284 282 277 281 216 278 328 275 269 270 212 267 210 202 263 201 209 204 324 198 197 180 170 172 169 154 165 150 195 149 166 178 322 147 153 184 156 177 106 90 105 163 85 102 92 89 86 142 83 108 116 101 78 77 114 75 141 321 139 99 304 113 51 53 54 58 71 43 120 57 60 39 46 45 135 30 29 27 23 384 15 296 292 290 276 224 289 274 280 268 273 266 265 262 200 261 196 208 148 259 164 168 84 146 76 152 145 194 162 74 140 100 82 73 104 138 81 88 137 42 52 193 41 50 44 98 161 37 176 38 49 69 70 56 97 35 134 112 133 67 28 320 25 26 22 131 21 19 13 14 11 7 288 272 264 260 258 36 72 144 40 136 68 257 132 80 34 20 48 160 66 24 33 192 18 96 17 65 12 130 129 9 10 6 5 3 256 16 32 8 64 4 128 2 1 0 

511 510 509 508 507 506 505 504 503 502 501 500 499 498 497 496 495 494 493 492 491 490 489 488 487 486 485 484 483 482 481 479 478 477 476 475 474 473 472 471 470 469 468 467 466 465 463 462 461 460 459 458 457 455 454 453 451 447 446 445 444 443 442 441 440 439 438 437 436 435 434 433 431 430 429 428 427 426 425 423 422 421 419 415 414 413 412 411 410 407 399 383 382 381 380 379 378 377 375 374 373 371 367 366 365 363 359 351 350 349 347 343 319 255 254 253 251 247 239 405 409 370 406 252 372 376 397 250 403 317 246 398 480 249 318 369 245 348 362 395 464 456 243 335 449 358 315 361 342 450 452 355 432 424 223 418 341 404 237 364 408 238 346 420 417 391 402 345 357 334 311 339 248 401 368 396 235 244 360 394 356 316 448 393 242 314 333 344 354 222 303 416 191 390 231 313 340 353 241 331 221 310 236 389 400 338 234 309 219 327 387 332 337 233 287 392 127 307 302 190 215 230 312 330 240 220 352 301 189 388 229 329 218 308 227 326 299 207 386 187 336 232 286 217 126 306 295 183 285 325 385 214 300 305 213 323 125 328 159 188 211 283 175 228 117 119 297 206 298 123 95 167 63 111 158 199 103 279 225 267 271 226 114 270 205 282 151 204 384 202 150 108 291 61 90 149 321 200 139 86 21 195 118 275 173 92 186 163 201 35 268 50 276 131 41 170 198 98 178 216 83 88 55 97 102 274 11 42 82 296 106 120 196 75 209 72 19 74 12 304 112 265 65 100 62 324 29 27 73 272 143 96 14 49 46 164 258 43 176 37 145 33 52 266 136 89 40 257 24 36 20 32 134 104 13 194 142 320 1 2 0 162 138 66 161 16 8 146 128 48 4 56 3 130 17 77 256 64 6 80 133 141 152 70 45 192 10 273 34 264 18 5 9 144 67 129 68 137 208 160 290 153 259 57 260 76 38 288 132 289 58 54 28 261 193 84 168 81 156 148 25 44 101 71 262 91 180 47 39 60 22 105 69 30 281 26 147 280 171 7 322 292 78 224 116 107 203 59 94 53 293 166 23 179 93 99 124 140 169 15 85 165 184 51 212 135 172 177 210 277 87 269 121 197 113 154 263 294 122 31 182 174 278 155 284 110 157 109 79 115 181 185 

0.000000000000 0.000000000000 0.000000000000 0.000000000000 0.000000000000 0.000000000000 0.000000000000 0.000000000000 0.000000000000 0.000000000000 0.000000000000 0.000000000000 0.000000000000 0.000000000000 0.000000000000 0.000000000000 0.000000000000 0.000000000000 0.000000000000 0.000000000000 0.000000000000 0.000000000000 0.000000000000 0.000000000000 0.000000000000 0.000000000000 0.000000000000 0.000000000000 0.000000000000 0.000000000000 0.000000000000 0.000000000090 0.000000000000 0.000000000000 0.000000000000 0.000000000000 0.000000000000 0.000000000000 0.000000000000 0.000000000000 0.000000000000 0.000000000000 0.000000000000 0.000000000000 0.000000000000 0.000000000000 0.000000000000 0.000000025368 0.000000000000 0.000000000000 0.000000000000 0.000000000000 0.000000000000 0.000000000000 0.000000000000 0.000000037120 0.000000000000 0.000000000000 0.000000000000 0.000000849820 0.000000000000 0.000000723100 0.000000189940 0.015662000000 0.000000000000 0.000000000000 0.000000000000 0.000000000000 0.000000000000 0.000000000000 0.000000000000 0.000000000000 0.000000000000 0.000000000000 0.000000000000 0.000000000000 0.000000000000 0.000000000000 0.000000000000 0.000001369700 0.000000000000 0.000000000000 0.000000000000 0.000000000000 0.000000000000 0.000000000000 0.000000000000 0.000001912500 0.000000000000 0.000000000000 0.000000000000 0.000192030000 0.000000000000 0.000009886700 0.000256740000 0.042611000000 0.000000000000 0.000000000000 0.000000000000 0.000000000000 0.000000000000 0.000000000000 0.000000000000 0.000059956000 0.000000000000 0.000000000000 0.000000000000 0.000015255000 0.000000000009 0.000741240000 0.002216100000 0.129880000000 0.000000000000 0.000000000055 0.000000000002 0.004620600000 0.000000007406 0.013149000000 0.019096000000 0.291810000000 0.000432060000 0.053344000000 0.088529000000 0.513810000000 0.220380000000 0.685400000000 0.748700000000 0.959250000000 0.000000000000 0.000000000000 0.000000000000 0.000000000000 0.000000000000 0.000000000000 0.000000000000 0.000000000002 0.000000000000 0.000000000000 0.000000000000 0.000000000001 0.000000000000 0.000000000000 0.000000000823 0.004152200000 0.000000000000 0.000000000000 0.000000000000 0.000035067000 0.000000000000 0.000000004461 0.000000285800 0.008168200000 0.000000000000 0.000000179140 0.000586190000 0.010508000000 0.000001419200 0.024030000000 0.058189000000 0.451910000000 0.000000000000 0.000000000000 0.000000000000 0.000000002579 0.000000000000 0.000082894000 0.000735250000 0.023442000000 0.000000000000 0.000000556900 0.000012945000 0.067694000000 0.001564000000 0.134990000000 0.243570000000 0.699780000000 0.000000049410 0.003059000000 0.024552000000 0.244520000000 0.060157000000 0.393030000000 0.495610000000 0.862910000000 0.145580000000 0.555120000000 0.622470000000 0.915890000000 0.672730000000 0.929860000000 0.940860000000 0.991990000000 0.000000000000 0.000000000466 0.000000000030 0.012170000000 0.000000257800 0.018997000000 0.035314000000 0.344850000000 0.000482450000 0.064693000000 0.112290000000 0.531090000000 0.232310000000 0.669980000000 0.689030000000 0.942130000000 0.018899000000 0.242420000000 0.332970000000 0.762390000000 0.381150000000 0.785810000000 0.805380000000 0.966640000000 0.434020000000 0.822170000000 0.827330000000 0.969130000000 0.838900000000 0.972090000000 0.974130000000 0.996490000000 0.113680000000 0.449290000000 0.470010000000 0.840000000000 0.482630000000 0.849420000000 0.856810000000 0.975980000000 0.505160000000 0.862480000000 0.853150000000 0.972900000000 0.863260000000 0.975440000000 0.977850000000 0.996730000000 0.509250000000 0.878640000000 0.875680000000 0.977020000000 0.889100000000 0.979880000000 0.980900000000 0.996950000000 0.902150000000 0.983780000000 0.984810000000 0.997310000000 0.986830000000 0.998020000000 0.998290000000 0.999780000000 0.000000000000 0.000000000000 0.000000000000 0.000000000001 0.000000000000 0.000000000004 0.000000000155 0.002354700000 0.000000000000 0.000000000050 0.000000001380 0.006371900000 0.000000050056 0.016852000000 0.047536000000 0.358140000000 0.000000000000 0.000057113000 0.000037898000 0.054694000000 0.003567200000 0.117540000000 0.192330000000 0.617330000000 0.027961000000 0.281210000000 0.338030000000 0.755680000000 0.413060000000 0.809230000000 0.828130000000 0.973430000000 0.000004587500 0.017386000000 0.037748000000 0.278480000000 0.098109000000 0.427040000000 0.483670000000 0.857480000000 0.181840000000 0.544900000000 0.546780000000 0.884310000000 0.572290000000 0.892350000000 0.905220000000 0.985870000000 0.212430000000 0.603680000000 0.574430000000 0.906550000000 0.587040000000 0.902120000000 0.903360000000 0.984260000000 0.614040000000 0.915970000000 0.916190000000 0.985640000000 0.928100000000 0.988590000000 0.989860000000 0.998670000000 0.018255000000 0.154340000000 0.200720000000 0.581120000000 0.250910000000 0.636740000000 0.650190000000 0.931170000000 0.265160000000 0.649810000000 0.642840000000 0.918730000000 0.652470000000 0.928920000000 0.932380000000 0.990530000000 0.244600000000 0.640480000000 0.658840000000 0.924480000000 0.655150000000 0.922020000000 0.924830000000 0.987270000000 0.669300000000 0.928250000000 0.927630000000 0.987250000000 0.934670000000 0.988680000000 0.990240000000 0.998640000000 0.264840000000 0.663370000000 0.669110000000 0.932160000000 0.672460000000 0.927100000000 0.930920000000 0.988320000000 0.663180000000 0.927880000000 0.928220000000 0.986710000000 0.930320000000 0.987610000000 0.988370000000 0.998210000000 0.690520000000 0.936990000000 0.940790000000 0.988860000000 0.941270000000 0.989190000000 0.989650000000 0.998270000000 0.947720000000 0.991370000000 0.991460000000 0.998430000000 0.992520000000 0.998880000000 0.999000000000 0.999870000000 0.079249000000 0.307200000000 0.285630000000 0.691280000000 0.285680000000 0.678770000000 0.694400000000 0.945170000000 0.303650000000 0.699750000000 0.696050000000 0.938490000000 0.689680000000 0.940730000000 0.942480000000 0.991400000000 0.310020000000 0.701330000000 0.689010000000 0.937500000000 0.691630000000 0.933720000000 0.934540000000 0.989080000000 0.692110000000 0.935790000000 0.938590000000 0.988890000000 0.941730000000 0.990030000000 0.991140000000 0.998750000000 0.289560000000 0.690500000000 0.683280000000 0.936100000000 0.695550000000 0.934420000000 0.936360000000 0.989560000000 0.696620000000 0.936410000000 0.935430000000 0.987560000000 0.937060000000 0.988930000000 0.989530000000 0.998480000000 0.702540000000 0.938970000000 0.939490000000 0.988120000000 0.940770000000 0.988790000000 0.989060000000 0.998200000000 0.944970000000 0.990830000000 0.990630000000 0.998290000000 0.991540000000 0.998640000000 0.998820000000 0.999850000000 0.302200000000 0.719170000000 0.726990000000 0.945570000000 0.728660000000 0.944940000000 0.945490000000 0.990910000000 0.721710000000 0.944380000000 0.943860000000 0.989730000000 0.943480000000 0.990020000000 0.990600000000 0.998620000000 0.727550000000 0.947180000000 0.947440000000 0.990020000000 0.945070000000 0.989670000000 0.989870000000 0.998250000000 0.947140000000 0.990570000000 0.990440000000 0.998140000000 0.991210000000 0.998500000000 0.998660000000 0.999820000000 0.761490000000 0.955140000000 0.957020000000 0.991840000000 0.957800000000 0.992100000000 0.992010000000 0.998650000000 0.958400000000 0.992240000000 0.992530000000 0.998560000000 0.992830000000 0.998730000000 0.998810000000 0.999820000000 0.963300000000 0.994080000000 0.994070000000 0.998870000000 0.994500000000 0.999020000000 0.999010000000 0.999840000000 0.995170000000 0.999260000000 0.999280000000 0.999870000000 0.999360000000 0.999910000000 0.999920000000 0.999990000000 

0.000000000000 0.000000000000 0.000000000000 0.000000000000 0.000000000000 0.000000000000 0.000000000000 0.000000000000 0.000000000000 0.000000000000 0.000000000000 0.000000000000 0.000000000000 0.000000000000 0.000000000000 0.000000000000 0.000000000000 0.000000000000 0.000000000000 0.000000000000 0.000000000000 0.000000000000 0.000000000000 0.000000000000 0.000000000000 0.000000000000 0.000000000000 0.000000000000 0.000000000000 0.000000000000 0.000000000000 0.000000000024 0.000000000000 0.000000000000 0.000000000000 0.000000000000 0.000000000000 0.000000000000 0.000000000000 0.000000000000 0.000000000000 0.000000000000 0.000000000000 0.000000000000 0.000000000000 0.000000000000 0.000000000000 0.000000009702 0.000000000000 0.000000000000 0.000000000000 0.000000000000 0.000000000000 0.000000000000 0.000000000000 0.000000014917 0.000000000000 0.000000000000 0.000000000000 0.000000417790 0.000000000000 0.000000373980 0.000000075176 0.039304000000 0.000000000000 0.000000000000 0.000000000000 0.000000000000 0.000000000000 0.000000000000 0.000000000000 0.000000000000 0.000000000000 0.000000000000 0.000000000000 0.000000000000 0.000000000000 0.000000000000 0.000000000000 0.000000775710 0.000000000000 0.000000000000 0.000000000000 0.000000000000 0.000000000000 0.000000000000 0.000000000000 0.000001085500 0.000000000000 0.000000000000 0.000000000000 0.000186680000 0.000000000000 0.000005717300 0.000316820000 0.112550000000 0.000000000000 0.000000000000 0.000000000000 0.000000000000 0.000000000000 0.000000000000 0.000000000000 0.000055843000 0.000000000000 0.000000000000 0.000000000000 0.000008677500 0.000000000002 0.001016200000 0.008224400000 0.292090000000 0.000000000000 0.000000000014 0.000000000000 0.008737100000 0.000000002437 0.031109000000 0.046417000000 0.555290000000 0.000680480000 0.124960000000 0.214500000000 0.816260000000 0.473180000000 0.928880000000 0.973190000000 0.995500000000 0.000000000000 0.000000000000 0.000000000000 0.000000000000 0.000000000000 0.000000000000 0.000000000000 0.000000000000 0.000000000000 0.000000000000 0.000000000000 0.000000000000 0.000000000000 0.000000000000 0.000000000246 0.008721600000 0.000000000000 0.000000000000 0.000000000000 0.000031941000 0.000000000000 0.000000001438 0.000000136520 0.022074000000 0.000000000000 0.000000079889 0.003306100000 0.032397000000 0.000000646120 0.073689000000 0.143640000000 0.756890000000 0.000000000000 0.000000000000 0.000000000000 0.000000000784 0.000000000000 0.000089483000 0.002724500000 0.069465000000 0.000000000000 0.000000266780 0.000007115500 0.139030000000 0.007462700000 0.322660000000 0.512830000000 0.939050000000 0.000000020373 0.005054000000 0.065037000000 0.506390000000 0.166980000000 0.722710000000 0.854530000000 0.989770000000 0.430600000000 0.916560000000 0.971000000000 0.996040000000 0.985600000000 0.996230000000 0.995790000000 0.996090000000 0.000000000000 0.000000000137 0.000000000007 0.037826000000 0.000000115640 0.061109000000 0.131340000000 0.703650000000 0.005420800000 0.186820000000 0.345460000000 0.873740000000 0.625730000000 0.965470000000 0.981990000000 0.996030000000 0.076013000000 0.633540000000 0.779600000000 0.981210000000 0.916780000000 0.992850000000 0.992550000000 0.996000000000 0.966500000000 0.996740000000 0.996280000000 0.996230000000 0.995670000000 0.996130000000 0.996150000000 0.996140000000 0.533410000000 0.953600000000 0.970170000000 0.997070000000 0.990940000000 0.995420000000 0.996210000000 0.996220000000 0.994930000000 0.996920000000 0.996530000000 0.995930000000 0.995850000000 0.995990000000 0.996110000000 0.996040000000 0.995300000000 0.995400000000 0.996550000000 0.995900000000 0.995260000000 0.996070000000 0.996030000000 0.996120000000 0.996730000000 0.996180000000 0.996160000000 0.996140000000 0.996130000000 0.996050000000 0.996080000000 0.996100000000 0.000000000000 0.000000000000 0.000000000000 0.000000000000 0.000000000000 0.000000000001 0.000000000043 0.007669000000 0.000000000000 0.000000000013 0.000000000420 0.018086000000 0.000000018622 0.060687000000 0.162350000000 0.741740000000 0.000000000000 0.000057102000 0.000029886000 0.192430000000 0.015140000000 0.340010000000 0.528150000000 0.952320000000 0.127030000000 0.698630000000 0.824310000000 0.991010000000 0.910620000000 0.995330000000 0.995120000000 0.996240000000 0.000003014500 0.074603000000 0.170660000000 0.747840000000 0.371730000000 0.866950000000 0.956740000000 0.995970000000 0.683630000000 0.977980000000 0.983240000000 0.996430000000 0.990140000000 0.996470000000 0.996010000000 0.996130000000 0.919180000000 0.992620000000 0.995410000000 0.995490000000 0.996270000000 0.995530000000 0.995890000000 0.995800000000 0.994540000000 0.995940000000 0.996630000000 0.996010000000 0.995820000000 0.996090000000 0.996160000000 0.996110000000 0.123890000000 0.646230000000 0.815300000000 0.990010000000 0.932950000000 0.995870000000 0.997780000000 0.996420000000 0.969160000000 0.996850000000 0.997770000000 0.996190000000 0.996290000000 0.995960000000 0.996460000000 0.996060000000 0.990980000000 0.996900000000 0.995850000000 0.996450000000 0.996220000000 0.995940000000 0.996370000000 0.996160000000 0.993510000000 0.996290000000 0.996410000000 0.996050000000 0.995870000000 0.996090000000 0.996090000000 0.996130000000 0.989890000000 0.994530000000 0.997250000000 0.996160000000 0.997020000000 0.996680000000 0.996130000000 0.996110000000 0.995490000000 0.995550000000 0.995750000000 0.996160000000 0.996220000000 0.996090000000 0.996070000000 0.996120000000 0.996050000000 0.996090000000 0.996110000000 0.996360000000 0.995810000000 0.996090000000 0.996130000000 0.996080000000 0.996450000000 0.996080000000 0.996110000000 0.996140000000 0.995930000000 0.996100000000 0.996130000000 0.996090000000 0.585590000000 0.957940000000 0.985960000000 0.996320000000 0.993190000000 0.996810000000 0.996590000000 0.996010000000 0.992320000000 0.995840000000 0.991700000000 0.996250000000 0.997670000000 0.995380000000 0.996660000000 0.996030000000 0.994300000000 0.997170000000 0.997570000000 0.995630000000 0.996260000000 0.996010000000 0.996200000000 0.996080000000 0.994860000000 0.995990000000 0.996170000000 0.996040000000 0.996320000000 0.995950000000 0.995980000000 0.996050000000 0.993430000000 0.996280000000 0.996310000000 0.995870000000 0.996180000000 0.995710000000 0.996080000000 0.995970000000 0.996540000000 0.995810000000 0.996380000000 0.996160000000 0.995970000000 0.996000000000 0.996160000000 0.996110000000 0.997630000000 0.996230000000 0.996100000000 0.996140000000 0.996010000000 0.996030000000 0.996040000000 0.996020000000 0.996180000000 0.996110000000 0.996200000000 0.996130000000 0.996130000000 0.996090000000 0.996040000000 0.996100000000 0.994000000000 0.996040000000 0.995710000000 0.996200000000 0.996270000000 0.996150000000 0.996130000000 0.996100000000 0.995980000000 0.996150000000 0.996280000000 0.996070000000 0.996430000000 0.995920000000 0.996050000000 0.996090000000 0.996190000000 0.996050000000 0.996110000000 0.996170000000 0.996060000000 0.996000000000 0.995930000000 0.996080000000 0.996190000000 0.996140000000 0.996060000000 0.996080000000 0.995900000000 0.996120000000 0.996070000000 0.996080000000 0.996830000000 0.996200000000 0.996040000000 0.996150000000 0.996040000000 0.996220000000 0.996170000000 0.996080000000 0.996290000000 0.996200000000 0.995810000000 0.996080000000 0.996020000000 0.996120000000 0.996100000000 0.996090000000 0.996370000000 0.996050000000 0.996080000000 0.996030000000 0.995990000000 0.996110000000 0.996120000000 0.996090000000 0.996230000000 0.996100000000 0.996120000000 0.996090000000 0.996100000000 0.996090000000 0.996090000000 0.996090000000 

N_obs: 200

File Format:
1- most to least reliable channels (taken entropies)
2- most to least reliable channels (taken error probabilities)
3- channels entropies (flipped)
4- channels error probabilities (flipped)
5- number of MontCarlo simulations
