511 510 509 508 507 506 505 503 502 501 499 495 494 493 491 487 479 478 477 475 447 471 504 492 490 463 498 486 446 489 445 485 443 497 476 500 483 383 474 470 439 469 473 496 462 467 444 488 484 461 442 431 382 482 441 472 459 381 481 438 468 255 437 379 415 466 455 435 430 465 460 375 127 191 380 367 319 429 254 440 223 253 351 251 239 458 247 63 427 378 480 159 287 95 414 457 423 436 111 123 377 399 119 31 413 125 207 175 407 303 335 411 311 126 183 454 187 315 374 215 231 189 343 359 373 317 371 219 363 235 221 347 318 237 365 349 190 243 245 453 222 434 47 143 366 350 79 271 238 249 246 250 451 15 55 59 433 252 464 61 62 428 103 391 87 295 167 151 327 279 199 91 93 115 283 155 419 157 107 285 426 425 94 158 395 286 403 421 71 23 117 135 39 109 263 110 307 422 179 121 171 203 299 331 397 7 118 211 339 398 355 227 405 122 173 409 29 205 301 27 30 333 376 456 406 412 174 334 302 309 124 206 181 313 410 185 213 310 182 229 341 357 369 186 233 217 345 314 361 214 342 230 358 51 370 372 218 99 316 188 75 83 346 43 241 147 387 139 275 163 234 362 291 267 323 195 220 236 364 348 242 57 35 67 11 19 244 131 449 259 452 3 45 46 142 78 77 141 270 269 450 53 248 58 13 14 432 60 54 113 89 101 105 417 153 281 393 85 389 401 149 165 293 277 169 177 197 201 305 297 325 329 209 337 225 353 102 390 86 92 150 156 166 278 25 284 294 326 49 198 424 37 97 81 114 69 73 41 145 21 90 137 133 273 289 161 385 265 261 321 193 116 418 282 154 420 108 106 17 33 65 5 9 129 257 1 402 396 120 394 404 28 408 172 178 300 306 204 170 298 202 308 332 180 330 210 338 184 70 312 38 22 212 134 262 226 354 340 228 356 6 216 360 344 232 368 240 26 56 448 52 76 44 50 140 268 98 100 104 112 88 82 152 42 74 280 146 416 392 138 84 386 162 388 274 400 290 148 164 292 276 168 266 194 296 200 322 328 196 304 176 324 208 336 224 352 12 24 48 34 66 72 18 40 68 36 80 96 136 20 144 10 132 130 272 160 264 288 384 258 260 192 320 16 32 2 8 64 4 128 256 0 

511 510 509 508 507 506 505 503 502 501 499 495 494 493 491 487 479 478 477 475 447 471 504 492 490 463 486 498 446 489 445 485 443 497 476 500 483 383 474 470 469 473 439 467 496 488 461 444 484 462 442 482 431 441 382 472 459 481 438 381 468 437 466 455 379 415 465 255 460 435 430 440 458 429 380 375 480 457 436 427 378 454 414 254 464 367 434 453 377 423 413 433 253 428 374 351 451 411 251 456 373 407 426 319 371 425 366 452 376 247 399 365 123 287 239 422 157 47 363 315 115 359 421 252 311 219 391 79 432 167 369 55 412 11 223 450 350 31 127 335 122 285 307 349 364 249 345 302 237 222 243 171 54 347 316 53 155 109 323 135 185 372 389 125 67 341 403 355 449 141 401 172 325 99 92 143 195 39 394 49 357 404 203 291 294 69 217 199 275 205 420 174 5 234 244 339 3 232 60 120 299 175 61 344 204 177 188 281 333 267 26 6 22 273 156 41 353 306 212 368 257 410 332 45 14 139 126 309 362 74 300 338 121 100 308 200 289 295 21 330 193 65 176 392 225 228 84 161 81 322 324 25 201 178 114 265 326 230 62 336 261 44 448 276 162 70 146 274 101 164 397 218 163 266 90 48 87 386 202 52 402 96 137 284 165 116 36 418 296 51 56 10 272 98 117 248 50 398 9 102 184 66 264 144 197 256 82 43 160 128 32 16 132 64 320 0 4 2 8 80 360 400 268 190 282 166 208 20 288 168 104 384 258 12 40 34 304 72 192 24 130 68 112 305 416 18 303 148 140 354 42 152 224 290 260 329 106 145 196 388 280 88 277 131 356 194 76 136 133 328 142 352 292 170 409 147 73 279 226 27 262 105 17 312 259 138 103 75 390 179 113 134 408 38 1 385 86 158 154 110 331 107 118 240 340 169 119 23 216 28 297 57 396 35 209 419 210 33 108 153 229 286 85 231 321 424 241 13 298 314 180 221 270 83 129 211 337 198 301 417 206 227 59 58 242 293 95 30 233 186 310 348 159 19 37 150 97 93 46 405 370 214 182 393 235 187 183 77 124 78 89 406 149 346 361 395 269 15 278 387 342 173 236 181 29 334 220 318 358 313 7 213 263 245 238 283 71 63 327 151 94 207 317 111 215 91 191 189 271 250 246 343 

0.000000000000 0.000000000000 0.000000000000 0.000000000000 0.000000000000 0.000000000000 0.000000000000 0.000000000000 0.000000000000 0.000000000000 0.000000000000 0.000000026993 0.000000000000 0.000000000023 0.000000001683 0.000915990000 0.000000000000 0.000000000000 0.000000000000 0.000000000001 0.000000000000 0.000000000003 0.000000000053 0.001562500000 0.000000000000 0.000000000023 0.000000000696 0.001733300000 0.000000047221 0.006803800000 0.017630000000 0.300090000000 0.000000000000 0.000000000000 0.000000000000 0.000000026356 0.000000000000 0.000000107910 0.000209960000 0.010897000000 0.000000000000 0.000000783260 0.000152960000 0.024014000000 0.001242800000 0.056325000000 0.113740000000 0.554340000000 0.000000000008 0.001215100000 0.001753000000 0.119980000000 0.014672000000 0.218900000000 0.321580000000 0.763240000000 0.073728000000 0.406820000000 0.483540000000 0.857860000000 0.522050000000 0.880700000000 0.854580000000 0.986250000000 0.000000000000 0.000000000030 0.000000000258 0.001456100000 0.000000001047 0.004326000000 0.008843600000 0.191510000000 0.000055947000 0.019973000000 0.043027000000 0.337440000000 0.106310000000 0.486250000000 0.550810000000 0.895190000000 0.004959000000 0.112140000000 0.188510000000 0.596750000000 0.280020000000 0.679050000000 0.682260000000 0.942270000000 0.332760000000 0.716690000000 0.700230000000 0.947630000000 0.671360000000 0.946710000000 0.904910000000 0.994620000000 0.054962000000 0.319660000000 0.362160000000 0.766010000000 0.382520000000 0.774320000000 0.750250000000 0.961340000000 0.377900000000 0.765970000000 0.742230000000 0.958400000000 0.697200000000 0.954920000000 0.910690000000 0.995220000000 0.350580000000 0.735960000000 0.725790000000 0.955030000000 0.690760000000 0.955650000000 0.908890000000 0.994660000000 0.615060000000 0.932830000000 0.909810000000 0.995110000000 0.828460000000 0.995020000000 0.945210000000 0.999630000000 0.000000077202 0.006644300000 0.015517000000 0.183850000000 0.053394000000 0.295520000000 0.347180000000 0.763060000000 0.128890000000 0.419200000000 0.432900000000 0.821410000000 0.438410000000 0.814080000000 0.798510000000 0.974950000000 0.186730000000 0.493470000000 0.466710000000 0.844960000000 0.450230000000 0.830520000000 0.802460000000 0.973700000000 0.430380000000 0.812190000000 0.794350000000 0.971070000000 0.739400000000 0.970080000000 0.923350000000 0.997240000000 0.207510000000 0.498350000000 0.470880000000 0.848130000000 0.457860000000 0.826270000000 0.799220000000 0.973840000000 0.430070000000 0.809320000000 0.792900000000 0.970460000000 0.732390000000 0.967510000000 0.919760000000 0.996600000000 0.380810000000 0.767860000000 0.759330000000 0.964940000000 0.724770000000 0.964970000000 0.916960000000 0.995940000000 0.635740000000 0.940880000000 0.915980000000 0.996060000000 0.832330000000 0.995940000000 0.945970000000 0.999670000000 0.187320000000 0.466370000000 0.433050000000 0.823300000000 0.416310000000 0.802040000000 0.773880000000 0.968160000000 0.404100000000 0.786820000000 0.768990000000 0.964570000000 0.716440000000 0.962340000000 0.915910000000 0.996020000000 0.378610000000 0.768050000000 0.753520000000 0.962110000000 0.724190000000 0.964180000000 0.915920000000 0.995820000000 0.623910000000 0.940380000000 0.913200000000 0.995490000000 0.830710000000 0.995240000000 0.944830000000 0.999600000000 0.314560000000 0.697130000000 0.678120000000 0.939900000000 0.669010000000 0.946870000000 0.905880000000 0.994440000000 0.635860000000 0.939380000000 0.913890000000 0.995660000000 0.829200000000 0.995130000000 0.944620000000 0.999550000000 0.501560000000 0.873960000000 0.874160000000 0.992680000000 0.830780000000 0.995760000000 0.945500000000 0.999600000000 0.712120000000 0.969450000000 0.945590000000 0.999640000000 0.855460000000 0.999640000000 0.952300000000 0.999980000000 0.035563000000 0.189030000000 0.207350000000 0.552250000000 0.209320000000 0.520800000000 0.514350000000 0.883470000000 0.221580000000 0.520120000000 0.481110000000 0.853710000000 0.476460000000 0.849290000000 0.827140000000 0.980740000000 0.215420000000 0.513650000000 0.466700000000 0.841770000000 0.452080000000 0.829710000000 0.798910000000 0.973930000000 0.422230000000 0.811570000000 0.791390000000 0.971010000000 0.740870000000 0.969520000000 0.923340000000 0.997230000000 0.201210000000 0.484570000000 0.455950000000 0.836900000000 0.445100000000 0.822670000000 0.799190000000 0.973350000000 0.420750000000 0.806790000000 0.783720000000 0.968580000000 0.732110000000 0.965850000000 0.918880000000 0.996380000000 0.374630000000 0.769120000000 0.752740000000 0.963190000000 0.723390000000 0.964530000000 0.915830000000 0.995850000000 0.636280000000 0.941570000000 0.915650000000 0.995990000000 0.832520000000 0.995770000000 0.946110000000 0.999670000000 0.181600000000 0.473030000000 0.428960000000 0.824750000000 0.411540000000 0.798620000000 0.775290000000 0.968060000000 0.406710000000 0.790630000000 0.771900000000 0.964960000000 0.718390000000 0.962050000000 0.915610000000 0.996030000000 0.376650000000 0.766520000000 0.748430000000 0.961780000000 0.721330000000 0.963530000000 0.915530000000 0.995670000000 0.628300000000 0.939280000000 0.912850000000 0.995390000000 0.829320000000 0.995040000000 0.944890000000 0.999580000000 0.309070000000 0.683850000000 0.672930000000 0.938330000000 0.670980000000 0.947010000000 0.904920000000 0.994250000000 0.630120000000 0.938270000000 0.912070000000 0.995380000000 0.827880000000 0.994620000000 0.944030000000 0.999500000000 0.489250000000 0.869000000000 0.870920000000 0.991730000000 0.828880000000 0.994860000000 0.944410000000 0.999480000000 0.708650000000 0.969010000000 0.944440000000 0.999540000000 0.854040000000 0.999540000000 0.951920000000 0.999970000000 0.163030000000 0.404710000000 0.371690000000 0.769120000000 0.343500000000 0.742260000000 0.721100000000 0.955450000000 0.351730000000 0.727870000000 0.705120000000 0.946480000000 0.666080000000 0.943500000000 0.901730000000 0.993850000000 0.343050000000 0.715100000000 0.709530000000 0.948690000000 0.676680000000 0.949010000000 0.904050000000 0.993840000000 0.601700000000 0.927640000000 0.902810000000 0.993810000000 0.823100000000 0.993650000000 0.943300000000 0.999460000000 0.315380000000 0.683310000000 0.666030000000 0.937600000000 0.658440000000 0.944330000000 0.901880000000 0.993870000000 0.619620000000 0.935060000000 0.909600000000 0.994880000000 0.826170000000 0.994040000000 0.943380000000 0.999450000000 0.499240000000 0.869430000000 0.869480000000 0.991160000000 0.824950000000 0.994350000000 0.943610000000 0.999420000000 0.701830000000 0.968120000000 0.943500000000 0.999430000000 0.852680000000 0.999410000000 0.951470000000 0.999950000000 0.246570000000 0.574680000000 0.559670000000 0.895640000000 0.543760000000 0.887340000000 0.851540000000 0.984040000000 0.538320000000 0.896690000000 0.882190000000 0.990660000000 0.813010000000 0.991240000000 0.941160000000 0.999280000000 0.486320000000 0.868240000000 0.868150000000 0.991170000000 0.826280000000 0.994310000000 0.943920000000 0.999430000000 0.708820000000 0.968370000000 0.943210000000 0.999440000000 0.852050000000 0.999370000000 0.951360000000 0.999950000000 0.361430000000 0.758470000000 0.751370000000 0.959680000000 0.756580000000 0.983310000000 0.939760000000 0.999210000000 0.703120000000 0.968460000000 0.944070000000 0.999500000000 0.853570000000 0.999420000000 0.951340000000 0.999950000000 0.531260000000 0.894420000000 0.887890000000 0.999010000000 0.853420000000 0.999510000000 0.951660000000 0.999950000000 0.725860000000 0.971610000000 0.951600000000 0.999960000000 0.860420000000 0.999950000000 0.953660000000 1.000000000000 

0.000000000000 0.000000000000 0.000000000000 0.000000000000 0.000000000000 0.000000000000 0.000000000000 0.000000000000 0.000000000000 0.000000000000 0.000000000000 0.000000010507 0.000000000000 0.000000000005 0.000000000502 0.003310200000 0.000000000000 0.000000000000 0.000000000000 0.000000000000 0.000000000000 0.000000000001 0.000000000012 0.003353500000 0.000000000000 0.000000000005 0.000000000198 0.004444200000 0.000000016557 0.018526000000 0.042694000000 0.540260000000 0.000000000000 0.000000000000 0.000000000000 0.000000009762 0.000000000000 0.000000044787 0.000235830000 0.028182000000 0.000000000000 0.000000360240 0.000202590000 0.061172000000 0.002329700000 0.125800000000 0.239600000000 0.821000000000 0.000000000002 0.004521500000 0.003464500000 0.265360000000 0.041402000000 0.452760000000 0.611100000000 0.963250000000 0.177180000000 0.748280000000 0.865100000000 0.984400000000 0.936960000000 0.991090000000 0.991770000000 0.992140000000 0.000000000000 0.000000000007 0.000000000069 0.004008500000 0.000000000287 0.010062000000 0.023845000000 0.417740000000 0.000994850000 0.057391000000 0.118620000000 0.647000000000 0.284200000000 0.833320000000 0.909950000000 0.990710000000 0.019430000000 0.304150000000 0.491880000000 0.919230000000 0.729110000000 0.972940000000 0.983280000000 0.992440000000 0.877100000000 0.988680000000 0.990140000000 0.991890000000 0.992390000000 0.992170000000 0.992530000000 0.992210000000 0.222950000000 0.790670000000 0.903680000000 0.991000000000 0.954980000000 0.992020000000 0.992250000000 0.992310000000 0.972210000000 0.992690000000 0.992620000000 0.991860000000 0.991740000000 0.992160000000 0.991810000000 0.992190000000 0.986610000000 0.992180000000 0.992150000000 0.992380000000 0.992760000000 0.991850000000 0.992640000000 0.992100000000 0.990620000000 0.992290000000 0.991720000000 0.992220000000 0.992810000000 0.992150000000 0.992310000000 0.992200000000 0.000000031472 0.024478000000 0.059762000000 0.518820000000 0.198140000000 0.742280000000 0.867810000000 0.985300000000 0.525580000000 0.924390000000 0.963320000000 0.991710000000 0.982020000000 0.992620000000 0.990850000000 0.992020000000 0.828220000000 0.984270000000 0.987420000000 0.991390000000 0.989520000000 0.992050000000 0.992690000000 0.992190000000 0.990050000000 0.992960000000 0.991860000000 0.992230000000 0.991740000000 0.992210000000 0.992010000000 0.992240000000 0.933670000000 0.991120000000 0.991370000000 0.992590000000 0.991590000000 0.992690000000 0.991460000000 0.991960000000 0.995490000000 0.992820000000 0.991730000000 0.992340000000 0.991900000000 0.992070000000 0.992510000000 0.992140000000 0.991260000000 0.992920000000 0.991980000000 0.992020000000 0.992330000000 0.992090000000 0.992220000000 0.992240000000 0.993420000000 0.992130000000 0.991820000000 0.992110000000 0.991650000000 0.992110000000 0.992440000000 0.992190000000 0.973680000000 0.992940000000 0.993710000000 0.991610000000 0.989700000000 0.992470000000 0.992970000000 0.992270000000 0.990560000000 0.992580000000 0.992030000000 0.992070000000 0.991360000000 0.992020000000 0.992210000000 0.992200000000 0.992210000000 0.991470000000 0.992530000000 0.992070000000 0.991930000000 0.992460000000 0.992380000000 0.992170000000 0.992080000000 0.991870000000 0.992560000000 0.992240000000 0.991870000000 0.992220000000 0.992080000000 0.992200000000 0.988290000000 0.992420000000 0.991340000000 0.992160000000 0.993290000000 0.992200000000 0.991980000000 0.992220000000 0.992250000000 0.992780000000 0.992220000000 0.992150000000 0.991880000000 0.992150000000 0.992010000000 0.992180000000 0.994400000000 0.992480000000 0.992760000000 0.992190000000 0.991980000000 0.992150000000 0.992130000000 0.992180000000 0.993070000000 0.992260000000 0.992140000000 0.992220000000 0.992270000000 0.992200000000 0.992020000000 0.992180000000 0.246410000000 0.795000000000 0.915710000000 0.990280000000 0.963220000000 0.994880000000 0.991430000000 0.992180000000 0.985430000000 0.995330000000 0.993180000000 0.991900000000 0.991560000000 0.992550000000 0.992450000000 0.992340000000 0.988510000000 0.993260000000 0.991510000000 0.992860000000 0.992640000000 0.991900000000 0.992560000000 0.991910000000 0.992430000000 0.992140000000 0.992410000000 0.992100000000 0.992530000000 0.992260000000 0.992100000000 0.992220000000 0.991070000000 0.991510000000 0.992480000000 0.992940000000 0.990580000000 0.992150000000 0.991880000000 0.992370000000 0.993760000000 0.992630000000 0.992990000000 0.992020000000 0.992500000000 0.992400000000 0.992390000000 0.992200000000 0.993560000000 0.992530000000 0.991880000000 0.991970000000 0.991860000000 0.992150000000 0.992120000000 0.992080000000 0.991880000000 0.992520000000 0.992180000000 0.992220000000 0.991840000000 0.992230000000 0.992090000000 0.992200000000 0.993920000000 0.992190000000 0.994020000000 0.991970000000 0.992660000000 0.992580000000 0.991700000000 0.992180000000 0.992660000000 0.992640000000 0.992870000000 0.992470000000 0.992290000000 0.992120000000 0.991970000000 0.992090000000 0.991940000000 0.991890000000 0.992850000000 0.991820000000 0.991560000000 0.992240000000 0.992340000000 0.992200000000 0.990770000000 0.992200000000 0.992170000000 0.992150000000 0.992150000000 0.992150000000 0.992110000000 0.992190000000 0.992590000000 0.992320000000 0.988910000000 0.992010000000 0.991620000000 0.992320000000 0.992410000000 0.992220000000 0.993540000000 0.992600000000 0.992690000000 0.992210000000 0.992250000000 0.992150000000 0.992220000000 0.992180000000 0.991840000000 0.992240000000 0.991780000000 0.992210000000 0.992030000000 0.992280000000 0.992160000000 0.992230000000 0.991690000000 0.992310000000 0.992240000000 0.992190000000 0.992220000000 0.992210000000 0.992490000000 0.992190000000 0.991140000000 0.992030000000 0.991720000000 0.992670000000 0.987630000000 0.991330000000 0.992070000000 0.991930000000 0.992360000000 0.992330000000 0.992180000000 0.992170000000 0.989810000000 0.992120000000 0.992300000000 0.992210000000 0.993720000000 0.992320000000 0.991640000000 0.992410000000 0.992330000000 0.992220000000 0.992260000000 0.992200000000 0.992280000000 0.992180000000 0.992150000000 0.992070000000 0.991820000000 0.992180000000 0.992600000000 0.992160000000 0.992560000000 0.993550000000 0.992600000000 0.991840000000 0.993870000000 0.992150000000 0.992670000000 0.992220000000 0.992150000000 0.992320000000 0.992420000000 0.992110000000 0.992490000000 0.992180000000 0.992110000000 0.992190000000 0.990680000000 0.992670000000 0.992670000000 0.992230000000 0.992280000000 0.992060000000 0.992250000000 0.992200000000 0.993300000000 0.992150000000 0.991880000000 0.992210000000 0.991730000000 0.992180000000 0.992090000000 0.992190000000 0.993370000000 0.992140000000 0.991950000000 0.991920000000 0.992530000000 0.992540000000 0.992380000000 0.992170000000 0.990890000000 0.991580000000 0.991620000000 0.992160000000 0.992170000000 0.992180000000 0.991860000000 0.992150000000 0.989320000000 0.992610000000 0.992020000000 0.992140000000 0.992190000000 0.992220000000 0.992010000000 0.992200000000 0.991850000000 0.992310000000 0.992600000000 0.992170000000 0.992380000000 0.992200000000 0.992400000000 0.992190000000 0.991140000000 0.992560000000 0.992910000000 0.992370000000 0.992260000000 0.992000000000 0.992120000000 0.992210000000 0.992360000000 0.992000000000 0.992080000000 0.992200000000 0.992590000000 0.992210000000 0.992270000000 0.992190000000 0.992770000000 0.992020000000 0.992460000000 0.992200000000 0.991030000000 0.992170000000 0.992180000000 0.992190000000 0.992990000000 0.992000000000 0.991900000000 0.992190000000 0.991910000000 0.992190000000 0.992310000000 0.992190000000 

N_obs: 1000

File Format:
1- most to least reliable channels (taken entropies)
2- most to least reliable channels (taken error probabilities)
3- channels entropies (flipped)
4- channels error probabilities (flipped)
5- number of MontCarlo simulations
