511 510 509 508 507 506 505 504 503 502 501 500 499 498 497 496 495 494 493 492 491 490 489 488 487 486 485 484 483 482 481 480 479 478 477 476 475 474 473 472 471 470 469 468 467 466 465 464 463 462 461 460 459 458 457 456 455 454 453 452 451 450 449 447 446 445 444 443 442 441 440 439 438 437 436 435 434 433 432 431 430 429 428 427 426 425 424 423 422 421 420 419 418 417 415 414 413 412 411 410 409 408 407 406 405 404 403 402 401 399 398 397 396 395 394 393 391 390 389 387 383 382 381 380 379 378 377 376 375 374 373 372 371 370 369 368 367 366 365 364 363 362 361 360 359 358 357 356 355 354 353 351 350 349 348 347 346 345 344 343 342 341 340 339 338 337 335 334 333 332 331 330 329 327 326 325 323 319 318 317 316 315 314 313 312 311 310 309 308 307 306 305 303 302 301 300 299 298 297 295 294 293 287 286 285 283 279 271 255 254 253 252 251 250 249 248 247 246 245 244 243 242 241 240 239 238 237 236 235 234 233 231 230 229 227 223 222 221 220 219 218 217 215 214 213 211 207 206 205 203 199 191 190 189 188 187 186 185 183 182 181 179 175 174 173 171 167 159 127 126 125 124 123 119 111 95 232 291 226 282 121 228 158 225 155 157 216 122 284 118 209 281 278 212 210 117 115 275 151 184 202 448 416 198 277 269 204 178 400 110 336 352 177 197 172 386 328 201 270 109 385 170 388 180 267 195 322 392 304 107 324 169 321 166 292 296 289 290 165 63 156 224 263 280 143 120 154 208 103 276 94 153 163 116 93 114 274 200 150 196 273 113 91 149 176 108 268 194 384 168 106 266 193 147 320 62 105 164 142 87 265 102 141 288 61 92 162 152 262 101 79 90 161 59 139 261 148 112 272 99 89 55 47 135 31 86 146 259 104 192 60 85 264 145 140 83 78 77 58 100 75 57 71 138 53 54 51 160 260 137 45 43 98 46 39 88 30 29 27 97 23 134 15 133 131 258 84 257 82 144 81 76 74 73 70 56 69 67 52 50 42 41 44 49 136 38 37 26 28 35 25 22 21 19 96 14 132 13 11 130 7 129 256 80 72 68 66 65 36 40 20 48 24 34 18 17 33 12 10 9 6 5 3 128 64 16 32 8 4 2 1 0 

511 510 509 508 507 506 505 504 503 502 501 500 499 498 497 496 495 494 493 492 491 490 489 488 487 486 485 484 483 482 481 480 479 478 477 476 475 474 473 472 471 470 469 468 467 466 465 464 463 462 461 460 459 458 457 456 455 454 453 452 451 450 449 447 446 445 444 443 442 441 440 439 438 437 436 435 434 433 432 431 430 429 428 427 426 425 424 423 422 421 420 419 418 417 415 414 413 412 411 410 409 408 407 406 405 404 403 402 401 399 398 397 396 395 394 393 391 390 389 387 383 382 381 380 379 378 377 376 375 374 373 372 371 370 369 368 367 366 365 364 363 362 361 360 359 358 357 356 355 354 353 351 350 349 348 347 346 345 344 343 342 341 340 339 338 337 335 334 333 332 331 330 329 327 326 325 323 319 318 317 316 315 314 313 312 311 310 309 308 307 306 305 303 302 301 300 299 298 297 295 294 293 287 286 285 283 279 271 255 254 253 252 251 250 249 248 247 246 245 244 243 242 241 240 239 238 237 236 235 234 233 231 230 229 227 223 222 221 220 219 218 217 215 214 213 211 207 206 205 203 199 191 190 189 188 187 186 185 183 182 181 179 175 174 173 171 167 159 127 126 125 124 123 119 111 95 232 291 226 282 121 228 158 225 155 157 216 122 284 118 209 281 278 212 210 117 115 275 151 184 202 448 416 198 277 269 204 178 400 110 336 352 177 197 386 172 328 201 270 109 385 170 388 180 267 195 322 107 304 392 324 169 321 166 292 296 289 165 290 156 143 224 263 280 208 120 154 163 63 103 94 153 274 276 93 114 200 116 150 273 196 149 91 113 176 108 268 384 194 168 266 106 193 147 320 164 265 105 142 62 87 102 288 141 162 262 92 152 61 101 161 90 261 272 148 139 112 79 59 99 89 146 259 192 104 264 86 135 145 140 55 85 60 100 160 260 138 78 83 47 58 88 98 137 77 57 258 31 97 134 144 75 54 71 257 133 84 53 131 46 29 39 82 51 52 69 23 50 76 81 67 22 70 96 130 27 73 41 136 13 25 10 14 68 44 129 66 20 80 65 6 72 34 21 35 5 64 12 128 2 17 40 256 8 4 0 32 16 132 11 9 36 24 1 56 42 38 33 3 48 28 49 19 43 18 37 26 74 7 45 30 15 

0.000000000000 0.000000000000 0.000000000000 0.000000000000 0.000000000000 0.000000000000 0.000000000000 0.000000000000 0.000000000000 0.000000000000 0.000000000000 0.000000000000 0.000000000000 0.000000000000 0.000000000000 0.000000000000 0.000000000000 0.000000000000 0.000000000000 0.000000000000 0.000000000000 0.000000000000 0.000000000000 0.000000000000 0.000000000000 0.000000000000 0.000000000000 0.000000000000 0.000000000000 0.000000000000 0.000000000000 0.000000000000 0.000000000000 0.000000000000 0.000000000000 0.000000000000 0.000000000000 0.000000000000 0.000000000000 0.000000000000 0.000000000000 0.000000000000 0.000000000000 0.000000000000 0.000000000000 0.000000000000 0.000000000000 0.000000000000 0.000000000000 0.000000000000 0.000000000000 0.000000000000 0.000000000000 0.000000000000 0.000000000000 0.000000000000 0.000000000000 0.000000000000 0.000000000000 0.000000000000 0.000000000000 0.000000000000 0.000000000000 0.000000000014 0.000000000000 0.000000000000 0.000000000000 0.000000000000 0.000000000000 0.000000000000 0.000000000000 0.000000000000 0.000000000000 0.000000000000 0.000000000000 0.000000000000 0.000000000000 0.000000000000 0.000000000000 0.000000000000 0.000000000000 0.000000000000 0.000000000000 0.000000000000 0.000000000000 0.000000000000 0.000000000000 0.000000000000 0.000000000000 0.000000000000 0.000000000000 0.000000000000 0.000000000000 0.000000000000 0.000000000000 0.000000000018 0.000000000000 0.000000000000 0.000000000000 0.000000000000 0.000000000000 0.000000000000 0.000000000000 0.000000000000 0.000000000000 0.000000000000 0.000000000000 0.000000000000 0.000000000000 0.000000000000 0.000000000000 0.000000003158 0.000000000000 0.000000000000 0.000000000000 0.000000000000 0.000000000000 0.000000000000 0.000000000000 0.000000690250 0.000000000000 0.000000000000 0.000000000000 0.000000108090 0.000000000000 0.000000011399 0.000000093455 0.011204000000 0.000000000000 0.000000000000 0.000000000000 0.000000000000 0.000000000000 0.000000000000 0.000000000000 0.000000000000 0.000000000000 0.000000000000 0.000000000000 0.000000000000 0.000000000000 0.000000000000 0.000000000000 0.000000000000 0.000000000000 0.000000000000 0.000000000000 0.000000000000 0.000000000000 0.000000000000 0.000000000000 0.000000000000 0.000000000000 0.000000000000 0.000000000000 0.000000000000 0.000000000000 0.000000000000 0.000000000000 0.000000004292 0.000000000000 0.000000000000 0.000000000000 0.000000000000 0.000000000000 0.000000000000 0.000000000000 0.000000000000 0.000000000000 0.000000000000 0.000000000000 0.000000000000 0.000000000000 0.000000000000 0.000000000000 0.000000004221 0.000000000000 0.000000000000 0.000000000000 0.000000000000 0.000000000000 0.000000000000 0.000000000000 0.000000014677 0.000000000000 0.000000000000 0.000000000000 0.000001207600 0.000000000000 0.000000520770 0.000001874600 0.027270000000 0.000000000000 0.000000000000 0.000000000000 0.000000000000 0.000000000000 0.000000000000 0.000000000000 0.000000000000 0.000000000000 0.000000000000 0.000000000000 0.000000000000 0.000000000000 0.000000000000 0.000000000000 0.000000717150 0.000000000000 0.000000000000 0.000000000000 0.000000000000 0.000000000000 0.000000000000 0.000000000000 0.000003857800 0.000000000000 0.000000000000 0.000000000000 0.000003651700 0.000000000000 0.000105860000 0.000071932000 0.068622000000 0.000000000000 0.000000000000 0.000000000000 0.000000000000 0.000000000000 0.000000000000 0.000000000000 0.000458310000 0.000000000000 0.000000000000 0.000000000174 0.000836660000 0.000000000004 0.001980200000 0.004076100000 0.174630000000 0.000000000000 0.000000030095 0.000000000598 0.008532200000 0.000000408400 0.017289000000 0.035894000000 0.389990000000 0.000420890000 0.087007000000 0.158040000000 0.631660000000 0.313440000000 0.763100000000 0.804440000000 0.969180000000 0.000000000000 0.000000000000 0.000000000000 0.000000000000 0.000000000000 0.000000000000 0.000000000000 0.000000000000 0.000000000000 0.000000000000 0.000000000000 0.000000000000 0.000000000000 0.000000000000 0.000000000000 0.000000000000 0.000000000000 0.000000000000 0.000000000000 0.000000000000 0.000000000000 0.000000000000 0.000000000000 0.000000000000 0.000000000000 0.000000000000 0.000000000000 0.000000000000 0.000000000000 0.000000000000 0.000000000000 0.000273450000 0.000000000000 0.000000000000 0.000000000000 0.000000000000 0.000000000000 0.000000000000 0.000000000000 0.000000000000 0.000000000000 0.000000000000 0.000000000000 0.000000000000 0.000000000000 0.000000000001 0.000000000000 0.000704040000 0.000000000000 0.000000000000 0.000000000000 0.000000000622 0.000000000000 0.000000000010 0.000000019889 0.002283300000 0.000000000000 0.000000000062 0.000000009039 0.003611200000 0.000000467640 0.010549000000 0.022320000000 0.350940000000 0.000000000000 0.000000000000 0.000000000000 0.000000000000 0.000000000000 0.000000000000 0.000000000000 0.000000000007 0.000000000000 0.000000000000 0.000000000000 0.000000127190 0.000000000000 0.000000002897 0.000000005179 0.006064000000 0.000000000000 0.000000000000 0.000000000000 0.000000011096 0.000000000000 0.000000107820 0.000001392800 0.013003000000 0.000000000000 0.000002391400 0.000130290000 0.032203000000 0.001183000000 0.070655000000 0.134490000000 0.614380000000 0.000000000000 0.000000000000 0.000000000000 0.000215880000 0.000000000000 0.000625830000 0.001049600000 0.086306000000 0.000000000005 0.003271600000 0.004987700000 0.165830000000 0.023654000000 0.291410000000 0.404760000000 0.832230000000 0.000466500000 0.034754000000 0.061184000000 0.425700000000 0.141130000000 0.573740000000 0.632070000000 0.924630000000 0.264750000000 0.701750000000 0.724950000000 0.947600000000 0.749250000000 0.954780000000 0.962280000000 0.995160000000 0.000000000000 0.000000000000 0.000000000000 0.000000000000 0.000000000000 0.000000000000 0.000000000000 0.000467040000 0.000000000000 0.000000000000 0.000000000001 0.001601700000 0.000000000002 0.001904700000 0.004832300000 0.170760000000 0.000000000000 0.000000003784 0.000000045149 0.006928600000 0.000000764900 0.016283000000 0.029865000000 0.321120000000 0.000807940000 0.053620000000 0.100530000000 0.521190000000 0.212320000000 0.644350000000 0.689900000000 0.944310000000 0.000000000000 0.000860780000 0.001633100000 0.069754000000 0.004962200000 0.130740000000 0.220180000000 0.662850000000 0.035385000000 0.285190000000 0.373850000000 0.792920000000 0.438760000000 0.831110000000 0.848070000000 0.976280000000 0.120910000000 0.459770000000 0.500810000000 0.867160000000 0.534970000000 0.874780000000 0.881720000000 0.980680000000 0.543360000000 0.884380000000 0.893090000000 0.981490000000 0.906340000000 0.984710000000 0.986990000000 0.998290000000 0.000213480000 0.028547000000 0.069658000000 0.371260000000 0.140920000000 0.501370000000 0.535890000000 0.887960000000 0.224370000000 0.598410000000 0.598350000000 0.908840000000 0.612800000000 0.912200000000 0.923270000000 0.988460000000 0.255910000000 0.648200000000 0.641690000000 0.922750000000 0.643980000000 0.919130000000 0.922740000000 0.987440000000 0.652440000000 0.925460000000 0.927130000000 0.987160000000 0.934140000000 0.989040000000 0.990190000000 0.998650000000 0.275940000000 0.667240000000 0.673160000000 0.930830000000 0.682440000000 0.929450000000 0.934150000000 0.988970000000 0.690690000000 0.935540000000 0.936170000000 0.988370000000 0.939890000000 0.989460000000 0.990160000000 0.998540000000 0.722480000000 0.947140000000 0.949390000000 0.990850000000 0.952570000000 0.991710000000 0.991870000000 0.998670000000 0.958670000000 0.993540000000 0.993910000000 0.998940000000 0.994790000000 0.999240000000 0.999340000000 0.999920000000 

0.000000000000 0.000000000000 0.000000000000 0.000000000000 0.000000000000 0.000000000000 0.000000000000 0.000000000000 0.000000000000 0.000000000000 0.000000000000 0.000000000000 0.000000000000 0.000000000000 0.000000000000 0.000000000000 0.000000000000 0.000000000000 0.000000000000 0.000000000000 0.000000000000 0.000000000000 0.000000000000 0.000000000000 0.000000000000 0.000000000000 0.000000000000 0.000000000000 0.000000000000 0.000000000000 0.000000000000 0.000000000000 0.000000000000 0.000000000000 0.000000000000 0.000000000000 0.000000000000 0.000000000000 0.000000000000 0.000000000000 0.000000000000 0.000000000000 0.000000000000 0.000000000000 0.000000000000 0.000000000000 0.000000000000 0.000000000000 0.000000000000 0.000000000000 0.000000000000 0.000000000000 0.000000000000 0.000000000000 0.000000000000 0.000000000000 0.000000000000 0.000000000000 0.000000000000 0.000000000000 0.000000000000 0.000000000000 0.000000000000 0.000000000003 0.000000000000 0.000000000000 0.000000000000 0.000000000000 0.000000000000 0.000000000000 0.000000000000 0.000000000000 0.000000000000 0.000000000000 0.000000000000 0.000000000000 0.000000000000 0.000000000000 0.000000000000 0.000000000000 0.000000000000 0.000000000000 0.000000000000 0.000000000000 0.000000000000 0.000000000000 0.000000000000 0.000000000000 0.000000000000 0.000000000000 0.000000000000 0.000000000000 0.000000000000 0.000000000000 0.000000000000 0.000000000005 0.000000000000 0.000000000000 0.000000000000 0.000000000000 0.000000000000 0.000000000000 0.000000000000 0.000000000000 0.000000000000 0.000000000000 0.000000000000 0.000000000000 0.000000000000 0.000000000000 0.000000000000 0.000000001075 0.000000000000 0.000000000000 0.000000000000 0.000000000000 0.000000000000 0.000000000000 0.000000000000 0.000000436160 0.000000000000 0.000000000000 0.000000000000 0.000000052853 0.000000000000 0.000000004073 0.000000043517 0.026483000000 0.000000000000 0.000000000000 0.000000000000 0.000000000000 0.000000000000 0.000000000000 0.000000000000 0.000000000000 0.000000000000 0.000000000000 0.000000000000 0.000000000000 0.000000000000 0.000000000000 0.000000000000 0.000000000000 0.000000000000 0.000000000000 0.000000000000 0.000000000000 0.000000000000 0.000000000000 0.000000000000 0.000000000000 0.000000000000 0.000000000000 0.000000000000 0.000000000000 0.000000000000 0.000000000000 0.000000000000 0.000000001631 0.000000000000 0.000000000000 0.000000000000 0.000000000000 0.000000000000 0.000000000000 0.000000000000 0.000000000000 0.000000000000 0.000000000000 0.000000000000 0.000000000000 0.000000000000 0.000000000000 0.000000000000 0.000000001506 0.000000000000 0.000000000000 0.000000000000 0.000000000000 0.000000000000 0.000000000000 0.000000000000 0.000000005302 0.000000000000 0.000000000000 0.000000000000 0.000000722430 0.000000000000 0.000000273530 0.000001030600 0.070231000000 0.000000000000 0.000000000000 0.000000000000 0.000000000000 0.000000000000 0.000000000000 0.000000000000 0.000000000000 0.000000000000 0.000000000000 0.000000000000 0.000000000000 0.000000000000 0.000000000000 0.000000000000 0.000000416930 0.000000000000 0.000000000000 0.000000000000 0.000000000000 0.000000000000 0.000000000000 0.000000000000 0.000002741000 0.000000000000 0.000000000000 0.000000000000 0.000002408300 0.000000000000 0.000240190000 0.000065909000 0.160190000000 0.000000000000 0.000000000000 0.000000000000 0.000000000000 0.000000000000 0.000000000000 0.000000000000 0.001251800000 0.000000000000 0.000000000000 0.000000000053 0.004388800000 0.000000000001 0.004294700000 0.010739000000 0.362230000000 0.000000000000 0.000000011846 0.000000000171 0.021950000000 0.000000201770 0.046525000000 0.092412000000 0.675250000000 0.001081500000 0.208940000000 0.362160000000 0.891260000000 0.650900000000 0.972700000000 0.989380000000 0.996090000000 0.000000000000 0.000000000000 0.000000000000 0.000000000000 0.000000000000 0.000000000000 0.000000000000 0.000000000000 0.000000000000 0.000000000000 0.000000000000 0.000000000000 0.000000000000 0.000000000000 0.000000000000 0.000000000000 0.000000000000 0.000000000000 0.000000000000 0.000000000000 0.000000000000 0.000000000000 0.000000000000 0.000000000000 0.000000000000 0.000000000000 0.000000000000 0.000000000000 0.000000000000 0.000000000000 0.000000000000 0.000953480000 0.000000000000 0.000000000000 0.000000000000 0.000000000000 0.000000000000 0.000000000000 0.000000000000 0.000000000000 0.000000000000 0.000000000000 0.000000000000 0.000000000000 0.000000000000 0.000000000000 0.000000000000 0.001391600000 0.000000000000 0.000000000000 0.000000000000 0.000000000208 0.000000000000 0.000000000003 0.000000007697 0.006489200000 0.000000000000 0.000000000016 0.000000003337 0.012508000000 0.000000252380 0.027715000000 0.056121000000 0.651840000000 0.000000000000 0.000000000000 0.000000000000 0.000000000000 0.000000000000 0.000000000000 0.000000000000 0.000000000002 0.000000000000 0.000000000000 0.000000000000 0.000000066369 0.000000000000 0.000000001002 0.000000001925 0.020873000000 0.000000000000 0.000000000000 0.000000000000 0.000000004404 0.000000000000 0.000000051879 0.000000963590 0.033677000000 0.000000000000 0.000001392900 0.000172320000 0.085937000000 0.002440700000 0.177530000000 0.307980000000 0.888010000000 0.000000000000 0.000000000000 0.000000000000 0.000627650000 0.000000000000 0.001561400000 0.003554500000 0.217520000000 0.000000000001 0.009303200000 0.015244000000 0.367000000000 0.065242000000 0.596810000000 0.760300000000 0.983950000000 0.000658700000 0.100930000000 0.166950000000 0.768410000000 0.389060000000 0.901970000000 0.958260000000 0.995960000000 0.703060000000 0.979550000000 0.989670000000 0.996100000000 0.993470000000 0.995880000000 0.996030000000 0.996090000000 0.000000000000 0.000000000000 0.000000000000 0.000000000000 0.000000000000 0.000000000000 0.000000000000 0.001453400000 0.000000000000 0.000000000000 0.000000000000 0.007343200000 0.000000000000 0.006355500000 0.019451000000 0.409030000000 0.000000000000 0.000000001375 0.000000019595 0.021819000000 0.000000415900 0.053809000000 0.093876000000 0.659220000000 0.003125200000 0.158720000000 0.272200000000 0.853810000000 0.544820000000 0.949410000000 0.974220000000 0.995850000000 0.000000000000 0.003545700000 0.005907300000 0.209410000000 0.017758000000 0.358830000000 0.553760000000 0.946700000000 0.130720000000 0.676880000000 0.821710000000 0.990570000000 0.926910000000 0.995130000000 0.995720000000 0.996060000000 0.478280000000 0.917650000000 0.963840000000 0.995720000000 0.986290000000 0.996250000000 0.995940000000 0.996060000000 0.987470000000 0.995840000000 0.995550000000 0.996000000000 0.995770000000 0.996050000000 0.996060000000 0.996080000000 0.002807900000 0.122850000000 0.258800000000 0.834140000000 0.529440000000 0.944200000000 0.972410000000 0.996110000000 0.801230000000 0.986340000000 0.992290000000 0.995510000000 0.995240000000 0.995670000000 0.996150000000 0.996140000000 0.936170000000 0.993980000000 0.996470000000 0.996020000000 0.996150000000 0.996130000000 0.995940000000 0.996090000000 0.995120000000 0.996130000000 0.996190000000 0.996110000000 0.996070000000 0.996070000000 0.996140000000 0.996100000000 0.973210000000 0.996490000000 0.994310000000 0.996150000000 0.995910000000 0.996220000000 0.995990000000 0.996110000000 0.995610000000 0.995830000000 0.996070000000 0.996050000000 0.996150000000 0.996150000000 0.996090000000 0.996100000000 0.996610000000 0.996000000000 0.995960000000 0.996080000000 0.996110000000 0.996000000000 0.996110000000 0.996090000000 0.996340000000 0.996060000000 0.996070000000 0.996100000000 0.996140000000 0.996090000000 0.996110000000 0.996100000000 

N_obs: 1000

File Format:
1- most to least reliable channels (taken entropies)
2- most to least reliable channels (taken error probabilities)
3- channels entropies (flipped)
4- channels error probabilities (flipped)
5- number of MontCarlo simulations
