511 510 509 508 507 506 505 504 503 502 501 500 499 498 497 496 495 494 493 492 491 490 489 488 487 486 485 484 483 482 481 480 479 478 477 476 475 474 473 472 471 470 469 468 467 466 465 464 463 462 461 460 459 458 457 456 455 454 453 452 451 450 449 447 446 445 444 443 442 441 440 439 438 437 436 435 434 433 432 431 430 429 428 427 426 425 424 423 422 421 420 419 418 417 415 414 413 412 411 410 409 408 407 406 405 404 403 402 401 399 398 397 396 395 394 393 391 389 387 383 382 381 380 379 378 377 376 375 374 373 372 371 370 369 368 367 366 365 364 363 362 361 360 359 358 357 356 355 354 353 351 350 349 348 347 346 345 343 342 341 340 339 338 337 335 334 333 332 331 330 329 327 326 325 319 318 317 316 315 314 313 311 310 309 307 303 302 301 299 295 287 286 285 283 279 271 255 254 253 252 251 250 249 248 247 246 245 244 243 242 241 239 238 237 236 235 234 233 231 230 229 227 223 222 221 220 219 218 217 215 214 213 211 207 206 205 203 199 191 190 189 188 187 186 185 183 182 181 179 175 174 173 171 159 127 126 125 123 119 111 344 312 298 390 308 305 297 95 300 323 124 306 167 228 216 232 294 121 282 240 158 117 293 225 212 210 118 204 284 202 157 122 115 209 155 278 448 226 281 416 277 201 151 400 291 392 180 352 197 195 388 324 198 170 107 184 385 178 275 336 328 109 386 110 269 270 322 304 321 172 177 296 166 169 156 267 224 143 165 63 290 292 120 103 94 208 280 154 116 289 276 163 153 200 93 114 274 263 150 196 108 91 113 176 273 149 194 384 268 106 168 193 266 62 105 320 147 87 164 142 102 61 265 92 141 162 152 288 79 101 59 262 90 139 55 112 161 31 47 148 99 89 261 135 272 86 259 146 104 85 60 15 83 192 71 75 78 77 145 39 23 58 140 57 27 51 43 29 264 53 30 45 54 100 46 138 137 131 7 98 160 97 133 134 88 260 67 35 19 11 257 81 258 84 13 14 69 82 73 3 70 37 21 25 41 49 74 76 38 22 144 56 26 50 28 42 52 44 129 65 17 33 9 5 136 132 130 1 96 6 80 256 66 68 72 12 34 18 20 10 36 24 40 48 128 64 16 8 32 4 2 0 

511 510 509 508 507 506 505 504 503 502 501 500 499 498 497 496 495 494 493 492 491 490 489 488 487 486 485 484 483 482 481 480 479 478 477 476 475 474 473 472 471 470 469 468 467 466 465 464 463 462 461 460 459 458 457 456 455 454 453 452 451 450 449 447 446 445 444 443 442 441 440 439 438 437 436 435 434 433 432 431 430 429 428 427 426 425 424 423 422 421 420 419 418 417 415 414 413 412 411 410 409 408 407 406 405 404 403 402 401 399 398 397 396 395 394 393 391 389 387 383 382 381 380 379 378 377 376 375 374 373 372 371 370 369 368 367 366 365 364 363 362 361 360 359 358 357 356 355 354 353 351 350 349 348 347 346 345 343 342 341 340 339 338 337 335 334 333 332 331 330 329 327 326 325 319 318 317 316 315 314 313 311 310 309 307 303 302 301 299 295 287 286 285 283 279 271 255 254 253 252 251 250 249 248 247 246 245 244 243 242 241 239 238 237 236 235 234 233 231 230 229 227 223 222 221 220 219 218 217 215 214 213 211 207 206 205 203 199 191 190 189 188 187 186 185 183 182 181 179 175 174 173 171 159 127 126 125 123 119 111 344 390 312 298 308 305 297 95 300 323 124 306 167 228 216 232 294 121 282 240 158 117 293 225 212 210 118 204 284 202 157 122 115 209 155 278 448 226 281 416 277 201 151 400 291 392 180 352 197 195 388 324 198 170 107 385 184 178 336 328 275 109 386 110 269 322 270 304 321 172 296 169 177 166 156 224 267 165 292 290 143 103 208 120 280 289 63 94 154 276 200 163 153 116 114 274 93 263 150 196 108 176 113 273 91 149 194 384 268 106 168 193 266 320 164 105 147 142 62 87 265 102 162 288 152 92 141 61 262 101 161 112 90 148 272 79 139 261 59 99 89 146 192 104 86 135 259 264 55 140 145 85 60 100 47 160 83 78 138 58 260 98 31 77 57 137 88 97 75 258 54 134 71 51 144 257 84 131 82 133 53 39 69 43 30 19 33 81 35 3 14 29 42 25 74 9 136 49 10 48 11 18 36 6 28 1 256 17 22 13 32 2 16 40 12 0 4 128 129 64 37 34 132 66 24 68 8 20 67 96 65 41 130 72 5 52 80 38 23 56 73 26 50 44 70 76 46 21 27 15 45 7 

0.000000000000 0.000000000000 0.000000000000 0.000000000000 0.000000000000 0.000000000000 0.000000000000 0.000000000000 0.000000000000 0.000000000000 0.000000000000 0.000000000000 0.000000000000 0.000000000000 0.000000000000 0.000000000000 0.000000000000 0.000000000000 0.000000000000 0.000000000000 0.000000000000 0.000000000000 0.000000000000 0.000000000000 0.000000000000 0.000000000000 0.000000000000 0.000000000000 0.000000000000 0.000000000000 0.000000000000 0.000000000000 0.000000000000 0.000000000000 0.000000000000 0.000000000000 0.000000000000 0.000000000000 0.000000000000 0.000000000000 0.000000000000 0.000000000000 0.000000000000 0.000000000000 0.000000000000 0.000000000000 0.000000000000 0.000000000000 0.000000000000 0.000000000000 0.000000000000 0.000000000000 0.000000000000 0.000000000000 0.000000000000 0.000000000000 0.000000000000 0.000000000000 0.000000000000 0.000000000000 0.000000000000 0.000000000000 0.000000000000 0.000000000888 0.000000000000 0.000000000000 0.000000000000 0.000000000000 0.000000000000 0.000000000000 0.000000000000 0.000000000000 0.000000000000 0.000000000000 0.000000000000 0.000000000000 0.000000000000 0.000000000000 0.000000000000 0.000000000000 0.000000000000 0.000000000000 0.000000000000 0.000000000000 0.000000000000 0.000000000000 0.000000000000 0.000000000000 0.000000000000 0.000000000000 0.000000000000 0.000000000000 0.000000000000 0.000000000000 0.000000000000 0.000000005575 0.000000000000 0.000000000000 0.000000000000 0.000000000000 0.000000000000 0.000000000000 0.000000000000 0.000000000000 0.000000000000 0.000000000000 0.000000000000 0.000000000000 0.000000000000 0.000000000000 0.000000000000 0.000000017328 0.000000000000 0.000000000000 0.000000000000 0.000000000000 0.000000000000 0.000000000000 0.000000000000 0.000000087808 0.000000000000 0.000000000000 0.000000000000 0.000000649850 0.000000000000 0.000016178000 0.000007190800 0.025730000000 0.000000000000 0.000000000000 0.000000000000 0.000000000000 0.000000000000 0.000000000000 0.000000000000 0.000000000000 0.000000000000 0.000000000000 0.000000000000 0.000000000000 0.000000000000 0.000000000000 0.000000000000 0.000000000000 0.000000000000 0.000000000000 0.000000000000 0.000000000000 0.000000000000 0.000000000000 0.000000000000 0.000000000000 0.000000000000 0.000000000000 0.000000000000 0.000000000000 0.000000000000 0.000000000000 0.000000000000 0.000000322000 0.000000000000 0.000000000000 0.000000000000 0.000000000000 0.000000000000 0.000000000000 0.000000000000 0.000000000000 0.000000000000 0.000000000000 0.000000000000 0.000000000000 0.000000000000 0.000000000000 0.000000000000 0.000009458500 0.000000000000 0.000000000000 0.000000000000 0.000000000000 0.000000000000 0.000000000000 0.000000000000 0.000009605800 0.000000000000 0.000000000000 0.000000000000 0.000001420300 0.000000000000 0.000039154000 0.000101610000 0.060645000000 0.000000000000 0.000000000000 0.000000000000 0.000000000000 0.000000000000 0.000000000000 0.000000000000 0.000000000000 0.000000000000 0.000000000000 0.000000000000 0.000000000000 0.000000000000 0.000000000000 0.000000000000 0.000079048000 0.000000000000 0.000000000000 0.000000000000 0.000000000000 0.000000000000 0.000000000000 0.000000000000 0.000262590000 0.000000000000 0.000000000001 0.000000000008 0.001065100000 0.000000020912 0.001026000000 0.003029400000 0.144120000000 0.000000000000 0.000000000000 0.000000000000 0.000000000040 0.000000000000 0.000000000003 0.000000003157 0.002397600000 0.000000000000 0.000000000613 0.000000005934 0.003476500000 0.000008696100 0.006047300000 0.019626000000 0.311570000000 0.000000000000 0.000033400000 0.000026771000 0.027863000000 0.000789200000 0.052360000000 0.112300000000 0.560410000000 0.007499300000 0.184730000000 0.292380000000 0.748720000000 0.404280000000 0.815790000000 0.805580000000 0.977090000000 0.000000000000 0.000000000000 0.000000000000 0.000000000000 0.000000000000 0.000000000000 0.000000000000 0.000000000000 0.000000000000 0.000000000000 0.000000000000 0.000000000000 0.000000000000 0.000000000000 0.000000000000 0.000000000003 0.000000000000 0.000000000000 0.000000000000 0.000000000000 0.000000000000 0.000000000000 0.000000000000 0.000000000001 0.000000000000 0.000000000000 0.000000000000 0.000000000000 0.000000000000 0.000000001125 0.000000000010 0.000875720000 0.000000000000 0.000000000000 0.000000000000 0.000000000000 0.000000000000 0.000000000000 0.000000000000 0.000000000001 0.000000000000 0.000000000000 0.000000000000 0.000000000017 0.000000000000 0.000000000023 0.000000000442 0.002263700000 0.000000000000 0.000000000000 0.000000000000 0.000000000034 0.000000000000 0.000000000061 0.000000006603 0.004052600000 0.000000000000 0.000003077600 0.000000364970 0.010554000000 0.000000389710 0.022296000000 0.050513000000 0.450620000000 0.000000000000 0.000000000000 0.000000000000 0.000000000000 0.000000000000 0.000000000000 0.000000000000 0.000006913600 0.000000000000 0.000000000000 0.000000000000 0.000000160830 0.000000000000 0.000008212500 0.000219220000 0.016500000000 0.000000000000 0.000000000000 0.000000000000 0.000113470000 0.000000000000 0.000003846500 0.000306770000 0.033886000000 0.000000000000 0.000299920000 0.000927240000 0.066800000000 0.003767800000 0.132340000000 0.235490000000 0.708440000000 0.000000000000 0.000000000003 0.000000000072 0.000688320000 0.000000000486 0.002400000000 0.003983600000 0.141940000000 0.000000010601 0.010119000000 0.020320000000 0.269800000000 0.062327000000 0.409920000000 0.509280000000 0.880500000000 0.000879330000 0.071984000000 0.129420000000 0.531570000000 0.232160000000 0.650910000000 0.667810000000 0.939410000000 0.303630000000 0.718110000000 0.710850000000 0.949450000000 0.679220000000 0.950150000000 0.909280000000 0.995410000000 0.000000000000 0.000000000000 0.000000000000 0.000000000000 0.000000000000 0.000000000084 0.000000000001 0.001326900000 0.000000000000 0.000000000025 0.000000000004 0.002913300000 0.000000000171 0.005903900000 0.015666000000 0.234140000000 0.000000000000 0.000016447000 0.000010561000 0.012916000000 0.000005852400 0.029637000000 0.057896000000 0.416610000000 0.001379300000 0.095990000000 0.164180000000 0.598270000000 0.276770000000 0.690760000000 0.708550000000 0.952320000000 0.000000000000 0.002249300000 0.005285900000 0.121170000000 0.014894000000 0.204050000000 0.289730000000 0.720930000000 0.064178000000 0.356470000000 0.418650000000 0.816680000000 0.438000000000 0.830910000000 0.811700000000 0.976720000000 0.152260000000 0.488830000000 0.507270000000 0.867410000000 0.488260000000 0.860330000000 0.831580000000 0.980180000000 0.476970000000 0.848990000000 0.830270000000 0.979980000000 0.770910000000 0.979160000000 0.931510000000 0.998320000000 0.001005800000 0.055269000000 0.105270000000 0.426390000000 0.172540000000 0.521500000000 0.535750000000 0.884910000000 0.232770000000 0.581540000000 0.562180000000 0.894910000000 0.548230000000 0.892670000000 0.859960000000 0.986740000000 0.254660000000 0.599230000000 0.580130000000 0.899930000000 0.550660000000 0.893910000000 0.857230000000 0.985340000000 0.513870000000 0.874270000000 0.853110000000 0.984580000000 0.784210000000 0.982860000000 0.933670000000 0.998520000000 0.243920000000 0.575970000000 0.552130000000 0.893650000000 0.541500000000 0.887370000000 0.854520000000 0.984750000000 0.514000000000 0.878030000000 0.853900000000 0.984290000000 0.784750000000 0.982990000000 0.933500000000 0.998370000000 0.436210000000 0.828090000000 0.826630000000 0.981110000000 0.786860000000 0.984380000000 0.935140000000 0.998520000000 0.682420000000 0.961690000000 0.935560000000 0.998720000000 0.846910000000 0.998780000000 0.950360000000 0.999920000000 

0.000000000000 0.000000000000 0.000000000000 0.000000000000 0.000000000000 0.000000000000 0.000000000000 0.000000000000 0.000000000000 0.000000000000 0.000000000000 0.000000000000 0.000000000000 0.000000000000 0.000000000000 0.000000000000 0.000000000000 0.000000000000 0.000000000000 0.000000000000 0.000000000000 0.000000000000 0.000000000000 0.000000000000 0.000000000000 0.000000000000 0.000000000000 0.000000000000 0.000000000000 0.000000000000 0.000000000000 0.000000000000 0.000000000000 0.000000000000 0.000000000000 0.000000000000 0.000000000000 0.000000000000 0.000000000000 0.000000000000 0.000000000000 0.000000000000 0.000000000000 0.000000000000 0.000000000000 0.000000000000 0.000000000000 0.000000000000 0.000000000000 0.000000000000 0.000000000000 0.000000000000 0.000000000000 0.000000000000 0.000000000000 0.000000000000 0.000000000000 0.000000000000 0.000000000000 0.000000000000 0.000000000000 0.000000000000 0.000000000000 0.000000000238 0.000000000000 0.000000000000 0.000000000000 0.000000000000 0.000000000000 0.000000000000 0.000000000000 0.000000000000 0.000000000000 0.000000000000 0.000000000000 0.000000000000 0.000000000000 0.000000000000 0.000000000000 0.000000000000 0.000000000000 0.000000000000 0.000000000000 0.000000000000 0.000000000000 0.000000000000 0.000000000000 0.000000000000 0.000000000000 0.000000000000 0.000000000000 0.000000000000 0.000000000000 0.000000000000 0.000000000000 0.000000001659 0.000000000000 0.000000000000 0.000000000000 0.000000000000 0.000000000000 0.000000000000 0.000000000000 0.000000000000 0.000000000000 0.000000000000 0.000000000000 0.000000000000 0.000000000000 0.000000000000 0.000000000000 0.000000005626 0.000000000000 0.000000000000 0.000000000000 0.000000000000 0.000000000000 0.000000000000 0.000000000000 0.000000031932 0.000000000000 0.000000000000 0.000000000000 0.000000281620 0.000000000000 0.000012613000 0.000004363800 0.054417000000 0.000000000000 0.000000000000 0.000000000000 0.000000000000 0.000000000000 0.000000000000 0.000000000000 0.000000000000 0.000000000000 0.000000000000 0.000000000000 0.000000000000 0.000000000000 0.000000000000 0.000000000000 0.000000000000 0.000000000000 0.000000000000 0.000000000000 0.000000000000 0.000000000000 0.000000000000 0.000000000000 0.000000000000 0.000000000000 0.000000000000 0.000000000000 0.000000000000 0.000000000000 0.000000000000 0.000000000000 0.000000136400 0.000000000000 0.000000000000 0.000000000000 0.000000000000 0.000000000000 0.000000000000 0.000000000000 0.000000000000 0.000000000000 0.000000000000 0.000000000000 0.000000000000 0.000000000000 0.000000000000 0.000000000000 0.000006580700 0.000000000000 0.000000000000 0.000000000000 0.000000000000 0.000000000000 0.000000000000 0.000000000000 0.000007010300 0.000000000000 0.000000000000 0.000000000000 0.000000590400 0.000000000000 0.000029930000 0.000081149000 0.125070000000 0.000000000000 0.000000000000 0.000000000000 0.000000000000 0.000000000000 0.000000000000 0.000000000000 0.000000000000 0.000000000000 0.000000000000 0.000000000000 0.000000000000 0.000000000000 0.000000000000 0.000000000000 0.000060361000 0.000000000000 0.000000000000 0.000000000000 0.000000000000 0.000000000000 0.000000000000 0.000000000000 0.000346750000 0.000000000000 0.000000000000 0.000000000002 0.002493500000 0.000000007964 0.002719900000 0.006223100000 0.292260000000 0.000000000000 0.000000000000 0.000000000000 0.000000000010 0.000000000000 0.000000000001 0.000000000969 0.005334000000 0.000000000000 0.000000000176 0.000000001875 0.007820500000 0.000007076800 0.016097000000 0.046101000000 0.541460000000 0.000000000000 0.000031356000 0.000020583000 0.066209000000 0.002190800000 0.113830000000 0.224380000000 0.816720000000 0.020987000000 0.379830000000 0.567920000000 0.954980000000 0.794990000000 0.983220000000 0.988470000000 0.992110000000 0.000000000000 0.000000000000 0.000000000000 0.000000000000 0.000000000000 0.000000000000 0.000000000000 0.000000000000 0.000000000000 0.000000000000 0.000000000000 0.000000000000 0.000000000000 0.000000000000 0.000000000000 0.000000000001 0.000000000000 0.000000000000 0.000000000000 0.000000000000 0.000000000000 0.000000000000 0.000000000000 0.000000000000 0.000000000000 0.000000000000 0.000000000000 0.000000000000 0.000000000000 0.000000000343 0.000000000002 0.001533000000 0.000000000000 0.000000000000 0.000000000000 0.000000000000 0.000000000000 0.000000000000 0.000000000000 0.000000000000 0.000000000000 0.000000000000 0.000000000000 0.000000000004 0.000000000000 0.000000000005 0.000000000116 0.004448500000 0.000000000000 0.000000000000 0.000000000000 0.000000000008 0.000000000000 0.000000000015 0.000000002230 0.008085800000 0.000000000000 0.000001772400 0.000000153800 0.027324000000 0.000000154340 0.054275000000 0.113370000000 0.729810000000 0.000000000000 0.000000000000 0.000000000000 0.000000000000 0.000000000000 0.000000000000 0.000000000000 0.000004921500 0.000000000000 0.000000000000 0.000000000000 0.000000070713 0.000000000000 0.000006291200 0.000863050000 0.039317000000 0.000000000000 0.000000000000 0.000000000000 0.000132230000 0.000000000000 0.000001989100 0.000431280000 0.086791000000 0.000000000000 0.001074100000 0.002268400000 0.147780000000 0.008378000000 0.285740000000 0.460110000000 0.934360000000 0.000000000000 0.000000000001 0.000000000019 0.001136200000 0.000000000135 0.007275900000 0.009500400000 0.304440000000 0.000000003130 0.025772000000 0.049545000000 0.523470000000 0.155050000000 0.704800000000 0.855620000000 0.988290000000 0.003132400000 0.177620000000 0.321040000000 0.853620000000 0.549470000000 0.944770000000 0.971320000000 0.991980000000 0.781490000000 0.985440000000 0.989720000000 0.992230000000 0.988630000000 0.992320000000 0.992210000000 0.992200000000 0.000000000000 0.000000000000 0.000000000000 0.000000000000 0.000000000000 0.000000000021 0.000000000000 0.004531800000 0.000000000000 0.000000000006 0.000000000001 0.011863000000 0.000000000041 0.015356000000 0.040615000000 0.492790000000 0.000000000000 0.000015371000 0.000007230400 0.033265000000 0.000003294500 0.075779000000 0.154330000000 0.735490000000 0.004192900000 0.255430000000 0.400890000000 0.897230000000 0.649670000000 0.964040000000 0.978920000000 0.992260000000 0.000000000000 0.006832500000 0.016419000000 0.317420000000 0.049104000000 0.502540000000 0.678900000000 0.973320000000 0.215040000000 0.752500000000 0.861420000000 0.988570000000 0.938620000000 0.989300000000 0.991670000000 0.992400000000 0.546090000000 0.940980000000 0.967400000000 0.992810000000 0.982970000000 0.991940000000 0.992460000000 0.992330000000 0.987180000000 0.992800000000 0.991110000000 0.992250000000 0.992260000000 0.992240000000 0.992270000000 0.992210000000 0.006728300000 0.200340000000 0.366600000000 0.880080000000 0.585940000000 0.947750000000 0.968150000000 0.992430000000 0.820100000000 0.985160000000 0.989770000000 0.992390000000 0.987650000000 0.992490000000 0.992010000000 0.992060000000 0.930830000000 0.992920000000 0.993480000000 0.992710000000 0.991110000000 0.991850000000 0.992280000000 0.992160000000 0.991020000000 0.992410000000 0.992210000000 0.992080000000 0.991690000000 0.992220000000 0.991590000000 0.992150000000 0.964100000000 0.991200000000 0.991810000000 0.992090000000 0.993260000000 0.992470000000 0.991930000000 0.992250000000 0.992410000000 0.992120000000 0.992940000000 0.992260000000 0.991310000000 0.992080000000 0.992110000000 0.992160000000 0.993260000000 0.991800000000 0.992140000000 0.992170000000 0.992060000000 0.992050000000 0.991960000000 0.992250000000 0.993560000000 0.992090000000 0.992360000000 0.992190000000 0.991760000000 0.992150000000 0.992100000000 0.992180000000 

N_obs: 1000

File Format:
1- most to least reliable channels (taken entropies)
2- most to least reliable channels (taken error probabilities)
3- channels entropies (flipped)
4- channels error probabilities (flipped)
5- number of MontCarlo simulations
