511 510 509 508 507 506 505 504 503 502 501 500 499 498 497 496 495 494 493 492 491 490 489 488 487 486 485 484 483 482 481 479 478 477 476 475 474 473 472 471 470 469 468 467 466 465 463 462 461 460 459 458 457 455 454 453 451 447 446 445 444 443 442 441 440 439 438 437 436 435 434 433 431 430 429 428 427 426 425 423 422 421 419 415 414 413 412 411 410 409 407 406 405 403 399 398 397 395 391 383 382 381 380 379 378 377 376 375 374 373 372 371 370 369 367 366 365 364 363 362 361 359 358 357 355 351 350 349 348 347 346 345 343 342 341 339 335 334 333 331 319 318 317 316 315 314 313 311 303 287 255 254 253 252 251 250 249 247 246 245 243 239 238 237 235 231 223 222 221 219 215 191 189 127 248 190 464 187 236 310 456 424 480 244 309 432 234 307 233 302 452 242 449 450 241 207 408 418 417 230 220 301 420 402 327 299 368 229 396 356 360 394 404 401 183 353 217 227 218 337 393 344 389 338 390 340 387 330 295 213 354 332 214 211 126 175 285 286 188 448 326 308 329 312 325 205 306 206 185 300 416 283 305 125 232 240 298 186 228 400 392 123 323 203 182 297 226 279 352 181 216 388 225 294 159 336 212 386 284 293 328 119 199 179 210 174 385 282 124 324 271 209 204 173 304 291 281 184 111 122 322 202 171 278 180 121 296 95 158 63 201 118 321 277 224 167 157 198 117 178 155 292 275 115 151 31 143 270 197 177 110 47 79 172 109 55 107 103 59 87 269 61 91 208 195 384 93 62 94 263 290 267 280 15 170 120 169 289 135 163 166 165 39 23 71 156 200 147 139 276 27 29 116 153 154 141 149 30 142 43 75 99 51 83 320 114 113 150 7 77 45 46 274 78 273 101 53 105 85 57 102 259 54 89 196 106 108 86 58 90 176 60 265 193 268 92 194 261 131 35 19 67 11 266 262 3 14 13 161 168 133 288 145 137 25 37 69 41 73 21 49 81 162 97 164 134 257 38 22 70 28 146 138 140 152 148 26 129 33 17 65 9 5 112 1 42 76 74 44 50 98 52 82 100 272 84 104 56 88 6 264 192 258 260 160 12 136 130 132 144 24 34 18 36 66 72 40 68 20 10 80 48 96 256 16 128 32 8 64 4 2 0 

511 510 509 508 507 506 505 504 503 502 501 500 499 498 497 496 495 494 493 492 491 490 489 488 487 486 485 484 483 482 481 479 478 477 476 475 474 473 472 471 470 469 468 467 466 465 463 462 461 460 459 458 457 455 454 453 451 447 446 445 444 443 442 441 440 439 438 437 436 435 434 433 431 430 429 428 427 426 425 423 422 421 419 415 414 413 412 411 410 409 407 406 405 403 399 398 397 395 391 383 382 381 380 379 378 377 376 375 374 373 372 371 370 369 367 366 365 364 363 362 361 359 358 357 355 351 350 349 348 347 346 345 343 342 341 339 335 334 333 331 319 318 317 316 315 314 313 311 303 287 255 254 253 252 251 250 249 247 246 245 243 239 238 237 235 231 223 222 221 219 215 191 189 127 190 248 464 187 236 310 456 424 480 244 309 432 234 307 233 302 452 242 449 450 241 207 408 418 417 230 220 301 420 402 327 299 368 229 396 356 360 394 404 401 183 353 217 227 218 337 344 393 389 338 390 387 340 330 213 295 354 332 214 211 126 175 188 285 286 448 308 312 325 205 306 416 329 300 326 305 240 206 283 298 228 125 232 186 185 400 392 323 203 182 226 297 352 123 216 279 388 181 225 294 336 212 386 159 293 284 328 199 210 179 385 119 174 282 324 209 204 124 304 271 173 291 281 184 322 202 278 122 296 180 171 111 321 201 224 121 158 277 198 292 178 118 167 157 384 275 270 208 197 117 177 172 290 280 95 155 269 195 289 115 110 170 200 120 276 151 320 63 267 169 109 166 156 274 116 263 143 196 107 176 165 94 103 273 153 154 163 268 194 113 288 93 193 79 149 91 106 108 114 150 77 61 39 47 139 87 266 89 46 23 99 60 147 168 262 102 161 45 67 148 57 35 56 83 92 41 51 97 26 142 265 13 129 25 49 134 21 17 59 133 40 6 11 84 264 66 144 104 12 75 137 138 130 48 1 112 88 98 58 65 10 68 18 34 146 20 8 80 4 128 260 0 37 2 16 36 32 132 5 258 64 19 82 100 136 72 160 101 164 256 162 24 74 257 96 76 42 272 22 14 192 9 28 131 145 3 44 52 33 90 38 81 261 69 50 140 70 78 73 152 43 53 105 86 30 141 15 7 135 27 71 85 29 31 62 54 259 55 

0.000000000000 0.000000000000 0.000000000000 0.000000000000 0.000000000000 0.000000000000 0.000000000000 0.000000000000 0.000000000000 0.000000000000 0.000000000000 0.000000000000 0.000000000000 0.000000000000 0.000000000000 0.000000000000 0.000000000000 0.000000000000 0.000000000000 0.000000000000 0.000000000000 0.000000000000 0.000000000000 0.000000000000 0.000000000000 0.000000000000 0.000000000000 0.000000000000 0.000000000000 0.000000000000 0.000000000000 0.000000000000 0.000000000000 0.000000000000 0.000000000000 0.000000000000 0.000000000000 0.000000000000 0.000000000000 0.000000000000 0.000000000000 0.000000000000 0.000000000000 0.000000000000 0.000000000000 0.000000000000 0.000000000000 0.000000000000 0.000000000000 0.000000000000 0.000000000000 0.000000000000 0.000000000000 0.000000000000 0.000000000000 0.000000000000 0.000000000000 0.000000000000 0.000000000000 0.000000000000 0.000000000000 0.000000000000 0.000000000000 0.000047876000 0.000000000000 0.000000000000 0.000000000000 0.000000000000 0.000000000000 0.000000000000 0.000000000000 0.000000000000 0.000000000000 0.000000000000 0.000000000000 0.000000000000 0.000000000000 0.000000000000 0.000000000000 0.000000000000 0.000000000000 0.000000000000 0.000000000000 0.000000000000 0.000000000000 0.000000000000 0.000000000000 0.000000000000 0.000000000000 0.000000000000 0.000000000000 0.000000000002 0.000000000000 0.000000000000 0.000000000000 0.000472280000 0.000000000000 0.000000000000 0.000000000000 0.000000000000 0.000000000000 0.000000000000 0.000000000000 0.000000000000 0.000000000000 0.000000000000 0.000000000000 0.000000000061 0.000000000000 0.000000000003 0.000000000178 0.001422500000 0.000000000000 0.000000000000 0.000000000000 0.000000000016 0.000000000000 0.000000000049 0.000000023196 0.001620400000 0.000000000000 0.000000100620 0.000000025863 0.006136800000 0.000000123450 0.014935000000 0.035881000000 0.406990000000 0.000000000000 0.000000000000 0.000000000000 0.000000000000 0.000000000000 0.000000000000 0.000000000000 0.000000000000 0.000000000000 0.000000000000 0.000000000000 0.000000000000 0.000000000000 0.000000000000 0.000000000000 0.000000000011 0.000000000000 0.000000000000 0.000000000000 0.000000000000 0.000000000000 0.000000000000 0.000000000000 0.000000000044 0.000000000000 0.000000000000 0.000000000000 0.000000000028 0.000000000000 0.000000409580 0.000000003593 0.004673300000 0.000000000000 0.000000000000 0.000000000000 0.000000000000 0.000000000000 0.000000000000 0.000000000000 0.000000023921 0.000000000000 0.000000000000 0.000000000000 0.000000118970 0.000000000000 0.000000066094 0.000000019067 0.010232000000 0.000000000000 0.000000000000 0.000000000000 0.000000553410 0.000000000000 0.000000168700 0.000119690000 0.020487000000 0.000000000005 0.000054356000 0.000204640000 0.046264000000 0.002465700000 0.103740000000 0.196540000000 0.698120000000 0.000000000000 0.000000000000 0.000000000000 0.000000000000 0.000000000000 0.000000000000 0.000000000000 0.000120820000 0.000000000000 0.000000000000 0.000000000000 0.000089518000 0.000000000000 0.000309690000 0.000494530000 0.066987000000 0.000000000000 0.000000000000 0.000000000002 0.000455150000 0.000000000006 0.000801270000 0.003113600000 0.148380000000 0.000000352800 0.008781800000 0.019788000000 0.283860000000 0.067334000000 0.439540000000 0.543520000000 0.892920000000 0.000000000000 0.000030154000 0.000029235000 0.018934000000 0.000483690000 0.037576000000 0.073420000000 0.456480000000 0.004155800000 0.122180000000 0.204160000000 0.645540000000 0.311910000000 0.731400000000 0.736670000000 0.958360000000 0.047368000000 0.322620000000 0.395210000000 0.803730000000 0.441620000000 0.830380000000 0.801200000000 0.973880000000 0.437190000000 0.832840000000 0.814460000000 0.976870000000 0.761530000000 0.976730000000 0.930000000000 0.998200000000 0.000000000000 0.000000000000 0.000000000000 0.000000000000 0.000000000000 0.000000000000 0.000000000000 0.000000000000 0.000000000000 0.000000000000 0.000000000000 0.000000000000 0.000000000000 0.000000000000 0.000000000000 0.000787420000 0.000000000000 0.000000000000 0.000000000000 0.000000000000 0.000000000000 0.000000000000 0.000000000000 0.000693680000 0.000000000000 0.000000000001 0.000000000012 0.001132900000 0.000000006365 0.003247400000 0.008356200000 0.207970000000 0.000000000000 0.000000000000 0.000000000000 0.000000000001 0.000000000000 0.000000010034 0.000000003939 0.005820100000 0.000000000000 0.000001259900 0.000000355470 0.011833000000 0.000014095000 0.026996000000 0.053157000000 0.404330000000 0.000000000000 0.000320470000 0.000246410000 0.056155000000 0.002850600000 0.108000000000 0.177530000000 0.621330000000 0.022168000000 0.242510000000 0.330690000000 0.763500000000 0.405500000000 0.809310000000 0.802270000000 0.975940000000 0.000000000000 0.000000000000 0.000000000000 0.000031433000 0.000000000000 0.000878930000 0.000370500000 0.074747000000 0.000000001522 0.002928200000 0.005759500000 0.143220000000 0.023918000000 0.262030000000 0.346370000000 0.785300000000 0.000022461000 0.029876000000 0.057044000000 0.359870000000 0.119780000000 0.496460000000 0.533140000000 0.883950000000 0.208620000000 0.595630000000 0.608250000000 0.914170000000 0.584640000000 0.911070000000 0.879330000000 0.990470000000 0.009944700000 0.152960000000 0.220550000000 0.618850000000 0.278890000000 0.667660000000 0.666610000000 0.937120000000 0.313360000000 0.699300000000 0.676030000000 0.939780000000 0.639630000000 0.933920000000 0.892940000000 0.992510000000 0.316200000000 0.688100000000 0.670360000000 0.935180000000 0.643660000000 0.934430000000 0.893460000000 0.992080000000 0.578040000000 0.916120000000 0.892740000000 0.992480000000 0.816820000000 0.992290000000 0.942480000000 0.999440000000 0.000000000000 0.000017635000 0.000602750000 0.041403000000 0.002299000000 0.084796000000 0.144240000000 0.515170000000 0.020646000000 0.190430000000 0.251930000000 0.661030000000 0.312600000000 0.698340000000 0.698770000000 0.950680000000 0.082958000000 0.350040000000 0.369620000000 0.767650000000 0.373530000000 0.765210000000 0.742540000000 0.959800000000 0.374390000000 0.758110000000 0.737780000000 0.958180000000 0.693620000000 0.955120000000 0.912850000000 0.995840000000 0.151010000000 0.431230000000 0.414060000000 0.805040000000 0.395770000000 0.783160000000 0.763010000000 0.966100000000 0.387190000000 0.771210000000 0.746200000000 0.959280000000 0.697740000000 0.955960000000 0.910110000000 0.995070000000 0.351160000000 0.731710000000 0.723330000000 0.952770000000 0.691910000000 0.953250000000 0.907510000000 0.994400000000 0.618240000000 0.932370000000 0.906210000000 0.994430000000 0.825700000000 0.994340000000 0.944110000000 0.999550000000 0.157340000000 0.430860000000 0.395520000000 0.796190000000 0.379310000000 0.771940000000 0.746720000000 0.962950000000 0.370220000000 0.762520000000 0.739650000000 0.955950000000 0.697170000000 0.953810000000 0.908900000000 0.995100000000 0.350120000000 0.730350000000 0.726360000000 0.953690000000 0.690380000000 0.952290000000 0.907330000000 0.994410000000 0.610570000000 0.931160000000 0.904350000000 0.994120000000 0.823510000000 0.993490000000 0.943230000000 0.999450000000 0.313760000000 0.676470000000 0.658320000000 0.933190000000 0.651490000000 0.939960000000 0.898420000000 0.993230000000 0.611610000000 0.932320000000 0.907670000000 0.994540000000 0.824950000000 0.993820000000 0.943480000000 0.999440000000 0.491260000000 0.866840000000 0.869100000000 0.991330000000 0.826070000000 0.994890000000 0.944190000000 0.999510000000 0.708320000000 0.969020000000 0.944560000000 0.999580000000 0.854330000000 0.999590000000 0.952080000000 0.999970000000 

0.000000000000 0.000000000000 0.000000000000 0.000000000000 0.000000000000 0.000000000000 0.000000000000 0.000000000000 0.000000000000 0.000000000000 0.000000000000 0.000000000000 0.000000000000 0.000000000000 0.000000000000 0.000000000000 0.000000000000 0.000000000000 0.000000000000 0.000000000000 0.000000000000 0.000000000000 0.000000000000 0.000000000000 0.000000000000 0.000000000000 0.000000000000 0.000000000000 0.000000000000 0.000000000000 0.000000000000 0.000000000000 0.000000000000 0.000000000000 0.000000000000 0.000000000000 0.000000000000 0.000000000000 0.000000000000 0.000000000000 0.000000000000 0.000000000000 0.000000000000 0.000000000000 0.000000000000 0.000000000000 0.000000000000 0.000000000000 0.000000000000 0.000000000000 0.000000000000 0.000000000000 0.000000000000 0.000000000000 0.000000000000 0.000000000000 0.000000000000 0.000000000000 0.000000000000 0.000000000000 0.000000000000 0.000000000000 0.000000000000 0.000033929000 0.000000000000 0.000000000000 0.000000000000 0.000000000000 0.000000000000 0.000000000000 0.000000000000 0.000000000000 0.000000000000 0.000000000000 0.000000000000 0.000000000000 0.000000000000 0.000000000000 0.000000000000 0.000000000000 0.000000000000 0.000000000000 0.000000000000 0.000000000000 0.000000000000 0.000000000000 0.000000000000 0.000000000000 0.000000000000 0.000000000000 0.000000000000 0.000000000000 0.000000000000 0.000000000000 0.000000000000 0.000625350000 0.000000000000 0.000000000000 0.000000000000 0.000000000000 0.000000000000 0.000000000000 0.000000000000 0.000000000000 0.000000000000 0.000000000000 0.000000000000 0.000000000015 0.000000000000 0.000000000001 0.000000000048 0.003337600000 0.000000000000 0.000000000000 0.000000000000 0.000000000004 0.000000000000 0.000000000012 0.000000008842 0.004238900000 0.000000000000 0.000000041504 0.000000009108 0.015805000000 0.000000046058 0.034586000000 0.076308000000 0.670050000000 0.000000000000 0.000000000000 0.000000000000 0.000000000000 0.000000000000 0.000000000000 0.000000000000 0.000000000000 0.000000000000 0.000000000000 0.000000000000 0.000000000000 0.000000000000 0.000000000000 0.000000000000 0.000000000002 0.000000000000 0.000000000000 0.000000000000 0.000000000000 0.000000000000 0.000000000000 0.000000000000 0.000000000011 0.000000000000 0.000000000000 0.000000000000 0.000000000006 0.000000000000 0.000000209780 0.000000001059 0.009913400000 0.000000000000 0.000000000000 0.000000000000 0.000000000000 0.000000000000 0.000000000000 0.000000000000 0.000000008611 0.000000000000 0.000000000000 0.000000000000 0.000000050543 0.000000000000 0.000000025254 0.000000006082 0.024959000000 0.000000000000 0.000000000000 0.000000000000 0.000000266320 0.000000000000 0.000000066439 0.000741520000 0.045198000000 0.000000000001 0.000973960000 0.000211210000 0.099715000000 0.004989700000 0.208970000000 0.370950000000 0.917600000000 0.000000000000 0.000000000000 0.000000000000 0.000000000000 0.000000000000 0.000000000000 0.000000000000 0.000149960000 0.000000000000 0.000000000000 0.000000000000 0.000145590000 0.000000000000 0.000422330000 0.000974150000 0.144340000000 0.000000000000 0.000000000000 0.000000000000 0.000933130000 0.000000000001 0.001761100000 0.009592600000 0.292700000000 0.000000166070 0.024570000000 0.041284000000 0.524530000000 0.163380000000 0.733720000000 0.851650000000 0.988320000000 0.000000000000 0.000031940000 0.000030791000 0.043950000000 0.001226400000 0.095529000000 0.172110000000 0.748760000000 0.013386000000 0.273500000000 0.462030000000 0.914880000000 0.680360000000 0.967450000000 0.978680000000 0.992290000000 0.145810000000 0.692080000000 0.828470000000 0.987190000000 0.922000000000 0.991040000000 0.991910000000 0.992090000000 0.968790000000 0.991540000000 0.992500000000 0.992190000000 0.993620000000 0.992210000000 0.992270000000 0.992250000000 0.000000000000 0.000000000000 0.000000000000 0.000000000000 0.000000000000 0.000000000000 0.000000000000 0.000000000000 0.000000000000 0.000000000000 0.000000000000 0.000000000000 0.000000000000 0.000000000000 0.000000000000 0.001089600000 0.000000000000 0.000000000000 0.000000000000 0.000000000000 0.000000000000 0.000000000000 0.000000000000 0.002449100000 0.000000000000 0.000000000000 0.000000000003 0.001795300000 0.000000002195 0.009159400000 0.022609000000 0.425400000000 0.000000000000 0.000000000000 0.000000000000 0.000000000000 0.000000000000 0.000000003496 0.000000001234 0.012823000000 0.000000000000 0.000000676190 0.000000164830 0.032294000000 0.000008916000 0.071421000000 0.131600000000 0.693760000000 0.000000000000 0.001224700000 0.000313360000 0.137800000000 0.005248000000 0.255040000000 0.390460000000 0.898660000000 0.068764000000 0.520800000000 0.697260000000 0.972290000000 0.830920000000 0.987390000000 0.989080000000 0.992310000000 0.000000000000 0.000000000000 0.000000000000 0.000022440000 0.000000000000 0.002695800000 0.002985300000 0.201290000000 0.000000000470 0.007582600000 0.015885000000 0.331920000000 0.075635000000 0.551060000000 0.715940000000 0.974890000000 0.000017815000 0.088860000000 0.163320000000 0.725800000000 0.332880000000 0.877300000000 0.932330000000 0.991400000000 0.625940000000 0.947750000000 0.975090000000 0.992250000000 0.986600000000 0.992250000000 0.991590000000 0.992250000000 0.038560000000 0.459340000000 0.643290000000 0.963200000000 0.820510000000 0.985580000000 0.985300000000 0.992570000000 0.917470000000 0.990070000000 0.989710000000 0.991690000000 0.991350000000 0.992170000000 0.992360000000 0.992090000000 0.970990000000 0.991890000000 0.992890000000 0.992520000000 0.990890000000 0.992100000000 0.992100000000 0.992240000000 0.992970000000 0.992010000000 0.992060000000 0.992210000000 0.992360000000 0.992110000000 0.991950000000 0.992180000000 0.000000000000 0.000013691000 0.002164600000 0.141290000000 0.010951000000 0.273570000000 0.444230000000 0.899590000000 0.080625000000 0.562300000000 0.713160000000 0.968340000000 0.872210000000 0.990070000000 0.987780000000 0.992140000000 0.349880000000 0.872530000000 0.936270000000 0.989930000000 0.972960000000 0.989870000000 0.992830000000 0.992090000000 0.977900000000 0.991550000000 0.992250000000 0.992230000000 0.991310000000 0.992140000000 0.991840000000 0.992280000000 0.759780000000 0.976780000000 0.988420000000 0.991770000000 0.989720000000 0.992470000000 0.991190000000 0.992140000000 0.991040000000 0.992840000000 0.993300000000 0.992090000000 0.991760000000 0.992230000000 0.992470000000 0.992180000000 0.989090000000 0.992520000000 0.990200000000 0.992280000000 0.992090000000 0.992260000000 0.992550000000 0.992240000000 0.993300000000 0.992520000000 0.992500000000 0.992170000000 0.991670000000 0.992090000000 0.992150000000 0.992220000000 0.921390000000 0.993550000000 0.990400000000 0.991320000000 0.992040000000 0.992140000000 0.991710000000 0.991750000000 0.993880000000 0.993590000000 0.992710000000 0.992440000000 0.991790000000 0.992510000000 0.991960000000 0.992120000000 0.990800000000 0.991280000000 0.991610000000 0.992430000000 0.992650000000 0.992290000000 0.991780000000 0.992070000000 0.990710000000 0.992470000000 0.992190000000 0.992200000000 0.991740000000 0.992170000000 0.992460000000 0.992200000000 0.993530000000 0.992880000000 0.993490000000 0.992340000000 0.992980000000 0.991850000000 0.991950000000 0.992260000000 0.991280000000 0.992300000000 0.992020000000 0.992180000000 0.992220000000 0.992170000000 0.992030000000 0.992190000000 0.992930000000 0.992300000000 0.991940000000 0.992090000000 0.992080000000 0.992160000000 0.992330000000 0.992180000000 0.992940000000 0.992080000000 0.992210000000 0.992180000000 0.992430000000 0.992190000000 0.992130000000 0.992190000000 

N_obs: 1000

File Format:
1- most to least reliable channels (taken entropies)
2- most to least reliable channels (taken error probabilities)
3- channels entropies (flipped)
4- channels error probabilities (flipped)
5- number of MontCarlo simulations
