255 254 253 252 251 250 249 248 247 246 245 244 243 242 241 239 238 237 236 235 234 233 231 230 229 227 223 222 221 220 219 218 217 215 214 213 211 207 206 205 203 199 191 190 189 188 187 186 183 175 159 127 126 125 181 185 182 179 123 173 174 232 226 240 228 119 212 210 225 216 209 202 111 158 171 184 201 167 204 124 197 121 198 157 122 180 118 178 195 224 177 117 155 172 170 208 169 151 200 95 166 115 110 156 196 165 109 120 154 63 143 176 194 107 163 153 116 94 193 168 103 150 114 93 149 91 87 79 62 108 113 55 61 59 164 47 31 147 142 106 141 139 105 162 135 152 102 161 101 99 92 192 90 89 86 85 83 78 77 75 148 71 53 58 54 51 57 46 43 45 60 39 112 30 29 27 23 146 15 145 140 138 137 104 134 133 131 100 160 98 97 84 82 88 76 74 81 73 70 52 42 41 44 50 69 38 37 49 28 26 56 35 25 67 21 22 19 14 13 11 144 7 136 132 130 129 96 72 36 68 40 20 80 18 34 24 17 48 66 33 12 9 65 10 6 5 3 128 16 8 32 4 64 2 1 0 

255 254 253 252 251 250 249 248 247 246 245 244 243 242 241 239 238 237 236 235 234 233 231 230 229 227 223 222 221 220 219 218 217 215 214 213 211 207 206 205 203 199 191 190 189 188 187 186 183 175 159 127 126 125 181 185 182 179 123 173 174 232 226 240 228 212 119 210 225 216 209 202 111 158 171 184 201 167 204 124 197 198 157 122 180 178 195 177 121 118 172 155 224 117 170 208 169 200 151 166 115 95 156 196 165 110 109 120 154 194 176 163 143 153 116 107 193 168 150 114 63 94 149 164 103 93 108 113 147 162 142 152 106 91 161 141 192 62 105 87 102 139 61 148 92 112 79 55 101 135 99 47 90 146 89 59 145 160 31 104 85 54 69 50 88 100 45 131 42 81 98 74 35 56 75 44 80 52 24 7 11 136 40 72 34 19 128 68 33 6 82 38 17 49 32 25 3 8 64 13 65 1 14 4 48 0 73 66 2 96 16 76 10 130 15 5 20 51 132 9 67 70 18 129 30 12 144 21 37 134 28 36 60 22 23 41 138 97 27 140 84 133 29 26 46 78 86 39 57 71 77 83 137 53 43 58 

0.000000000000 0.000000000000 0.000000000000 0.000000000000 0.000000000000 0.000000000000 0.000000000000 0.000000000000 0.000000000000 0.000000000000 0.000000000000 0.000000000000 0.000000000000 0.000000000000 0.000000000000 0.000000000001 0.000000000000 0.000000000000 0.000000000000 0.000000000000 0.000000000000 0.000000000000 0.000000000000 0.000000000001 0.000000000000 0.000000000000 0.000000000000 0.000000000003 0.000000000000 0.000000000001 0.000000000083 0.001903700000 0.000000000000 0.000000000000 0.000000000000 0.000000000000 0.000000000000 0.000000000000 0.000000000000 0.000000001038 0.000000000000 0.000000000000 0.000000000000 0.000000000017 0.000000000000 0.000000000039 0.000000002318 0.006124300000 0.000000000000 0.000000000000 0.000000000000 0.000020516000 0.000000000000 0.000000012378 0.000005756200 0.016505000000 0.000000000000 0.000153140000 0.000040281000 0.043714000000 0.001617400000 0.106310000000 0.214090000000 0.727220000000 0.000000000000 0.000000000000 0.000000000000 0.000000000000 0.000000000000 0.000000000000 0.000000000000 0.000005154400 0.000000000000 0.000000000000 0.000000000000 0.000326660000 0.000000000000 0.000887230000 0.001921100000 0.104140000000 0.000000000000 0.000000000000 0.000000000000 0.002630800000 0.000002580200 0.005295700000 0.012705000000 0.225880000000 0.000008275800 0.021580000000 0.046996000000 0.398070000000 0.126640000000 0.579390000000 0.648880000000 0.930560000000 0.000000000000 0.000002107100 0.000159090000 0.037442000000 0.002496200000 0.079836000000 0.141830000000 0.605220000000 0.014738000000 0.244530000000 0.321380000000 0.778370000000 0.435490000000 0.837600000000 0.849090000000 0.976730000000 0.103510000000 0.464170000000 0.526430000000 0.873600000000 0.569950000000 0.893230000000 0.895690000000 0.982890000000 0.596870000000 0.906190000000 0.910020000000 0.984350000000 0.925220000000 0.988180000000 0.989900000000 0.998670000000 0.000000000000 0.000000000000 0.000000000000 0.000030856000 0.000000000000 0.000220090000 0.000103850000 0.068967000000 0.000000000016 0.000792160000 0.002234200000 0.144310000000 0.021700000000 0.251820000000 0.377780000000 0.808450000000 0.000000181270 0.033517000000 0.059942000000 0.368880000000 0.125840000000 0.508660000000 0.572950000000 0.904370000000 0.231100000000 0.632360000000 0.653420000000 0.926390000000 0.685320000000 0.938730000000 0.946230000000 0.992580000000 0.017289000000 0.187340000000 0.260730000000 0.689170000000 0.330650000000 0.727810000000 0.729210000000 0.952280000000 0.350020000000 0.737170000000 0.754820000000 0.950920000000 0.756600000000 0.951840000000 0.956240000000 0.993710000000 0.354910000000 0.764560000000 0.765450000000 0.953780000000 0.770630000000 0.955200000000 0.956790000000 0.993020000000 0.784460000000 0.958950000000 0.961570000000 0.993240000000 0.965930000000 0.994680000000 0.995330000000 0.999410000000 0.099238000000 0.362920000000 0.387280000000 0.797490000000 0.393760000000 0.789320000000 0.792080000000 0.965070000000 0.387200000000 0.790570000000 0.785150000000 0.959650000000 0.792020000000 0.961150000000 0.964080000000 0.994590000000 0.406350000000 0.793540000000 0.793790000000 0.961080000000 0.793770000000 0.960340000000 0.960470000000 0.993410000000 0.800510000000 0.962690000000 0.962940000000 0.993180000000 0.965260000000 0.994250000000 0.994810000000 0.999280000000 0.416200000000 0.808630000000 0.816930000000 0.964850000000 0.823790000000 0.965020000000 0.965440000000 0.994320000000 0.824120000000 0.966650000000 0.966460000000 0.993710000000 0.967360000000 0.994160000000 0.994330000000 0.999130000000 0.841760000000 0.972600000000 0.973030000000 0.994910000000 0.973930000000 0.995360000000 0.995310000000 0.999210000000 0.977330000000 0.996390000000 0.996520000000 0.999380000000 0.997000000000 0.999540000000 0.999610000000 0.999950000000 

0.000000000000 0.000000000000 0.000000000000 0.000000000000 0.000000000000 0.000000000000 0.000000000000 0.000000000000 0.000000000000 0.000000000000 0.000000000000 0.000000000000 0.000000000000 0.000000000000 0.000000000000 0.000000000000 0.000000000000 0.000000000000 0.000000000000 0.000000000000 0.000000000000 0.000000000000 0.000000000000 0.000000000000 0.000000000000 0.000000000000 0.000000000000 0.000000000001 0.000000000000 0.000000000000 0.000000000022 0.008259400000 0.000000000000 0.000000000000 0.000000000000 0.000000000000 0.000000000000 0.000000000000 0.000000000000 0.000000000337 0.000000000000 0.000000000000 0.000000000000 0.000000000004 0.000000000000 0.000000000009 0.000000000731 0.016517000000 0.000000000000 0.000000000000 0.000000000000 0.000018172000 0.000000000000 0.000000004185 0.000003872700 0.037812000000 0.000000000000 0.000242770000 0.000036097000 0.106830000000 0.004127900000 0.229420000000 0.424210000000 0.948770000000 0.000000000000 0.000000000000 0.000000000000 0.000000000000 0.000000000000 0.000000000000 0.000000000000 0.000002890800 0.000000000000 0.000000000000 0.000000000000 0.000554250000 0.000000000000 0.004108400000 0.004610700000 0.232230000000 0.000000000000 0.000000000000 0.000000000000 0.005315000000 0.000001572800 0.015114000000 0.034213000000 0.447480000000 0.000005633400 0.050286000000 0.117480000000 0.708830000000 0.319500000000 0.865180000000 0.941580000000 0.995110000000 0.000000000000 0.000001094700 0.000260320000 0.105250000000 0.006370000000 0.220890000000 0.357230000000 0.880250000000 0.042597000000 0.545640000000 0.694060000000 0.983570000000 0.863210000000 0.993740000000 0.994980000000 0.996180000000 0.328460000000 0.872570000000 0.944220000000 0.996320000000 0.981710000000 0.996290000000 0.996710000000 0.996050000000 0.991000000000 0.996210000000 0.996390000000 0.996130000000 0.995830000000 0.996130000000 0.996140000000 0.996060000000 0.000000000000 0.000000000000 0.000000000000 0.000029624000 0.000000000000 0.000342010000 0.005031600000 0.211900000000 0.000000000004 0.005115900000 0.012576000000 0.358290000000 0.072160000000 0.581550000000 0.788910000000 0.985770000000 0.000000078449 0.126520000000 0.206150000000 0.779660000000 0.404580000000 0.891980000000 0.959930000000 0.995470000000 0.718380000000 0.978310000000 0.989800000000 0.995800000000 0.992670000000 0.995920000000 0.996300000000 0.996110000000 0.083631000000 0.630910000000 0.763470000000 0.985190000000 0.922640000000 0.993180000000 0.994550000000 0.995790000000 0.972700000000 0.996550000000 0.995610000000 0.996360000000 0.996680000000 0.996070000000 0.995910000000 0.996010000000 0.987980000000 0.996470000000 0.996660000000 0.996110000000 0.995950000000 0.995920000000 0.996100000000 0.996060000000 0.996660000000 0.996140000000 0.995700000000 0.996060000000 0.996140000000 0.996100000000 0.996090000000 0.996080000000 0.592050000000 0.951870000000 0.982030000000 0.996230000000 0.994580000000 0.997010000000 0.996650000000 0.995940000000 0.989650000000 0.995640000000 0.996730000000 0.996030000000 0.996130000000 0.995750000000 0.996080000000 0.996100000000 0.993130000000 0.996460000000 0.995830000000 0.995980000000 0.996960000000 0.995870000000 0.996280000000 0.996060000000 0.996650000000 0.996070000000 0.996210000000 0.996230000000 0.995930000000 0.996060000000 0.996070000000 0.996080000000 0.995470000000 0.996150000000 0.996400000000 0.996210000000 0.996300000000 0.996410000000 0.996080000000 0.996040000000 0.996250000000 0.996230000000 0.996200000000 0.996130000000 0.996060000000 0.996140000000 0.996080000000 0.996110000000 0.996130000000 0.996100000000 0.996090000000 0.996150000000 0.996050000000 0.996110000000 0.996140000000 0.996080000000 0.996050000000 0.996070000000 0.996130000000 0.996100000000 0.996080000000 0.996110000000 0.996090000000 0.996100000000 

N_obs: 400

File Format:
1- most to least reliable channels (taken entropies)
2- most to least reliable channels (taken error probabilities)
3- channels entropies (flipped)
4- channels error probabilities (flipped)
5- number of MontCarlo simulations
