255 254 253 251 247 239 252 246 245 249 243 223 238 250 237 235 248 231 222 244 242 221 191 241 236 219 234 233 215 230 190 127 220 229 189 240 207 218 63 187 227 159 95 111 183 175 217 119 123 125 126 31 232 214 47 79 213 143 55 211 59 199 61 15 188 87 151 62 206 167 103 203 228 205 155 91 93 157 107 171 115 179 185 94 158 186 109 173 117 181 110 118 182 174 121 122 23 226 39 71 135 124 225 29 7 27 216 30 51 195 43 75 139 83 147 99 163 45 57 77 46 141 209 78 212 142 53 35 11 19 67 131 197 201 210 58 54 3 89 153 85 149 101 60 165 198 105 169 113 177 202 204 13 14 86 150 102 166 90 154 156 92 106 170 114 178 108 184 172 116 180 25 49 37 21 41 69 73 193 81 120 137 145 133 97 161 17 33 9 5 65 129 28 224 1 22 38 70 134 26 6 56 44 50 208 52 76 140 194 42 196 200 74 82 146 138 98 162 84 88 152 148 100 164 104 168 176 112 12 24 34 18 48 40 36 10 20 66 72 68 136 80 144 192 130 132 96 160 16 8 32 2 4 64 128 0 

255 254 253 251 247 239 252 246 245 243 249 223 238 250 237 235 248 244 222 242 231 221 241 191 236 219 234 233 230 215 220 229 190 240 218 189 227 207 127 232 217 214 187 228 213 183 188 226 211 126 206 216 175 225 205 125 186 159 203 185 123 212 199 63 119 182 61 173 179 121 71 23 117 95 210 181 78 87 57 167 39 91 27 109 83 184 5 139 47 201 26 174 224 166 155 54 79 170 154 43 177 172 30 70 97 161 145 67 163 51 147 178 142 105 25 1 149 49 198 94 194 50 101 133 169 37 137 60 153 81 162 140 9 108 13 200 62 106 53 114 24 88 34 92 102 112 40 20 129 98 209 33 42 136 72 96 144 2 176 19 68 152 128 15 12 100 56 0 192 10 4 132 164 32 8 138 80 64 69 36 16 130 82 21 66 160 28 73 76 6 48 113 85 104 168 18 52 120 208 146 22 124 193 204 41 84 148 65 17 111 180 196 195 44 165 74 141 116 11 38 31 134 86 93 202 90 156 29 3 143 77 99 89 14 75 7 157 118 135 150 46 197 131 58 35 45 151 110 122 171 107 59 158 103 115 55 

0.000000000000 0.000000000000 0.000000000000 0.000000000000 0.000000000000 0.000000013497 0.000000000011 0.000458000000 0.000000000000 0.000000000001 0.000000000001 0.000781290000 0.000000000012 0.000866880000 0.003406100000 0.163120000000 0.000000000000 0.000000013178 0.000000053953 0.005472400000 0.000000392160 0.012070000000 0.028690000000 0.340430000000 0.000607910000 0.061495000000 0.115740000000 0.542010000000 0.229870000000 0.675430000000 0.705160000000 0.951710000000 0.000000000015 0.000728150000 0.002164300000 0.099725000000 0.010016000000 0.185460000000 0.283560000000 0.729100000000 0.057324000000 0.370030000000 0.443830000000 0.833300000000 0.476210000000 0.853240000000 0.829320000000 0.980510000000 0.169640000000 0.532380000000 0.545500000000 0.884820000000 0.533160000000 0.882490000000 0.848750000000 0.983810000000 0.494800000000 0.869070000000 0.847240000000 0.983250000000 0.780570000000 0.982600000000 0.933910000000 0.998580000000 0.003323200000 0.094462000000 0.156250000000 0.524830000000 0.229300000000 0.608120000000 0.599640000000 0.917810000000 0.277410000000 0.645230000000 0.623950000000 0.920170000000 0.593270000000 0.914680000000 0.878150000000 0.989990000000 0.279990000000 0.646860000000 0.619270000000 0.919450000000 0.589310000000 0.913380000000 0.874340000000 0.988430000000 0.532770000000 0.892960000000 0.868220000000 0.987250000000 0.794880000000 0.986150000000 0.936600000000 0.998810000000 0.257800000000 0.607950000000 0.580310000000 0.902210000000 0.559240000000 0.899020000000 0.863780000000 0.986640000000 0.532280000000 0.888550000000 0.866300000000 0.986690000000 0.792730000000 0.984850000000 0.934970000000 0.998550000000 0.448760000000 0.835210000000 0.828860000000 0.981330000000 0.791240000000 0.985130000000 0.934860000000 0.998470000000 0.684040000000 0.960800000000 0.935250000000 0.998680000000 0.847230000000 0.998600000000 0.949880000000 0.999900000000 0.095969000000 0.316940000000 0.296910000000 0.696330000000 0.296210000000 0.658570000000 0.650600000000 0.934650000000 0.290560000000 0.639750000000 0.622930000000 0.919830000000 0.590950000000 0.914050000000 0.878000000000 0.990010000000 0.271000000000 0.630350000000 0.613050000000 0.917210000000 0.585410000000 0.909400000000 0.871240000000 0.987970000000 0.533110000000 0.890140000000 0.866990000000 0.986980000000 0.794640000000 0.985950000000 0.936180000000 0.998790000000 0.260860000000 0.607020000000 0.579470000000 0.902730000000 0.563150000000 0.898930000000 0.863210000000 0.986600000000 0.530810000000 0.887880000000 0.864900000000 0.986430000000 0.791290000000 0.984530000000 0.934560000000 0.998500000000 0.439430000000 0.831870000000 0.827330000000 0.980890000000 0.788320000000 0.984180000000 0.933780000000 0.998330000000 0.677170000000 0.959060000000 0.933250000000 0.998380000000 0.845400000000 0.998320000000 0.949310000000 0.999870000000 0.216740000000 0.532290000000 0.503550000000 0.867800000000 0.488670000000 0.854330000000 0.825460000000 0.978980000000 0.472980000000 0.855330000000 0.835310000000 0.980510000000 0.772290000000 0.979520000000 0.930750000000 0.998060000000 0.437320000000 0.828560000000 0.821890000000 0.979470000000 0.784240000000 0.982940000000 0.932620000000 0.998150000000 0.676690000000 0.957880000000 0.931960000000 0.998170000000 0.843020000000 0.997990000000 0.948740000000 0.999830000000 0.337780000000 0.733870000000 0.719080000000 0.951320000000 0.720760000000 0.967850000000 0.924140000000 0.997420000000 0.673670000000 0.957840000000 0.932380000000 0.998230000000 0.844260000000 0.998010000000 0.948540000000 0.999810000000 0.515780000000 0.885890000000 0.885540000000 0.996600000000 0.844220000000 0.998180000000 0.948740000000 0.999820000000 0.720520000000 0.970900000000 0.948970000000 0.999850000000 0.857410000000 0.999840000000 0.952980000000 0.999990000000 

0.000000000000 0.000000000000 0.000000000000 0.000000000000 0.000000000000 0.000000005254 0.000000000003 0.001655100000 0.000000000000 0.000000000000 0.000000000000 0.001676800000 0.000000000003 0.002222400000 0.009280700000 0.326920000000 0.000000000000 0.000000004881 0.000000022394 0.014627000000 0.000000180280 0.030858000000 0.065287000000 0.585780000000 0.002260800000 0.141820000000 0.262340000000 0.822770000000 0.501810000000 0.933710000000 0.967950000000 0.991860000000 0.000000000004 0.002004300000 0.005033000000 0.241110000000 0.029293000000 0.412930000000 0.597980000000 0.954070000000 0.169300000000 0.738250000000 0.857120000000 0.987990000000 0.933900000000 0.991350000000 0.992170000000 0.992250000000 0.539760000000 0.946070000000 0.972420000000 0.992260000000 0.983670000000 0.992340000000 0.991820000000 0.992130000000 0.988550000000 0.992070000000 0.992570000000 0.992280000000 0.992290000000 0.992080000000 0.992260000000 0.992190000000 0.012246000000 0.311160000000 0.496080000000 0.924690000000 0.742430000000 0.974990000000 0.984110000000 0.991740000000 0.908960000000 0.989370000000 0.991490000000 0.992280000000 0.990560000000 0.992030000000 0.991960000000 0.992180000000 0.957990000000 0.991850000000 0.990250000000 0.991960000000 0.992980000000 0.991920000000 0.992100000000 0.992230000000 0.991580000000 0.991860000000 0.992300000000 0.992190000000 0.991990000000 0.992120000000 0.991980000000 0.992210000000 0.983250000000 0.993190000000 0.992490000000 0.992360000000 0.991870000000 0.991920000000 0.992120000000 0.992180000000 0.992950000000 0.992530000000 0.992060000000 0.992270000000 0.992000000000 0.992250000000 0.991980000000 0.992170000000 0.992390000000 0.992030000000 0.992310000000 0.992130000000 0.991770000000 0.992190000000 0.992110000000 0.992170000000 0.992520000000 0.992330000000 0.992090000000 0.992190000000 0.992580000000 0.992200000000 0.992160000000 0.992180000000 0.548830000000 0.944100000000 0.973340000000 0.992250000000 0.984590000000 0.992980000000 0.990690000000 0.992240000000 0.989150000000 0.992510000000 0.991200000000 0.992310000000 0.993510000000 0.992140000000 0.992220000000 0.992160000000 0.992280000000 0.992970000000 0.991670000000 0.992130000000 0.993080000000 0.992130000000 0.992050000000 0.992230000000 0.993250000000 0.992150000000 0.992080000000 0.992180000000 0.992410000000 0.992160000000 0.991980000000 0.992170000000 0.991270000000 0.992080000000 0.992330000000 0.992150000000 0.991590000000 0.992340000000 0.992410000000 0.992150000000 0.991520000000 0.992330000000 0.992220000000 0.992270000000 0.991730000000 0.992200000000 0.992120000000 0.992190000000 0.991910000000 0.991500000000 0.992400000000 0.992220000000 0.992470000000 0.992300000000 0.992220000000 0.992170000000 0.991060000000 0.991970000000 0.992200000000 0.992180000000 0.991990000000 0.992200000000 0.992270000000 0.992200000000 0.989100000000 0.992130000000 0.990000000000 0.992110000000 0.993150000000 0.992620000000 0.991530000000 0.992180000000 0.993520000000 0.991900000000 0.992140000000 0.992240000000 0.992000000000 0.992080000000 0.992060000000 0.992220000000 0.991780000000 0.992560000000 0.992910000000 0.992290000000 0.991960000000 0.992170000000 0.992260000000 0.992160000000 0.991590000000 0.992320000000 0.992100000000 0.992200000000 0.992680000000 0.992150000000 0.992170000000 0.992190000000 0.992330000000 0.991970000000 0.992370000000 0.992210000000 0.991650000000 0.991840000000 0.992050000000 0.992140000000 0.991190000000 0.992250000000 0.992200000000 0.992160000000 0.992180000000 0.992240000000 0.992280000000 0.992200000000 0.992180000000 0.992430000000 0.992130000000 0.992180000000 0.992310000000 0.992190000000 0.992130000000 0.992190000000 0.992490000000 0.992220000000 0.991760000000 0.992190000000 0.992390000000 0.992180000000 0.992060000000 0.992190000000 

N_obs: 2000

File Format:
1- most to least reliable channels (taken entropies)
2- most to least reliable channels (taken error probabilities)
3- channels entropies (flipped)
4- channels error probabilities (flipped)
5- number of MontCarlo simulations
