255 254 253 252 251 250 249 247 246 245 243 239 238 237 235 231 223 222 191 221 219 244 248 242 236 215 241 233 234 230 229 220 227 190 189 218 207 217 240 214 127 187 232 213 228 183 211 226 206 188 216 126 205 225 175 186 125 159 123 111 63 119 203 212 95 185 199 182 210 181 179 209 174 173 171 167 124 157 158 155 204 151 143 122 121 117 110 118 79 109 94 115 103 93 87 91 107 62 224 61 55 47 59 31 202 184 201 198 197 195 180 178 177 172 170 169 208 166 165 163 150 154 149 156 153 147 142 141 139 90 105 102 116 106 85 86 83 101 77 108 114 120 89 135 92 75 78 43 60 58 53 45 54 39 51 57 71 46 99 113 30 29 27 23 15 200 196 194 193 176 164 168 148 162 146 145 140 161 152 138 84 137 82 41 100 76 74 42 73 104 44 52 81 38 37 50 88 134 35 49 133 98 25 28 70 69 56 26 21 22 19 67 97 131 112 14 13 11 7 192 144 136 36 40 72 160 20 68 132 24 34 80 18 33 48 17 12 66 130 9 10 65 96 129 6 5 3 16 32 8 4 64 128 2 1 0 

255 254 253 252 251 250 249 247 246 245 243 239 238 237 235 231 223 222 191 221 219 244 248 242 236 215 241 233 234 230 229 227 220 218 190 189 207 217 240 214 232 187 213 127 228 211 226 206 183 188 216 225 205 186 212 126 203 175 185 210 182 125 199 209 204 224 159 181 123 179 202 174 119 184 201 111 173 95 124 198 63 167 208 180 79 31 171 197 121 59 107 55 195 156 61 78 163 172 122 39 149 103 89 23 99 157 165 76 83 166 118 27 54 193 42 82 74 158 147 101 35 19 200 29 37 141 161 81 116 90 162 113 178 132 109 177 52 97 93 164 21 28 148 120 92 85 133 98 10 40 192 6 112 100 56 152 154 80 114 128 20 32 50 72 64 65 0 11 4 131 7 88 129 24 160 2 66 16 87 48 8 1 44 104 102 46 68 176 13 25 134 33 5 9 34 22 41 140 14 194 138 196 3 69 67 15 62 144 57 130 18 12 96 36 17 70 49 73 84 26 86 168 60 153 142 38 47 108 145 146 136 106 137 75 51 169 71 30 139 43 53 135 77 151 45 58 170 105 155 150 115 91 94 117 143 110 

0.000000000000 0.000000000000 0.000000000000 0.000000000000 0.000000000000 0.000000000000 0.000000000000 0.000000000045 0.000000000000 0.000000000000 0.000000000000 0.000000000030 0.000000000000 0.000000000065 0.000000000593 0.004746300000 0.000000000000 0.000000000000 0.000000000000 0.000000000107 0.000000000000 0.000000066266 0.000000019889 0.015697000000 0.000000000000 0.000025403000 0.000041894000 0.032473000000 0.000381640000 0.082555000000 0.170090000000 0.686070000000 0.000000000000 0.000000000000 0.000000000000 0.000352900000 0.000000000001 0.001933600000 0.002830500000 0.142450000000 0.000000000184 0.008643400000 0.022583000000 0.292230000000 0.073323000000 0.452750000000 0.551900000000 0.898080000000 0.002127400000 0.088817000000 0.161120000000 0.618600000000 0.288780000000 0.720130000000 0.754550000000 0.957610000000 0.387430000000 0.795080000000 0.805590000000 0.963770000000 0.830550000000 0.969960000000 0.974790000000 0.996630000000 0.000000000000 0.000874700000 0.001501500000 0.095513000000 0.013047000000 0.198600000000 0.300070000000 0.748770000000 0.071037000000 0.395550000000 0.475800000000 0.848190000000 0.507450000000 0.873010000000 0.878460000000 0.981700000000 0.177250000000 0.554490000000 0.569550000000 0.896290000000 0.576720000000 0.897040000000 0.897800000000 0.982910000000 0.581380000000 0.899970000000 0.902310000000 0.982160000000 0.908840000000 0.984200000000 0.986140000000 0.998040000000 0.224660000000 0.615680000000 0.609990000000 0.914180000000 0.618370000000 0.910860000000 0.914830000000 0.986510000000 0.627240000000 0.910220000000 0.912040000000 0.983990000000 0.917120000000 0.985180000000 0.985740000000 0.997770000000 0.634100000000 0.920750000000 0.923850000000 0.985890000000 0.926370000000 0.986740000000 0.986890000000 0.997790000000 0.933820000000 0.988890000000 0.989300000000 0.998130000000 0.990780000000 0.998590000000 0.998780000000 0.999840000000 0.010109000000 0.145590000000 0.214340000000 0.606260000000 0.260290000000 0.655650000000 0.660510000000 0.933380000000 0.286200000000 0.674970000000 0.664740000000 0.929780000000 0.678530000000 0.933330000000 0.939320000000 0.991190000000 0.285660000000 0.673410000000 0.677430000000 0.933250000000 0.683910000000 0.930000000000 0.929540000000 0.988010000000 0.679730000000 0.929640000000 0.932230000000 0.987770000000 0.938750000000 0.989410000000 0.990740000000 0.998720000000 0.293500000000 0.677450000000 0.681420000000 0.934080000000 0.683010000000 0.928570000000 0.933390000000 0.988860000000 0.681870000000 0.930540000000 0.930510000000 0.986860000000 0.930900000000 0.987480000000 0.988440000000 0.998250000000 0.675680000000 0.934890000000 0.932510000000 0.987810000000 0.934180000000 0.987830000000 0.987840000000 0.997950000000 0.938410000000 0.989570000000 0.989660000000 0.998100000000 0.990610000000 0.998510000000 0.998710000000 0.999830000000 0.285960000000 0.685660000000 0.686830000000 0.935040000000 0.701520000000 0.935380000000 0.937750000000 0.989710000000 0.695350000000 0.936900000000 0.935910000000 0.988150000000 0.937040000000 0.988830000000 0.989150000000 0.998340000000 0.696200000000 0.938720000000 0.936100000000 0.988040000000 0.934980000000 0.987840000000 0.987750000000 0.997900000000 0.936960000000 0.988490000000 0.988600000000 0.997790000000 0.989140000000 0.998180000000 0.998300000000 0.999760000000 0.708290000000 0.942610000000 0.943680000000 0.989500000000 0.944500000000 0.989730000000 0.989430000000 0.998160000000 0.946070000000 0.990260000000 0.990030000000 0.998100000000 0.990290000000 0.998280000000 0.998340000000 0.999740000000 0.951030000000 0.991960000000 0.992080000000 0.998510000000 0.992120000000 0.998610000000 0.998610000000 0.999760000000 0.993120000000 0.998930000000 0.998980000000 0.999820000000 0.999100000000 0.999870000000 0.999880000000 0.999990000000 

0.000000000000 0.000000000000 0.000000000000 0.000000000000 0.000000000000 0.000000000000 0.000000000000 0.000000000012 0.000000000000 0.000000000000 0.000000000000 0.000000000008 0.000000000000 0.000000000017 0.000000000184 0.008751100000 0.000000000000 0.000000000000 0.000000000000 0.000000000027 0.000000000000 0.000000027568 0.000000007048 0.035822000000 0.000000000000 0.000024613000 0.000041317000 0.080182000000 0.000351240000 0.195370000000 0.340870000000 0.919460000000 0.000000000000 0.000000000000 0.000000000000 0.000559200000 0.000000000000 0.003841800000 0.008740900000 0.309370000000 0.000000000049 0.028684000000 0.061652000000 0.552500000000 0.190490000000 0.771980000000 0.880600000000 0.993940000000 0.008630600000 0.224500000000 0.386640000000 0.893350000000 0.656250000000 0.971560000000 0.984540000000 0.996000000000 0.872200000000 0.993120000000 0.994440000000 0.996120000000 0.995540000000 0.996120000000 0.995930000000 0.996070000000 0.000000000000 0.004436700000 0.006647300000 0.287320000000 0.053506000000 0.508600000000 0.705270000000 0.983200000000 0.275080000000 0.815730000000 0.927660000000 0.994160000000 0.962200000000 0.996030000000 0.996030000000 0.996110000000 0.683340000000 0.975350000000 0.990490000000 0.995680000000 0.994330000000 0.996440000000 0.996220000000 0.996160000000 0.993800000000 0.995900000000 0.995880000000 0.996050000000 0.995670000000 0.996020000000 0.996020000000 0.996100000000 0.919660000000 0.995980000000 0.995870000000 0.995560000000 0.996540000000 0.996070000000 0.996160000000 0.996070000000 0.996360000000 0.996560000000 0.995800000000 0.996050000000 0.995980000000 0.996190000000 0.996180000000 0.996130000000 0.997270000000 0.996170000000 0.996010000000 0.996120000000 0.996250000000 0.996120000000 0.996200000000 0.996190000000 0.996290000000 0.996110000000 0.996060000000 0.996030000000 0.996100000000 0.996130000000 0.996100000000 0.996080000000 0.062552000000 0.622610000000 0.825390000000 0.992230000000 0.945190000000 0.995730000000 0.994850000000 0.996060000000 0.978290000000 0.995910000000 0.997130000000 0.996020000000 0.996790000000 0.996080000000 0.996030000000 0.996070000000 0.989980000000 0.997450000000 0.996030000000 0.996180000000 0.995380000000 0.996190000000 0.996450000000 0.996110000000 0.995810000000 0.996110000000 0.995990000000 0.996070000000 0.995850000000 0.996060000000 0.996040000000 0.996130000000 0.991150000000 0.996990000000 0.996050000000 0.996060000000 0.996870000000 0.996020000000 0.995820000000 0.996100000000 0.996100000000 0.996160000000 0.996060000000 0.996150000000 0.995890000000 0.995970000000 0.996020000000 0.996070000000 0.994170000000 0.995670000000 0.996310000000 0.995890000000 0.996200000000 0.995970000000 0.996150000000 0.996090000000 0.996230000000 0.996140000000 0.996120000000 0.996110000000 0.996120000000 0.996100000000 0.996090000000 0.996090000000 0.993340000000 0.996130000000 0.995660000000 0.996160000000 0.995300000000 0.996410000000 0.996130000000 0.996070000000 0.995410000000 0.995930000000 0.996260000000 0.996030000000 0.996220000000 0.996090000000 0.996140000000 0.996100000000 0.996170000000 0.996110000000 0.996390000000 0.996100000000 0.996260000000 0.995960000000 0.996120000000 0.996070000000 0.995730000000 0.996170000000 0.996010000000 0.996140000000 0.996000000000 0.996110000000 0.996110000000 0.996090000000 0.994310000000 0.996240000000 0.996010000000 0.996050000000 0.995910000000 0.996160000000 0.996110000000 0.996100000000 0.995840000000 0.996110000000 0.996050000000 0.996080000000 0.996000000000 0.996130000000 0.996140000000 0.996100000000 0.996130000000 0.996120000000 0.996110000000 0.996130000000 0.996090000000 0.996070000000 0.996110000000 0.996100000000 0.996100000000 0.996070000000 0.996110000000 0.996100000000 0.996120000000 0.996100000000 0.996100000000 0.996090000000 

N_obs: 400

File Format:
1- most to least reliable channels (taken entropies)
2- most to least reliable channels (taken error probabilities)
3- channels entropies (flipped)
4- channels error probabilities (flipped)
5- number of MontCarlo simulations
