255 254 253 252 251 250 249 248 247 246 245 244 243 242 241 239 238 237 235 231 223 222 221 219 215 207 191 190 230 236 234 233 189 229 187 227 220 127 217 218 214 213 183 211 206 240 205 228 232 226 188 186 203 175 185 225 216 126 212 182 125 210 181 199 209 159 204 123 179 174 202 184 173 119 124 224 201 111 63 95 171 180 198 158 122 167 157 121 208 197 155 178 151 143 117 118 115 195 177 109 110 103 107 93 91 79 87 172 94 62 59 55 47 61 31 200 170 169 166 165 163 156 154 120 153 196 150 149 147 142 141 139 114 116 135 194 113 106 108 105 102 85 90 193 101 86 89 92 176 58 83 78 77 75 54 46 99 45 43 53 51 57 39 60 71 30 27 29 23 15 168 164 162 161 148 152 146 138 140 137 145 134 133 84 100 76 74 41 82 42 104 44 73 52 81 131 112 88 50 38 37 98 35 49 70 28 56 69 26 25 192 21 19 97 22 67 13 14 11 7 160 136 144 132 40 36 72 68 20 34 80 24 130 18 33 48 17 129 12 66 10 96 9 65 6 5 3 16 8 32 128 4 64 2 1 0 

255 254 253 252 251 250 249 248 247 246 245 244 243 242 241 239 238 237 235 231 223 222 221 219 215 207 191 190 230 236 234 233 189 229 187 227 220 127 217 218 214 213 183 211 206 240 205 228 226 232 188 186 203 175 216 225 185 126 212 182 210 125 181 199 209 204 179 159 123 202 174 184 173 224 201 124 180 198 119 208 171 197 178 158 122 167 111 177 195 157 172 121 200 155 95 118 170 63 196 169 151 166 156 109 115 176 194 117 93 31 165 143 120 79 87 62 150 193 154 55 89 27 91 57 149 58 135 61 163 116 54 78 105 77 88 85 44 161 162 106 112 152 164 7 23 76 133 110 11 137 46 68 67 37 26 148 52 90 192 65 99 49 104 41 160 35 14 5 17 18 145 6 50 40 97 34 25 4 100 16 153 33 64 134 129 36 128 146 136 39 0 84 73 101 2 8 32 48 19 130 74 1 28 3 72 66 12 69 92 71 108 131 80 96 13 21 10 98 38 9 132 138 81 144 56 24 43 140 20 102 42 70 53 82 15 30 29 45 22 113 114 168 83 59 139 107 75 60 142 51 86 141 147 103 94 47 

0.000000000000 0.000000000000 0.000000000000 0.000000000000 0.000000000000 0.000000000000 0.000000000000 0.000000000000 0.000000000000 0.000000000000 0.000000000000 0.000000000000 0.000000000000 0.000000000000 0.000000000000 0.000035933000 0.000000000000 0.000000000000 0.000000000000 0.000000000000 0.000000000000 0.000000000000 0.000000000000 0.000328910000 0.000000000000 0.000000000000 0.000000000000 0.000199600000 0.000000000000 0.000540190000 0.003119800000 0.187020000000 0.000000000000 0.000000000000 0.000000000000 0.000000000001 0.000000000000 0.000000000060 0.000000000007 0.003244400000 0.000000000000 0.000000003186 0.000000005098 0.006176900000 0.000000269280 0.012975000000 0.032538000000 0.401170000000 0.000000000000 0.000001362200 0.000095563000 0.045926000000 0.001513800000 0.109500000000 0.195470000000 0.674860000000 0.024217000000 0.290950000000 0.402620000000 0.826390000000 0.514900000000 0.874440000000 0.888490000000 0.984060000000 0.000000000000 0.000000000000 0.000000000000 0.000629710000 0.000000000000 0.001106900000 0.002784700000 0.140300000000 0.000000033166 0.009940000000 0.020774000000 0.269860000000 0.064389000000 0.440130000000 0.521980000000 0.892990000000 0.001822500000 0.086326000000 0.140540000000 0.571770000000 0.262090000000 0.683450000000 0.719470000000 0.943880000000 0.343150000000 0.759220000000 0.765530000000 0.955430000000 0.782540000000 0.959850000000 0.965180000000 0.995060000000 0.045145000000 0.320300000000 0.389530000000 0.802780000000 0.429820000000 0.812050000000 0.825300000000 0.970920000000 0.452720000000 0.832800000000 0.833180000000 0.969310000000 0.841400000000 0.971320000000 0.973680000000 0.996060000000 0.467310000000 0.845510000000 0.853640000000 0.973100000000 0.854380000000 0.972340000000 0.973140000000 0.995450000000 0.871530000000 0.977510000000 0.979170000000 0.996350000000 0.981950000000 0.997240000000 0.997620000000 0.999690000000 0.000000000002 0.004064900000 0.011792000000 0.171270000000 0.046882000000 0.327260000000 0.393810000000 0.815000000000 0.151170000000 0.498500000000 0.497930000000 0.869510000000 0.512360000000 0.866980000000 0.877920000000 0.981970000000 0.195540000000 0.549420000000 0.544170000000 0.886960000000 0.553820000000 0.880360000000 0.887150000000 0.981300000000 0.551410000000 0.887710000000 0.888670000000 0.979950000000 0.899650000000 0.982960000000 0.984760000000 0.997840000000 0.220340000000 0.575410000000 0.556100000000 0.892360000000 0.556550000000 0.887880000000 0.890440000000 0.982120000000 0.566990000000 0.889460000000 0.887750000000 0.979780000000 0.894180000000 0.980960000000 0.981820000000 0.997220000000 0.561620000000 0.894260000000 0.896090000000 0.980590000000 0.897360000000 0.980830000000 0.981400000000 0.996920000000 0.905300000000 0.983410000000 0.983770000000 0.997050000000 0.985630000000 0.997700000000 0.997980000000 0.999730000000 0.215070000000 0.575860000000 0.585660000000 0.903060000000 0.576440000000 0.893830000000 0.901400000000 0.983470000000 0.576790000000 0.897690000000 0.900640000000 0.981560000000 0.900680000000 0.982150000000 0.983140000000 0.997440000000 0.580830000000 0.897870000000 0.900310000000 0.981350000000 0.900350000000 0.981190000000 0.980900000000 0.996640000000 0.902730000000 0.982210000000 0.982460000000 0.996710000000 0.983100000000 0.997200000000 0.997430000000 0.999650000000 0.601000000000 0.909550000000 0.912320000000 0.983410000000 0.912100000000 0.983860000000 0.983910000000 0.997220000000 0.917200000000 0.984930000000 0.984670000000 0.997110000000 0.984750000000 0.997350000000 0.997460000000 0.999620000000 0.923190000000 0.987500000000 0.987340000000 0.997650000000 0.987970000000 0.997840000000 0.997850000000 0.999640000000 0.989450000000 0.998320000000 0.998390000000 0.999720000000 0.998580000000 0.999790000000 0.999820000000 0.999980000000 

0.000000000000 0.000000000000 0.000000000000 0.000000000000 0.000000000000 0.000000000000 0.000000000000 0.000000000000 0.000000000000 0.000000000000 0.000000000000 0.000000000000 0.000000000000 0.000000000000 0.000000000000 0.000035141000 0.000000000000 0.000000000000 0.000000000000 0.000000000000 0.000000000000 0.000000000000 0.000000000000 0.000677280000 0.000000000000 0.000000000000 0.000000000000 0.000232740000 0.000000000000 0.000646820000 0.008448300000 0.393900000000 0.000000000000 0.000000000000 0.000000000000 0.000000000000 0.000000000000 0.000000000017 0.000000000002 0.007157700000 0.000000000000 0.000000001060 0.000000001760 0.023224000000 0.000000113780 0.042413000000 0.075567000000 0.684090000000 0.000000000000 0.000000635550 0.000129790000 0.108240000000 0.004685600000 0.260950000000 0.401400000000 0.929820000000 0.065083000000 0.580820000000 0.767470000000 0.985860000000 0.912380000000 0.992170000000 0.995130000000 0.996050000000 0.000000000000 0.000000000000 0.000000000000 0.002352000000 0.000000000000 0.002750100000 0.009949900000 0.348040000000 0.000000014013 0.027391000000 0.054944000000 0.566730000000 0.190990000000 0.777550000000 0.899460000000 0.991930000000 0.006403600000 0.270410000000 0.360720000000 0.915130000000 0.696300000000 0.972930000000 0.986850000000 0.996350000000 0.867480000000 0.990110000000 0.993670000000 0.996000000000 0.995800000000 0.995960000000 0.995950000000 0.996070000000 0.195770000000 0.780310000000 0.914650000000 0.990950000000 0.955820000000 0.995290000000 0.996090000000 0.996000000000 0.989540000000 0.995020000000 0.995690000000 0.996040000000 0.996620000000 0.996100000000 0.996080000000 0.996150000000 0.994010000000 0.996500000000 0.996550000000 0.996180000000 0.996410000000 0.996150000000 0.996040000000 0.996100000000 0.995760000000 0.996090000000 0.996010000000 0.996150000000 0.996120000000 0.996110000000 0.996100000000 0.996100000000 0.000000000000 0.020826000000 0.051703000000 0.541440000000 0.206650000000 0.796310000000 0.915260000000 0.994400000000 0.620710000000 0.966140000000 0.992290000000 0.995800000000 0.991910000000 0.996310000000 0.996290000000 0.995970000000 0.889750000000 0.996020000000 0.991450000000 0.996120000000 0.996420000000 0.995970000000 0.995860000000 0.996060000000 0.996870000000 0.996190000000 0.996100000000 0.996090000000 0.996050000000 0.996140000000 0.996080000000 0.996130000000 0.965580000000 0.997490000000 0.992440000000 0.996120000000 0.995400000000 0.996040000000 0.995380000000 0.995890000000 0.994740000000 0.996530000000 0.995910000000 0.996100000000 0.996360000000 0.996210000000 0.996150000000 0.996130000000 0.994500000000 0.995860000000 0.995880000000 0.996010000000 0.996430000000 0.996110000000 0.996100000000 0.996110000000 0.996120000000 0.996210000000 0.996120000000 0.996040000000 0.996040000000 0.996110000000 0.996050000000 0.996090000000 0.985440000000 0.994910000000 0.995790000000 0.996490000000 0.996360000000 0.995750000000 0.995630000000 0.996160000000 0.995360000000 0.995820000000 0.996210000000 0.996040000000 0.996530000000 0.996080000000 0.996050000000 0.996110000000 0.997770000000 0.996040000000 0.996270000000 0.995940000000 0.996170000000 0.996200000000 0.996070000000 0.996080000000 0.996100000000 0.996140000000 0.996040000000 0.996100000000 0.996070000000 0.996080000000 0.996090000000 0.996110000000 0.993580000000 0.996260000000 0.996270000000 0.996110000000 0.995400000000 0.996040000000 0.996080000000 0.996170000000 0.996000000000 0.996280000000 0.996130000000 0.996180000000 0.996110000000 0.996080000000 0.996080000000 0.996090000000 0.996260000000 0.996070000000 0.996130000000 0.996110000000 0.996030000000 0.996140000000 0.996140000000 0.996100000000 0.996000000000 0.996080000000 0.996070000000 0.996090000000 0.996110000000 0.996100000000 0.996110000000 0.996100000000 

N_obs: 400

File Format:
1- most to least reliable channels (taken entropies)
2- most to least reliable channels (taken error probabilities)
3- channels entropies (flipped)
4- channels error probabilities (flipped)
5- number of MontCarlo simulations
