255 254 253 252 251 250 249 247 246 245 243 239 238 237 235 231 223 222 221 219 215 191 244 241 242 234 207 236 248 227 233 230 229 190 218 220 127 213 189 214 187 217 211 232 240 228 183 206 188 226 205 225 216 175 186 203 185 126 212 125 210 182 199 181 159 123 209 204 119 179 111 63 174 95 202 224 184 173 124 201 171 167 158 122 157 155 121 151 198 143 180 117 115 118 107 109 103 197 93 110 87 91 79 62 61 94 55 47 59 208 31 178 195 177 172 170 169 166 165 200 163 156 154 153 149 150 147 120 142 141 139 116 114 135 86 106 85 105 108 102 83 196 113 90 101 54 89 77 92 53 60 58 75 78 51 57 39 46 43 99 45 71 30 194 29 27 23 15 193 176 168 164 162 148 161 146 152 145 140 138 137 84 82 134 100 76 52 81 133 41 44 73 42 50 74 104 88 38 37 49 56 35 131 98 70 69 28 21 25 26 19 112 22 67 97 14 13 11 7 192 136 160 144 132 40 36 72 20 68 80 34 18 24 48 17 33 130 66 12 10 129 9 65 96 6 5 3 16 8 32 4 64 128 2 1 0 

255 254 253 252 251 250 249 247 246 245 243 239 238 237 235 231 223 222 221 219 215 191 244 241 242 234 207 236 248 227 233 230 229 190 218 220 127 213 189 214 187 217 211 240 183 232 206 228 226 188 205 216 225 203 186 175 212 185 126 210 182 125 199 209 181 204 159 202 179 123 224 174 184 201 173 124 119 180 198 208 171 158 122 197 111 178 167 195 157 177 121 95 200 172 118 103 155 151 63 109 117 170 169 143 79 166 91 115 196 114 55 107 51 153 39 99 90 154 59 47 116 29 110 142 85 113 106 135 81 30 92 19 163 152 46 54 76 94 102 78 38 75 21 97 53 104 105 66 144 50 84 130 43 129 165 133 145 5 164 37 2 9 7 140 33 32 20 4 17 193 96 8 36 1 0 14 16 160 15 25 67 161 13 60 98 148 68 18 10 41 64 80 26 112 128 72 100 74 49 83 24 65 137 12 136 194 3 48 40 132 6 146 27 88 134 86 28 34 69 131 82 162 42 35 44 56 70 52 192 138 22 156 93 58 11 87 71 108 45 168 73 149 176 101 141 89 57 150 77 23 120 147 139 61 62 31 

0.000000000000 0.000000000000 0.000000000000 0.000000000000 0.000000000000 0.000000000000 0.000000000000 0.000000000002 0.000000000000 0.000000000000 0.000000000000 0.000000000000 0.000000000000 0.000000000000 0.000000000000 0.000821670000 0.000000000000 0.000000000000 0.000000000000 0.000000000002 0.000000000000 0.000000000000 0.000000000029 0.000771730000 0.000000000000 0.000000000159 0.000000002104 0.001562800000 0.000000000017 0.004576800000 0.012335000000 0.309940000000 0.000000000000 0.000000000000 0.000000000000 0.000000025302 0.000000000000 0.000000011920 0.000135440000 0.012362000000 0.000000000000 0.000046180000 0.000000327150 0.030836000000 0.000322100000 0.064025000000 0.132830000000 0.622200000000 0.000000000000 0.002991900000 0.006541700000 0.167140000000 0.020000000000 0.275610000000 0.398810000000 0.836310000000 0.099448000000 0.519550000000 0.594500000000 0.906590000000 0.647590000000 0.924590000000 0.935000000000 0.991060000000 0.000000000000 0.000000003327 0.000000802510 0.004212800000 0.000114040000 0.017579000000 0.026178000000 0.319520000000 0.001601800000 0.067498000000 0.101910000000 0.527610000000 0.208110000000 0.645230000000 0.708490000000 0.946670000000 0.014644000000 0.236950000000 0.330650000000 0.746370000000 0.403270000000 0.800380000000 0.814470000000 0.966520000000 0.426340000000 0.822570000000 0.828400000000 0.967410000000 0.847260000000 0.972790000000 0.976060000000 0.996750000000 0.123100000000 0.448330000000 0.483060000000 0.857220000000 0.502000000000 0.858110000000 0.862680000000 0.977610000000 0.516280000000 0.870120000000 0.868530000000 0.975810000000 0.871750000000 0.977150000000 0.978160000000 0.996790000000 0.522100000000 0.878860000000 0.882760000000 0.978710000000 0.885940000000 0.979020000000 0.979370000000 0.996640000000 0.898070000000 0.982970000000 0.983780000000 0.997130000000 0.985670000000 0.997820000000 0.998130000000 0.999770000000 0.000000055027 0.029789000000 0.060354000000 0.341540000000 0.128770000000 0.469090000000 0.508350000000 0.875420000000 0.205690000000 0.572240000000 0.563160000000 0.893970000000 0.563490000000 0.894690000000 0.906850000000 0.986620000000 0.218970000000 0.595990000000 0.589300000000 0.905790000000 0.589070000000 0.902310000000 0.904790000000 0.984620000000 0.592000000000 0.906070000000 0.908350000000 0.983020000000 0.915530000000 0.985780000000 0.987590000000 0.998330000000 0.246020000000 0.618970000000 0.595570000000 0.911180000000 0.604010000000 0.907850000000 0.909940000000 0.984790000000 0.598390000000 0.901680000000 0.903700000000 0.982330000000 0.906340000000 0.982610000000 0.983780000000 0.997550000000 0.607470000000 0.913150000000 0.910210000000 0.983320000000 0.912830000000 0.984260000000 0.983980000000 0.997310000000 0.918510000000 0.986050000000 0.986110000000 0.997460000000 0.987500000000 0.998020000000 0.998250000000 0.999770000000 0.228260000000 0.613710000000 0.615690000000 0.912500000000 0.620540000000 0.912590000000 0.913900000000 0.985500000000 0.619070000000 0.909180000000 0.911410000000 0.983400000000 0.913170000000 0.984110000000 0.985030000000 0.997720000000 0.619240000000 0.915160000000 0.915930000000 0.983950000000 0.915430000000 0.983990000000 0.983860000000 0.997170000000 0.914930000000 0.984850000000 0.984860000000 0.997220000000 0.985640000000 0.997570000000 0.997820000000 0.999690000000 0.639200000000 0.922160000000 0.926000000000 0.986170000000 0.927350000000 0.986570000000 0.986440000000 0.997710000000 0.927880000000 0.986750000000 0.986340000000 0.997390000000 0.986610000000 0.997650000000 0.997770000000 0.999650000000 0.934470000000 0.989240000000 0.989440000000 0.998030000000 0.989600000000 0.998110000000 0.998140000000 0.999680000000 0.990940000000 0.998540000000 0.998610000000 0.999750000000 0.998790000000 0.999820000000 0.999840000000 0.999980000000 

0.000000000000 0.000000000000 0.000000000000 0.000000000000 0.000000000000 0.000000000000 0.000000000000 0.000000000000 0.000000000000 0.000000000000 0.000000000000 0.000000000000 0.000000000000 0.000000000000 0.000000000000 0.001973500000 0.000000000000 0.000000000000 0.000000000000 0.000000000000 0.000000000000 0.000000000000 0.000000000008 0.002842200000 0.000000000000 0.000000000047 0.000000000681 0.008386200000 0.000000000004 0.011030000000 0.032080000000 0.589270000000 0.000000000000 0.000000000000 0.000000000000 0.000000010394 0.000000000000 0.000000004065 0.000179910000 0.023234000000 0.000000000000 0.000045812000 0.000000135800 0.074691000000 0.001012700000 0.148460000000 0.286860000000 0.885160000000 0.000000000000 0.006760900000 0.012204000000 0.355360000000 0.054669000000 0.531540000000 0.727520000000 0.984630000000 0.280790000000 0.864260000000 0.948010000000 0.995340000000 0.973710000000 0.996120000000 0.996080000000 0.996170000000 0.000000000000 0.000000001178 0.000000418800 0.011313000000 0.000139310000 0.055564000000 0.087472000000 0.637290000000 0.002468600000 0.178260000000 0.290040000000 0.857650000000 0.546430000000 0.953590000000 0.978240000000 0.996420000000 0.070206000000 0.596210000000 0.776420000000 0.986640000000 0.886780000000 0.993820000000 0.993830000000 0.996310000000 0.971310000000 0.994360000000 0.996060000000 0.996070000000 0.995930000000 0.996150000000 0.996090000000 0.996090000000 0.493590000000 0.940550000000 0.977410000000 0.996190000000 0.991390000000 0.995680000000 0.995640000000 0.995930000000 0.992110000000 0.996510000000 0.996420000000 0.996100000000 0.996640000000 0.996130000000 0.996070000000 0.996050000000 0.993900000000 0.995810000000 0.996460000000 0.996080000000 0.996700000000 0.996170000000 0.996120000000 0.996120000000 0.995910000000 0.996140000000 0.996070000000 0.996130000000 0.996150000000 0.996050000000 0.996060000000 0.996110000000 0.000000020572 0.129710000000 0.273120000000 0.821100000000 0.547550000000 0.941960000000 0.979140000000 0.996530000000 0.853750000000 0.988730000000 0.993560000000 0.995730000000 0.995280000000 0.995390000000 0.995880000000 0.996100000000 0.951990000000 0.995810000000 0.993500000000 0.996260000000 0.995600000000 0.995880000000 0.996040000000 0.996040000000 0.991290000000 0.995950000000 0.996420000000 0.996110000000 0.995670000000 0.996090000000 0.996010000000 0.996090000000 0.982920000000 0.995950000000 0.996200000000 0.995930000000 0.994590000000 0.995680000000 0.996480000000 0.996130000000 0.996220000000 0.996140000000 0.995870000000 0.996050000000 0.996110000000 0.996150000000 0.995920000000 0.996100000000 0.994310000000 0.995970000000 0.996520000000 0.995950000000 0.995990000000 0.996110000000 0.996330000000 0.996110000000 0.996260000000 0.996170000000 0.996140000000 0.996100000000 0.996090000000 0.996040000000 0.996120000000 0.996100000000 0.992410000000 0.997080000000 0.996760000000 0.996090000000 0.995680000000 0.996210000000 0.996510000000 0.996160000000 0.995460000000 0.995940000000 0.996020000000 0.996170000000 0.995610000000 0.996050000000 0.996110000000 0.996130000000 0.995710000000 0.995940000000 0.996310000000 0.996160000000 0.996060000000 0.996160000000 0.996100000000 0.996130000000 0.995640000000 0.995980000000 0.996080000000 0.996090000000 0.996160000000 0.996140000000 0.996080000000 0.996080000000 0.997390000000 0.995920000000 0.995770000000 0.996140000000 0.996130000000 0.996100000000 0.996090000000 0.996110000000 0.996530000000 0.996190000000 0.996000000000 0.996080000000 0.995930000000 0.996100000000 0.996080000000 0.996090000000 0.996090000000 0.996090000000 0.996090000000 0.996120000000 0.996210000000 0.996100000000 0.996080000000 0.996090000000 0.996080000000 0.996130000000 0.996070000000 0.996080000000 0.996130000000 0.996080000000 0.996090000000 0.996090000000 

N_obs: 400

File Format:
1- most to least reliable channels (taken entropies)
2- most to least reliable channels (taken error probabilities)
3- channels entropies (flipped)
4- channels error probabilities (flipped)
5- number of MontCarlo simulations
