255 254 253 252 251 250 249 248 247 246 245 244 243 242 241 239 238 237 236 235 234 233 231 230 229 227 223 222 221 220 219 218 217 215 214 213 211 207 206 205 203 199 191 190 189 188 187 186 185 183 182 181 179 175 159 127 126 125 123 119 174 171 240 232 226 228 173 216 212 210 111 209 225 167 204 202 158 197 198 124 201 184 157 122 155 178 180 118 121 177 172 117 170 195 151 95 224 169 115 208 166 110 165 109 200 156 196 154 120 163 143 107 153 176 194 116 63 150 94 168 114 193 103 149 93 113 108 164 91 147 142 106 62 162 87 79 61 152 141 59 105 55 47 31 161 139 102 92 135 101 148 192 99 112 90 89 146 86 85 83 77 78 75 145 60 71 58 57 54 53 43 46 51 45 140 39 30 29 104 27 23 15 138 137 160 134 133 100 131 98 97 88 84 82 74 81 76 73 70 144 69 52 42 50 44 41 67 56 38 37 26 49 28 25 35 21 22 19 14 13 11 7 136 132 130 129 96 72 80 68 36 40 20 66 34 24 18 17 48 65 33 12 10 9 6 5 3 128 16 8 32 64 4 2 1 0 

255 254 253 252 251 250 249 248 247 246 245 244 243 242 241 239 238 237 236 235 234 233 231 230 229 227 223 222 221 220 219 218 217 215 214 213 211 207 206 205 203 199 191 190 189 188 187 186 185 183 182 181 179 175 159 127 126 125 123 119 174 171 240 232 226 228 173 216 212 210 111 209 225 167 204 202 158 197 198 124 201 184 157 122 155 178 180 118 121 177 117 170 151 172 195 95 224 169 208 115 166 110 165 200 156 109 196 163 154 120 143 153 107 176 194 116 150 168 193 114 94 63 149 103 164 113 93 108 147 162 142 106 152 91 161 141 105 62 148 102 192 87 92 139 112 61 101 146 79 90 135 99 59 145 140 104 160 89 55 86 47 138 60 85 31 100 83 137 77 78 144 46 134 53 30 82 98 133 43 42 26 97 76 14 23 74 88 132 51 81 49 130 58 52 73 37 66 34 84 72 12 13 44 28 40 9 68 80 48 5 33 4 8 32 15 36 64 3 0 71 16 19 2 22 25 131 1 27 128 20 18 10 17 6 65 7 45 129 24 11 41 96 67 136 57 50 69 56 70 35 21 29 38 75 54 39 

0.000000000000 0.000000000000 0.000000000000 0.000000000000 0.000000000000 0.000000000000 0.000000000000 0.000000000000 0.000000000000 0.000000000000 0.000000000000 0.000000000000 0.000000000000 0.000000000000 0.000000000000 0.000000000000 0.000000000000 0.000000000000 0.000000000000 0.000000000000 0.000000000000 0.000000000000 0.000000000000 0.000000000000 0.000000000000 0.000000000000 0.000000000000 0.000000000000 0.000000000000 0.000000000000 0.000000000007 0.000394210000 0.000000000000 0.000000000000 0.000000000000 0.000000000000 0.000000000000 0.000000000000 0.000000000000 0.000000000001 0.000000000000 0.000000000000 0.000000000000 0.000000000001 0.000000000000 0.000000000003 0.000000000003 0.001116800000 0.000000000000 0.000000000000 0.000000000000 0.000000000024 0.000000000000 0.000000000733 0.000000040585 0.003943300000 0.000000000000 0.000000015927 0.000000011786 0.010447000000 0.000124590000 0.025945000000 0.069095000000 0.526750000000 0.000000000000 0.000000000000 0.000000000000 0.000000000000 0.000000000000 0.000000000000 0.000000000000 0.000000060242 0.000000000000 0.000000000000 0.000000000000 0.000007251000 0.000000000000 0.000001850900 0.000048679000 0.025346000000 0.000000000000 0.000000000000 0.000000000000 0.000081727000 0.000000000000 0.000098760000 0.000621520000 0.053455000000 0.000000000012 0.001242100000 0.002455600000 0.125390000000 0.012324000000 0.246170000000 0.381840000000 0.828960000000 0.000000000000 0.000000002915 0.000000112290 0.004586900000 0.000000776880 0.011006000000 0.022414000000 0.304640000000 0.000291670000 0.046457000000 0.091658000000 0.503000000000 0.192990000000 0.650990000000 0.699940000000 0.944770000000 0.012486000000 0.211840000000 0.312770000000 0.759640000000 0.410250000000 0.813380000000 0.828920000000 0.971790000000 0.471440000000 0.852230000000 0.859510000000 0.975740000000 0.875780000000 0.979760000000 0.982720000000 0.997790000000 0.000000000000 0.000000000000 0.000000000000 0.000000017361 0.000000000000 0.000000491470 0.000034243000 0.011586000000 0.000000000000 0.000017197000 0.000092645000 0.026878000000 0.000966140000 0.060877000000 0.117110000000 0.549090000000 0.000000000003 0.002247800000 0.003936200000 0.124090000000 0.017344000000 0.232340000000 0.329740000000 0.772640000000 0.076580000000 0.414020000000 0.483830000000 0.860980000000 0.534050000000 0.881090000000 0.897210000000 0.985020000000 0.000357600000 0.047417000000 0.093468000000 0.452270000000 0.178650000000 0.572610000000 0.605900000000 0.916190000000 0.250220000000 0.653880000000 0.655990000000 0.927540000000 0.665420000000 0.928870000000 0.937000000000 0.990550000000 0.289690000000 0.695940000000 0.692060000000 0.937050000000 0.698930000000 0.936430000000 0.939940000000 0.990180000000 0.719740000000 0.944040000000 0.946390000000 0.990630000000 0.952510000000 0.992580000000 0.993500000000 0.999150000000 0.034761000000 0.240290000000 0.297080000000 0.710180000000 0.328700000000 0.733480000000 0.740490000000 0.952810000000 0.341940000000 0.742120000000 0.742570000000 0.949140000000 0.751550000000 0.950760000000 0.955340000000 0.993260000000 0.343000000000 0.751170000000 0.752780000000 0.951420000000 0.749570000000 0.950000000000 0.951500000000 0.991990000000 0.762260000000 0.952830000000 0.954220000000 0.991720000000 0.957110000000 0.992750000000 0.993510000000 0.999090000000 0.363130000000 0.767220000000 0.772350000000 0.956300000000 0.773900000000 0.955100000000 0.956980000000 0.992810000000 0.783720000000 0.958340000000 0.958200000000 0.992170000000 0.959150000000 0.992840000000 0.993220000000 0.998970000000 0.803760000000 0.965080000000 0.965680000000 0.993700000000 0.967180000000 0.994070000000 0.994180000000 0.999040000000 0.971460000000 0.995440000000 0.995620000000 0.999230000000 0.996220000000 0.999440000000 0.999510000000 0.999940000000 

0.000000000000 0.000000000000 0.000000000000 0.000000000000 0.000000000000 0.000000000000 0.000000000000 0.000000000000 0.000000000000 0.000000000000 0.000000000000 0.000000000000 0.000000000000 0.000000000000 0.000000000000 0.000000000000 0.000000000000 0.000000000000 0.000000000000 0.000000000000 0.000000000000 0.000000000000 0.000000000000 0.000000000000 0.000000000000 0.000000000000 0.000000000000 0.000000000000 0.000000000000 0.000000000000 0.000000000002 0.001218300000 0.000000000000 0.000000000000 0.000000000000 0.000000000000 0.000000000000 0.000000000000 0.000000000000 0.000000000000 0.000000000000 0.000000000000 0.000000000000 0.000000000000 0.000000000000 0.000000000001 0.000000000001 0.002695600000 0.000000000000 0.000000000000 0.000000000000 0.000000000006 0.000000000000 0.000000000255 0.000000019429 0.008015000000 0.000000000000 0.000000006336 0.000000004207 0.028115000000 0.000861760000 0.069726000000 0.147460000000 0.820530000000 0.000000000000 0.000000000000 0.000000000000 0.000000000000 0.000000000000 0.000000000000 0.000000000000 0.000000025223 0.000000000000 0.000000000000 0.000000000000 0.000007279000 0.000000000000 0.000001153500 0.000066375000 0.064268000000 0.000000000000 0.000000000000 0.000000000000 0.000683270000 0.000000000000 0.000138280000 0.001820100000 0.129340000000 0.000000000003 0.003253700000 0.007632100000 0.273880000000 0.033287000000 0.482160000000 0.679160000000 0.980590000000 0.000000000000 0.000000001142 0.000000052202 0.012739000000 0.000000453810 0.033971000000 0.056399000000 0.584480000000 0.000466060000 0.124810000000 0.226420000000 0.810990000000 0.462870000000 0.927370000000 0.968620000000 0.995610000000 0.045463000000 0.516470000000 0.693060000000 0.975030000000 0.869220000000 0.992440000000 0.994510000000 0.996150000000 0.958280000000 0.995710000000 0.995930000000 0.996000000000 0.996100000000 0.996020000000 0.996120000000 0.996100000000 0.000000000000 0.000000000000 0.000000000000 0.000000007869 0.000000000000 0.000000292980 0.000043915000 0.034523000000 0.000000000000 0.000015479000 0.000131030000 0.081201000000 0.003120400000 0.170560000000 0.309010000000 0.873200000000 0.000000000001 0.007365000000 0.012795000000 0.338110000000 0.062993000000 0.541400000000 0.712040000000 0.979150000000 0.266300000000 0.819620000000 0.915090000000 0.993910000000 0.961730000000 0.995920000000 0.995960000000 0.996120000000 0.001022500000 0.179210000000 0.325330000000 0.863270000000 0.588640000000 0.955680000000 0.981750000000 0.996000000000 0.827570000000 0.990140000000 0.993420000000 0.996060000000 0.993990000000 0.995910000000 0.996010000000 0.996080000000 0.938130000000 0.995520000000 0.995470000000 0.995970000000 0.996290000000 0.996000000000 0.996040000000 0.996060000000 0.996090000000 0.996180000000 0.996170000000 0.996070000000 0.996130000000 0.996050000000 0.996120000000 0.996090000000 0.201340000000 0.778600000000 0.904890000000 0.993280000000 0.965380000000 0.996030000000 0.996160000000 0.996170000000 0.987410000000 0.996490000000 0.995820000000 0.996030000000 0.996010000000 0.996170000000 0.996020000000 0.996080000000 0.990900000000 0.995660000000 0.996120000000 0.996070000000 0.995940000000 0.995950000000 0.996120000000 0.996070000000 0.996500000000 0.996280000000 0.996040000000 0.996090000000 0.996210000000 0.996060000000 0.996080000000 0.996090000000 0.993690000000 0.995900000000 0.996240000000 0.996070000000 0.996100000000 0.995960000000 0.996090000000 0.996120000000 0.995990000000 0.996090000000 0.996220000000 0.996100000000 0.996090000000 0.996100000000 0.996110000000 0.996090000000 0.996090000000 0.995980000000 0.996070000000 0.996060000000 0.996120000000 0.996100000000 0.996070000000 0.996090000000 0.996120000000 0.996110000000 0.996080000000 0.996090000000 0.996090000000 0.996090000000 0.996100000000 0.996090000000 

N_obs: 2000

File Format:
1- most to least reliable channels (taken entropies)
2- most to least reliable channels (taken error probabilities)
3- channels entropies (flipped)
4- channels error probabilities (flipped)
5- number of MontCarlo simulations
