255 254 253 252 251 250 249 247 246 245 244 243 239 238 237 235 231 223 222 221 219 215 207 191 190 189 248 234 242 236 233 241 187 230 220 218 227 229 127 217 183 214 213 211 205 175 206 186 188 240 203 232 185 228 126 226 182 216 225 125 212 181 199 210 123 159 179 209 174 204 173 119 202 184 124 201 171 180 111 122 224 198 158 95 63 167 121 178 157 197 118 208 155 31 177 143 172 117 151 47 79 115 195 55 59 103 87 107 61 109 110 91 93 62 94 170 15 200 169 135 163 166 39 23 165 71 120 156 27 147 29 139 30 153 141 154 7 43 149 51 142 75 196 83 99 150 45 77 116 46 113 53 78 57 114 101 176 85 54 105 58 89 193 102 86 194 106 90 60 108 131 35 19 92 11 67 3 14 13 161 168 133 25 137 145 21 37 41 69 49 73 81 97 164 162 134 22 38 28 70 26 33 17 129 146 9 5 140 65 138 152 148 1 44 42 50 76 74 52 82 98 112 100 56 84 6 104 88 192 160 12 136 132 130 24 144 18 34 10 20 36 40 66 72 68 48 80 96 16 8 32 128 2 4 64 0 

255 254 253 252 251 250 249 247 246 245 244 243 239 238 237 235 231 223 222 221 219 215 207 191 190 189 248 234 242 236 233 241 187 230 220 218 227 229 127 217 183 214 213 211 205 175 206 188 240 203 232 186 185 228 126 226 216 182 225 181 212 125 210 199 179 123 159 209 204 174 202 173 184 119 201 124 171 180 224 198 122 178 158 197 208 111 167 121 157 177 172 118 195 200 170 155 95 117 169 115 151 196 110 120 166 156 63 176 143 109 165 194 163 154 107 116 153 193 94 103 168 91 114 51 79 93 147 150 59 149 71 23 45 58 14 141 99 131 75 60 89 46 25 67 134 105 129 38 11 142 61 102 73 7 21 137 81 55 104 56 9 1 41 27 92 139 113 145 106 144 136 148 49 57 6 66 34 74 19 48 82 84 70 52 72 17 5 108 101 40 164 20 12 24 78 13 68 8 0 152 32 132 64 53 2 128 65 42 88 16 4 160 130 96 192 112 80 97 100 44 36 146 133 54 18 50 140 10 85 33 162 26 161 15 28 98 22 37 35 43 76 69 39 86 138 90 30 29 83 31 87 3 135 77 62 47 

0.000000000000 0.000000000000 0.000000000000 0.000000000000 0.000000000000 0.000000000000 0.000000000000 0.000000000000 0.000000000000 0.000000000000 0.000000000000 0.000000000000 0.000000000000 0.000000000000 0.000000000000 0.000107750000 0.000000000000 0.000000000000 0.000000000000 0.000000000000 0.000000000000 0.000000000000 0.000000000000 0.000232450000 0.000000000000 0.000000000000 0.000000000003 0.000597490000 0.000000000001 0.000847440000 0.002069900000 0.144520000000 0.000000000000 0.000000000000 0.000000000000 0.000000000000 0.000000000000 0.000000000001 0.000000000213 0.001416800000 0.000000000000 0.000000000741 0.000000002266 0.002884400000 0.000000101500 0.007010500000 0.018088000000 0.299760000000 0.000000000000 0.000010359000 0.000002035900 0.022463000000 0.000148080000 0.047846000000 0.093470000000 0.525250000000 0.006500900000 0.154060000000 0.255240000000 0.721020000000 0.378390000000 0.799410000000 0.791540000000 0.973270000000 0.000000000000 0.000000000000 0.000000000000 0.000082881000 0.000000000000 0.000045844000 0.000467620000 0.060096000000 0.000000000266 0.000848860000 0.003013000000 0.118300000000 0.012577000000 0.221660000000 0.326720000000 0.775900000000 0.000009172900 0.019660000000 0.040408000000 0.336960000000 0.101060000000 0.474740000000 0.542430000000 0.891280000000 0.207480000000 0.611910000000 0.625430000000 0.920530000000 0.611000000000 0.922320000000 0.886360000000 0.991650000000 0.008488700000 0.154610000000 0.229660000000 0.647420000000 0.302880000000 0.703090000000 0.697220000000 0.947840000000 0.345270000000 0.733390000000 0.709440000000 0.948510000000 0.666460000000 0.944280000000 0.901930000000 0.993930000000 0.328630000000 0.712320000000 0.697390000000 0.945620000000 0.675520000000 0.946220000000 0.901900000000 0.993480000000 0.597400000000 0.926010000000 0.901850000000 0.993790000000 0.823290000000 0.993850000000 0.944140000000 0.999560000000 0.000000000082 0.000741920000 0.002226300000 0.075176000000 0.008144900000 0.141890000000 0.215760000000 0.630220000000 0.044482000000 0.289580000000 0.344840000000 0.750750000000 0.374620000000 0.771130000000 0.758000000000 0.966060000000 0.134130000000 0.437100000000 0.432350000000 0.819980000000 0.420330000000 0.805870000000 0.781210000000 0.969440000000 0.403830000000 0.793380000000 0.772740000000 0.966060000000 0.726880000000 0.965090000000 0.919240000000 0.996710000000 0.180340000000 0.472920000000 0.442150000000 0.828300000000 0.439730000000 0.812520000000 0.791240000000 0.971690000000 0.414180000000 0.798660000000 0.776380000000 0.966460000000 0.722190000000 0.963010000000 0.916430000000 0.996090000000 0.366800000000 0.760350000000 0.749060000000 0.960530000000 0.712540000000 0.960700000000 0.913810000000 0.995440000000 0.626600000000 0.939120000000 0.912900000000 0.995620000000 0.830880000000 0.995440000000 0.945720000000 0.999650000000 0.186530000000 0.459690000000 0.420430000000 0.815800000000 0.399890000000 0.788740000000 0.765720000000 0.966300000000 0.387080000000 0.778270000000 0.759430000000 0.962070000000 0.710610000000 0.959730000000 0.913780000000 0.995730000000 0.359780000000 0.754290000000 0.740910000000 0.958610000000 0.708990000000 0.959370000000 0.912470000000 0.995180000000 0.618020000000 0.936190000000 0.910530000000 0.995080000000 0.826620000000 0.994500000000 0.944110000000 0.999540000000 0.307840000000 0.683720000000 0.672000000000 0.936770000000 0.662400000000 0.943680000000 0.901880000000 0.993860000000 0.622000000000 0.935070000000 0.910270000000 0.995030000000 0.827770000000 0.994470000000 0.944140000000 0.999490000000 0.487460000000 0.868450000000 0.871110000000 0.991750000000 0.828790000000 0.994960000000 0.944460000000 0.999510000000 0.706920000000 0.969170000000 0.944980000000 0.999600000000 0.854240000000 0.999580000000 0.952000000000 0.999970000000 

0.000000000000 0.000000000000 0.000000000000 0.000000000000 0.000000000000 0.000000000000 0.000000000000 0.000000000000 0.000000000000 0.000000000000 0.000000000000 0.000000000000 0.000000000000 0.000000000000 0.000000000000 0.000100420000 0.000000000000 0.000000000000 0.000000000000 0.000000000000 0.000000000000 0.000000000000 0.000000000000 0.000396770000 0.000000000000 0.000000000000 0.000000000001 0.001528900000 0.000000000000 0.002353000000 0.004700200000 0.281990000000 0.000000000000 0.000000000000 0.000000000000 0.000000000000 0.000000000000 0.000000000000 0.000000000057 0.002643500000 0.000000000000 0.000000000209 0.000000000677 0.006882200000 0.000000038714 0.013961000000 0.039917000000 0.520140000000 0.000000000000 0.000009689000 0.000000985720 0.050305000000 0.000355490000 0.102220000000 0.194790000000 0.780350000000 0.016694000000 0.313850000000 0.501410000000 0.934740000000 0.745150000000 0.977480000000 0.986690000000 0.992220000000 0.000000000000 0.000000000000 0.000000000000 0.000084551000 0.000000000000 0.000528570000 0.001319400000 0.136240000000 0.000000000075 0.002941700000 0.006791800000 0.261860000000 0.032696000000 0.441430000000 0.635970000000 0.965160000000 0.000006230200 0.057967000000 0.110590000000 0.638980000000 0.256940000000 0.808400000000 0.904640000000 0.989910000000 0.570630000000 0.949790000000 0.973270000000 0.992170000000 0.982630000000 0.992300000000 0.992350000000 0.992200000000 0.035594000000 0.447150000000 0.610970000000 0.953370000000 0.815050000000 0.983210000000 0.985960000000 0.992190000000 0.933750000000 0.991390000000 0.991550000000 0.992120000000 0.991290000000 0.992240000000 0.992100000000 0.992110000000 0.966620000000 0.991910000000 0.991670000000 0.992270000000 0.992060000000 0.992550000000 0.992020000000 0.992110000000 0.992800000000 0.991860000000 0.992240000000 0.992190000000 0.991720000000 0.992210000000 0.991870000000 0.992190000000 0.000000000022 0.002226700000 0.007027100000 0.232430000000 0.035006000000 0.410450000000 0.590810000000 0.949090000000 0.175490000000 0.721530000000 0.862920000000 0.984540000000 0.933750000000 0.990660000000 0.992060000000 0.992220000000 0.569170000000 0.940490000000 0.970850000000 0.992170000000 0.983960000000 0.992100000000 0.991860000000 0.992040000000 0.989430000000 0.991950000000 0.992170000000 0.992230000000 0.991710000000 0.992390000000 0.992230000000 0.992210000000 0.857250000000 0.987040000000 0.991060000000 0.992060000000 0.990390000000 0.992580000000 0.991830000000 0.992200000000 0.992730000000 0.992470000000 0.992280000000 0.992150000000 0.992650000000 0.992150000000 0.992030000000 0.992220000000 0.990960000000 0.992170000000 0.992800000000 0.992420000000 0.991720000000 0.992140000000 0.991960000000 0.992160000000 0.991560000000 0.992160000000 0.992450000000 0.992180000000 0.991850000000 0.992140000000 0.992200000000 0.992190000000 0.959890000000 0.993030000000 0.991920000000 0.991750000000 0.991500000000 0.991650000000 0.992140000000 0.992050000000 0.992040000000 0.992240000000 0.992190000000 0.992160000000 0.990900000000 0.992270000000 0.992130000000 0.992150000000 0.993630000000 0.991830000000 0.991650000000 0.992230000000 0.992400000000 0.992200000000 0.992060000000 0.992170000000 0.992450000000 0.991880000000 0.992390000000 0.992240000000 0.992390000000 0.992140000000 0.992300000000 0.992190000000 0.992690000000 0.992580000000 0.992620000000 0.992380000000 0.992060000000 0.992320000000 0.991840000000 0.992170000000 0.991590000000 0.992390000000 0.992000000000 0.992170000000 0.992150000000 0.992260000000 0.992160000000 0.992200000000 0.992370000000 0.991670000000 0.992180000000 0.992170000000 0.991890000000 0.992280000000 0.992050000000 0.992180000000 0.991990000000 0.992140000000 0.992160000000 0.992200000000 0.992750000000 0.992190000000 0.992060000000 0.992180000000 

N_obs: 2000

File Format:
1- most to least reliable channels (taken entropies)
2- most to least reliable channels (taken error probabilities)
3- channels entropies (flipped)
4- channels error probabilities (flipped)
5- number of MontCarlo simulations
