255 254 253 251 247 239 252 250 249 245 246 243 223 238 237 235 248 244 231 222 242 221 191 241 236 234 219 233 127 215 230 190 220 63 189 207 229 95 159 111 240 119 187 123 175 183 125 126 218 31 227 217 143 47 79 55 59 232 61 214 15 199 62 211 213 103 151 87 167 203 91 155 205 93 157 107 206 115 171 94 179 158 188 109 117 173 110 185 118 181 121 174 186 182 122 23 39 135 71 228 124 7 29 27 30 225 226 51 43 75 195 147 139 83 99 163 45 57 46 216 77 141 78 142 53 35 19 11 67 131 209 3 58 197 201 54 89 60 153 85 149 101 105 165 169 113 212 14 198 210 13 177 86 150 102 166 202 90 204 92 154 156 106 114 170 108 116 25 178 172 180 49 37 21 41 184 69 73 81 145 137 193 133 97 161 120 17 33 9 5 65 129 28 1 22 38 70 134 224 26 6 56 44 50 52 76 140 42 208 74 194 82 196 146 200 138 98 88 162 152 148 84 100 104 164 168 112 176 12 24 18 34 48 36 40 10 20 72 66 68 80 136 144 130 132 192 96 160 16 8 32 2 4 64 128 0 

255 254 253 251 247 239 252 250 249 245 246 243 223 238 237 235 248 244 231 242 222 241 221 236 191 234 219 233 230 215 220 229 240 190 218 127 189 227 207 232 217 187 214 228 213 183 126 188 211 226 175 206 216 205 225 125 123 186 203 159 103 143 61 199 171 167 15 63 31 173 110 71 94 212 115 142 210 157 111 185 91 79 181 105 117 89 147 121 95 172 13 92 179 182 85 209 3 201 57 202 107 122 166 54 163 35 78 161 73 44 51 154 62 22 134 90 28 139 164 194 84 146 155 120 148 6 42 145 93 41 108 196 56 162 138 88 136 74 36 178 149 192 170 33 25 200 34 24 137 184 96 160 10 12 132 5 48 8 112 32 0 45 204 2 80 4 68 16 144 128 64 1 150 104 66 20 18 72 97 130 152 100 176 60 153 11 40 129 180 198 208 50 165 99 76 75 82 19 17 52 168 195 116 102 101 98 38 21 26 67 37 193 69 65 169 70 224 106 9 59 140 177 156 158 46 141 81 83 113 114 49 118 14 43 197 133 58 174 86 131 30 39 77 124 7 29 27 135 109 53 23 47 151 87 55 119 

0.000000000000 0.000000000000 0.000000000000 0.000000000008 0.000000000000 0.000000000012 0.000000000268 0.001084200000 0.000000000000 0.000000002775 0.000000000402 0.003271200000 0.000000014749 0.006967500000 0.014596000000 0.283810000000 0.000000000000 0.000012003000 0.000077143000 0.020951000000 0.000346830000 0.047368000000 0.090015000000 0.500510000000 0.004952600000 0.147790000000 0.246990000000 0.694740000000 0.353460000000 0.779610000000 0.773040000000 0.968180000000 0.000000219740 0.005600700000 0.014184000000 0.214140000000 0.048247000000 0.345080000000 0.428790000000 0.830450000000 0.142600000000 0.510220000000 0.544420000000 0.883500000000 0.536690000000 0.885960000000 0.855440000000 0.985740000000 0.234790000000 0.601200000000 0.587530000000 0.906530000000 0.565340000000 0.901580000000 0.864900000000 0.986700000000 0.523220000000 0.885890000000 0.864160000000 0.986590000000 0.793920000000 0.986290000000 0.936850000000 0.998890000000 0.014425000000 0.168260000000 0.234060000000 0.626110000000 0.288220000000 0.664370000000 0.653480000000 0.934370000000 0.305730000000 0.674730000000 0.656270000000 0.931600000000 0.620650000000 0.926870000000 0.887480000000 0.991390000000 0.299640000000 0.662910000000 0.641540000000 0.927870000000 0.612280000000 0.923070000000 0.881570000000 0.989570000000 0.551400000000 0.900860000000 0.876730000000 0.989070000000 0.801930000000 0.987950000000 0.937760000000 0.998950000000 0.271160000000 0.624210000000 0.596070000000 0.909520000000 0.576970000000 0.909180000000 0.871310000000 0.988000000000 0.546720000000 0.896840000000 0.873080000000 0.988110000000 0.797800000000 0.986700000000 0.936300000000 0.998750000000 0.443900000000 0.841840000000 0.839190000000 0.983420000000 0.797940000000 0.987290000000 0.936660000000 0.998740000000 0.684850000000 0.962660000000 0.936850000000 0.998820000000 0.848310000000 0.998790000000 0.950300000000 0.999910000000 0.112690000000 0.334400000000 0.314480000000 0.708340000000 0.296830000000 0.675780000000 0.659530000000 0.938250000000 0.288140000000 0.656040000000 0.635940000000 0.924640000000 0.608760000000 0.920600000000 0.882720000000 0.990750000000 0.281810000000 0.650780000000 0.626580000000 0.923560000000 0.599530000000 0.914240000000 0.875180000000 0.988290000000 0.544530000000 0.896960000000 0.873170000000 0.988200000000 0.800190000000 0.987350000000 0.937230000000 0.998920000000 0.265130000000 0.614630000000 0.591330000000 0.908130000000 0.574910000000 0.905250000000 0.869590000000 0.987790000000 0.547290000000 0.895020000000 0.872350000000 0.988190000000 0.798320000000 0.986530000000 0.935910000000 0.998670000000 0.448050000000 0.839620000000 0.834640000000 0.982370000000 0.793640000000 0.986080000000 0.935320000000 0.998530000000 0.685180000000 0.961180000000 0.934790000000 0.998590000000 0.846910000000 0.998530000000 0.949680000000 0.999890000000 0.221400000000 0.536560000000 0.503610000000 0.870200000000 0.498420000000 0.861160000000 0.828760000000 0.979570000000 0.488290000000 0.866490000000 0.843500000000 0.982100000000 0.780070000000 0.981900000000 0.931840000000 0.998280000000 0.447240000000 0.830320000000 0.828200000000 0.981560000000 0.789450000000 0.984950000000 0.934210000000 0.998390000000 0.681540000000 0.959990000000 0.933420000000 0.998380000000 0.844750000000 0.998220000000 0.948980000000 0.999850000000 0.348800000000 0.739410000000 0.722470000000 0.952990000000 0.730700000000 0.970220000000 0.926070000000 0.997720000000 0.676410000000 0.959370000000 0.933790000000 0.998430000000 0.845040000000 0.998210000000 0.948980000000 0.999840000000 0.520140000000 0.885810000000 0.886510000000 0.997070000000 0.845400000000 0.998420000000 0.949120000000 0.999850000000 0.720790000000 0.971250000000 0.949400000000 0.999870000000 0.858290000000 0.999860000000 0.953050000000 0.999990000000 

0.000000000000 0.000000000000 0.000000000000 0.000000000002 0.000000000000 0.000000000003 0.000000000075 0.002486700000 0.000000000000 0.000000000877 0.000000000112 0.007622700000 0.000000004935 0.016064000000 0.035694000000 0.516100000000 0.000000000000 0.000009433200 0.000133880000 0.051031000000 0.001579800000 0.107090000000 0.202500000000 0.779760000000 0.014562000000 0.323330000000 0.513530000000 0.934000000000 0.734380000000 0.976910000000 0.986150000000 0.992330000000 0.000000099932 0.018138000000 0.037518000000 0.463300000000 0.139890000000 0.691420000000 0.813530000000 0.983640000000 0.424240000000 0.893410000000 0.948960000000 0.991470000000 0.973550000000 0.991490000000 0.991910000000 0.992250000000 0.741300000000 0.979820000000 0.983830000000 0.992190000000 0.988790000000 0.991960000000 0.991960000000 0.992170000000 0.990680000000 0.992240000000 0.992460000000 0.992140000000 0.992290000000 0.992090000000 0.992310000000 0.992160000000 0.064182000000 0.541910000000 0.711060000000 0.972960000000 0.888340000000 0.988630000000 0.991610000000 0.992170000000 0.957130000000 0.991910000000 0.991690000000 0.992240000000 0.991900000000 0.992160000000 0.992350000000 0.992210000000 0.979470000000 0.992520000000 0.991380000000 0.991870000000 0.990730000000 0.992170000000 0.992330000000 0.992290000000 0.991010000000 0.991980000000 0.992260000000 0.992090000000 0.992000000000 0.992150000000 0.992030000000 0.992180000000 0.988810000000 0.992370000000 0.991510000000 0.992370000000 0.992100000000 0.992060000000 0.992220000000 0.992210000000 0.993430000000 0.992200000000 0.992160000000 0.992110000000 0.991780000000 0.992100000000 0.992120000000 0.992190000000 0.990390000000 0.991470000000 0.992380000000 0.992350000000 0.992080000000 0.992150000000 0.992170000000 0.992150000000 0.992830000000 0.992080000000 0.992470000000 0.992180000000 0.992530000000 0.992200000000 0.992230000000 0.992190000000 0.693990000000 0.972590000000 0.987270000000 0.992660000000 0.987670000000 0.991980000000 0.991790000000 0.992110000000 0.994070000000 0.992450000000 0.991760000000 0.992290000000 0.991470000000 0.992410000000 0.992410000000 0.992180000000 0.991540000000 0.991410000000 0.992870000000 0.992140000000 0.991980000000 0.992330000000 0.991740000000 0.992200000000 0.989460000000 0.992290000000 0.992290000000 0.992210000000 0.992270000000 0.992290000000 0.992200000000 0.992170000000 0.991860000000 0.991440000000 0.992130000000 0.991890000000 0.991680000000 0.992080000000 0.991760000000 0.992150000000 0.993430000000 0.992520000000 0.991910000000 0.992090000000 0.992400000000 0.992270000000 0.992390000000 0.992190000000 0.991680000000 0.992010000000 0.992590000000 0.992270000000 0.992270000000 0.992150000000 0.992050000000 0.992200000000 0.991440000000 0.992330000000 0.992320000000 0.992190000000 0.992310000000 0.992200000000 0.992320000000 0.992190000000 0.991260000000 0.992070000000 0.990500000000 0.992220000000 0.992340000000 0.992490000000 0.991960000000 0.992140000000 0.993440000000 0.991990000000 0.993110000000 0.992290000000 0.992060000000 0.992250000000 0.992440000000 0.992180000000 0.993420000000 0.992380000000 0.992190000000 0.992060000000 0.992460000000 0.992120000000 0.992140000000 0.992220000000 0.992570000000 0.992300000000 0.992310000000 0.992160000000 0.992000000000 0.992170000000 0.992170000000 0.992180000000 0.991340000000 0.992560000000 0.992770000000 0.992080000000 0.992780000000 0.992310000000 0.992170000000 0.992170000000 0.993140000000 0.992070000000 0.992300000000 0.992200000000 0.992280000000 0.992200000000 0.992290000000 0.992190000000 0.991230000000 0.992450000000 0.991890000000 0.992180000000 0.992220000000 0.992180000000 0.992340000000 0.992180000000 0.992660000000 0.992120000000 0.992180000000 0.992190000000 0.991940000000 0.992190000000 0.992190000000 0.992180000000 

N_obs: 2000

File Format:
1- most to least reliable channels (taken entropies)
2- most to least reliable channels (taken error probabilities)
3- channels entropies (flipped)
4- channels error probabilities (flipped)
5- number of MontCarlo simulations
