255 254 253 252 251 250 249 248 247 246 245 244 243 242 241 239 238 237 236 235 231 223 222 221 219 215 207 191 190 189 187 183 127 234 233 229 230 220 218 227 175 217 214 211 213 205 206 188 203 126 185 240 125 186 232 182 228 225 226 181 216 123 199 212 159 179 210 174 209 204 173 119 202 184 171 201 124 180 122 158 198 111 224 178 167 121 197 157 118 172 177 95 208 63 155 195 117 170 151 115 143 110 200 31 169 109 79 47 107 103 55 59 87 61 91 93 166 120 94 62 156 15 165 196 163 135 154 176 153 23 116 71 39 147 139 27 149 141 194 150 29 142 114 113 30 43 75 51 193 99 83 7 45 77 105 78 46 53 101 108 85 57 106 102 54 89 86 58 168 90 60 92 131 35 19 11 67 161 3 164 14 13 162 145 133 137 25 37 21 69 41 73 49 134 81 97 152 146 148 22 138 38 70 140 28 26 129 17 112 33 9 5 65 192 1 42 74 50 44 76 98 82 100 52 104 84 56 88 6 160 12 136 130 144 132 24 18 34 36 10 20 40 66 72 68 48 80 96 128 16 8 32 4 2 64 0 

255 254 253 252 251 250 249 248 247 246 245 244 243 242 241 239 238 237 236 235 231 223 222 221 219 215 207 191 190 189 187 183 127 234 233 229 230 220 218 227 175 217 214 211 213 205 206 188 203 126 185 240 125 232 186 225 228 181 212 199 216 182 226 159 123 179 210 174 209 204 173 202 119 201 184 171 124 180 198 122 224 158 178 197 167 111 121 157 172 208 177 118 195 170 155 200 117 169 95 115 151 196 166 110 120 156 176 165 109 63 194 143 154 163 116 107 193 168 153 94 103 114 150 93 113 91 149 164 108 147 62 79 87 106 142 139 7 31 105 141 58 60 192 162 11 55 135 152 47 84 78 77 52 101 67 85 49 61 133 51 69 145 33 82 161 104 44 3 57 134 138 129 6 146 42 45 137 36 37 26 21 73 96 24 132 25 9 68 48 90 40 80 4 14 8 18 13 74 64 66 140 130 16 10 88 5 72 0 2 100 20 32 136 83 128 28 12 41 34 70 50 43 98 144 76 22 102 65 38 56 35 19 148 160 1 17 112 29 81 53 89 71 23 97 86 46 99 131 39 54 92 30 75 59 27 15 

0.000000000000 0.000000000000 0.000000000000 0.000000000000 0.000000000000 0.000000000000 0.000000000000 0.000000000000 0.000000000000 0.000000000000 0.000000000000 0.000000000000 0.000000000000 0.000000000000 0.000000000000 0.000001881800 0.000000000000 0.000000000000 0.000000000000 0.000000000000 0.000000000000 0.000000000000 0.000000000000 0.000016470000 0.000000000000 0.000000000000 0.000000000000 0.000111560000 0.000000000000 0.000245610000 0.000203150000 0.066019000000 0.000000000000 0.000000000000 0.000000000000 0.000000000000 0.000000000000 0.000000000000 0.000000000001 0.000309330000 0.000000000000 0.000000000004 0.000000000011 0.000448020000 0.000000000007 0.001360800000 0.002410900000 0.146170000000 0.000000000000 0.000000299340 0.000000004057 0.004097500000 0.000000709680 0.009880300000 0.017707000000 0.304210000000 0.000363260000 0.046896000000 0.084826000000 0.505060000000 0.193550000000 0.653530000000 0.694170000000 0.947760000000 0.000000000000 0.000000000000 0.000000000000 0.000000307980 0.000000000000 0.000016365000 0.000001692800 0.015429000000 0.000000000000 0.000051400000 0.000297840000 0.033323000000 0.000959460000 0.066896000000 0.134460000000 0.578960000000 0.000000000001 0.001736500000 0.004324700000 0.133280000000 0.015517000000 0.232880000000 0.336210000000 0.774550000000 0.076582000000 0.421630000000 0.489270000000 0.864120000000 0.516510000000 0.878220000000 0.853570000000 0.985550000000 0.000474030000 0.046198000000 0.086286000000 0.444520000000 0.179000000000 0.574160000000 0.600160000000 0.915520000000 0.265590000000 0.654950000000 0.650800000000 0.928790000000 0.616060000000 0.925430000000 0.887690000000 0.991490000000 0.288280000000 0.665560000000 0.653200000000 0.931810000000 0.631890000000 0.929940000000 0.889280000000 0.991270000000 0.568230000000 0.911040000000 0.888790000000 0.991590000000 0.813680000000 0.991320000000 0.941660000000 0.999360000000 0.000000000000 0.000001382100 0.000014757000 0.019530000000 0.000346190000 0.040916000000 0.078223000000 0.424370000000 0.005846100000 0.126930000000 0.200640000000 0.606010000000 0.273640000000 0.673490000000 0.674430000000 0.943140000000 0.053112000000 0.301860000000 0.344730000000 0.746260000000 0.362580000000 0.757600000000 0.737950000000 0.959180000000 0.371380000000 0.758140000000 0.739350000000 0.957310000000 0.697710000000 0.956050000000 0.911970000000 0.995660000000 0.141250000000 0.424750000000 0.415750000000 0.804130000000 0.401830000000 0.790520000000 0.766150000000 0.966110000000 0.387770000000 0.771890000000 0.750530000000 0.960420000000 0.700680000000 0.956940000000 0.911250000000 0.995370000000 0.354810000000 0.737980000000 0.727000000000 0.953980000000 0.690990000000 0.953090000000 0.907770000000 0.994430000000 0.610760000000 0.931370000000 0.906310000000 0.994510000000 0.826300000000 0.994400000000 0.944400000000 0.999570000000 0.171350000000 0.437350000000 0.397740000000 0.799300000000 0.381140000000 0.772390000000 0.754860000000 0.963330000000 0.377710000000 0.762490000000 0.738510000000 0.957340000000 0.693480000000 0.953830000000 0.908900000000 0.995040000000 0.354940000000 0.738160000000 0.723340000000 0.953900000000 0.689960000000 0.952830000000 0.906940000000 0.994330000000 0.611440000000 0.930170000000 0.904310000000 0.994040000000 0.823060000000 0.993460000000 0.943220000000 0.999450000000 0.305660000000 0.676850000000 0.658060000000 0.933210000000 0.646410000000 0.938450000000 0.896780000000 0.992910000000 0.605630000000 0.929630000000 0.904570000000 0.994200000000 0.823290000000 0.993450000000 0.942900000000 0.999390000000 0.482800000000 0.864760000000 0.866560000000 0.990450000000 0.823600000000 0.994050000000 0.943270000000 0.999400000000 0.704240000000 0.968490000000 0.943670000000 0.999500000000 0.854000000000 0.999510000000 0.951720000000 0.999970000000 

0.000000000000 0.000000000000 0.000000000000 0.000000000000 0.000000000000 0.000000000000 0.000000000000 0.000000000000 0.000000000000 0.000000000000 0.000000000000 0.000000000000 0.000000000000 0.000000000000 0.000000000000 0.000001012200 0.000000000000 0.000000000000 0.000000000000 0.000000000000 0.000000000000 0.000000000000 0.000000000000 0.000013175000 0.000000000000 0.000000000000 0.000000000000 0.000450430000 0.000000000000 0.001060000000 0.000230740000 0.132000000000 0.000000000000 0.000000000000 0.000000000000 0.000000000000 0.000000000000 0.000000000000 0.000000000000 0.000901940000 0.000000000000 0.000000000001 0.000000000002 0.000660790000 0.000000000001 0.003242200000 0.005156600000 0.284950000000 0.000000000000 0.000000151040 0.000000001240 0.010108000000 0.000000405940 0.024160000000 0.038505000000 0.526420000000 0.000717340000 0.105530000000 0.184270000000 0.766470000000 0.417850000000 0.910570000000 0.956920000000 0.991460000000 0.000000000000 0.000000000000 0.000000000000 0.000000151500 0.000000000000 0.000017649000 0.000000975070 0.039037000000 0.000000000000 0.001016600000 0.000505320000 0.078817000000 0.003169200000 0.154810000000 0.285420000000 0.842920000000 0.000000000000 0.004930500000 0.014926000000 0.284940000000 0.044488000000 0.475670000000 0.641290000000 0.962680000000 0.206230000000 0.767420000000 0.871330000000 0.987990000000 0.940560000000 0.991480000000 0.992020000000 0.992350000000 0.001123600000 0.143960000000 0.242880000000 0.804670000000 0.477770000000 0.931050000000 0.963110000000 0.991680000000 0.765010000000 0.980100000000 0.986250000000 0.992350000000 0.988360000000 0.992100000000 0.992020000000 0.992260000000 0.913330000000 0.990250000000 0.991140000000 0.992180000000 0.990370000000 0.992070000000 0.992110000000 0.992200000000 0.991580000000 0.992070000000 0.992000000000 0.992140000000 0.992690000000 0.992180000000 0.992080000000 0.992210000000 0.000000000000 0.000000807970 0.000012915000 0.061971000000 0.001840100000 0.128120000000 0.231100000000 0.797330000000 0.024753000000 0.376280000000 0.545560000000 0.942870000000 0.761500000000 0.979990000000 0.984010000000 0.992390000000 0.221520000000 0.773090000000 0.877870000000 0.988000000000 0.946400000000 0.989650000000 0.991000000000 0.992030000000 0.974680000000 0.992300000000 0.991890000000 0.992190000000 0.992680000000 0.992250000000 0.992550000000 0.992130000000 0.651590000000 0.963150000000 0.980380000000 0.992880000000 0.984980000000 0.992160000000 0.992470000000 0.992180000000 0.989620000000 0.992630000000 0.991980000000 0.991840000000 0.992200000000 0.992020000000 0.992420000000 0.992170000000 0.989540000000 0.991880000000 0.991880000000 0.992260000000 0.993000000000 0.992180000000 0.992130000000 0.992180000000 0.992490000000 0.992250000000 0.992020000000 0.992150000000 0.991950000000 0.992180000000 0.992310000000 0.992180000000 0.894250000000 0.989150000000 0.991990000000 0.991400000000 0.993400000000 0.991380000000 0.992060000000 0.992320000000 0.991550000000 0.992850000000 0.992440000000 0.991890000000 0.992020000000 0.992250000000 0.991980000000 0.992160000000 0.991800000000 0.992660000000 0.992100000000 0.992040000000 0.992250000000 0.992100000000 0.992230000000 0.992170000000 0.992710000000 0.992320000000 0.992110000000 0.992110000000 0.992340000000 0.992240000000 0.992020000000 0.992200000000 0.990940000000 0.992940000000 0.992400000000 0.992210000000 0.993420000000 0.992110000000 0.992150000000 0.992140000000 0.992520000000 0.992270000000 0.992110000000 0.992200000000 0.992340000000 0.992180000000 0.992380000000 0.992180000000 0.993470000000 0.992170000000 0.992180000000 0.992220000000 0.991490000000 0.992180000000 0.992150000000 0.992170000000 0.990700000000 0.992090000000 0.992180000000 0.992170000000 0.992050000000 0.992190000000 0.992350000000 0.992190000000 

N_obs: 2000

File Format:
1- most to least reliable channels (taken entropies)
2- most to least reliable channels (taken error probabilities)
3- channels entropies (flipped)
4- channels error probabilities (flipped)
5- number of MontCarlo simulations
