255 254 253 252 251 250 249 248 247 246 245 244 243 242 241 240 239 238 237 236 235 234 233 232 231 230 229 228 227 226 225 223 222 221 220 219 218 217 216 215 214 213 212 211 210 209 207 206 205 204 203 202 201 199 198 191 190 189 188 187 186 185 184 183 182 181 180 179 175 174 173 171 167 159 158 157 155 151 127 126 125 124 123 122 121 119 118 117 115 111 110 109 95 177 172 107 178 63 195 143 197 169 170 166 165 103 163 153 154 156 93 150 120 91 94 149 116 224 114 147 200 208 108 194 141 106 87 113 142 196 193 176 102 62 105 168 164 139 162 101 152 61 92 161 79 90 148 99 59 89 146 112 135 86 145 140 104 85 55 192 60 138 100 83 78 47 137 58 160 98 77 88 31 57 134 97 75 54 84 144 133 71 53 51 46 131 45 82 43 39 30 29 27 23 81 15 136 76 56 74 73 96 70 69 52 132 67 50 49 130 42 44 41 38 129 37 35 26 28 22 25 21 19 80 14 13 11 7 72 68 66 65 48 36 40 20 34 18 128 24 33 17 12 10 9 6 5 3 64 16 8 32 4 2 1 0 

255 254 253 252 251 250 249 248 247 246 245 244 243 242 241 240 239 238 237 236 235 234 233 232 231 230 229 228 227 226 225 223 222 221 220 219 218 217 216 215 214 213 212 211 210 209 207 206 205 204 203 202 201 199 198 191 190 189 188 187 186 185 184 183 182 181 180 179 175 174 173 171 167 159 158 157 155 151 127 126 125 124 123 122 121 119 118 117 115 111 110 109 95 177 172 107 178 63 195 143 197 169 170 166 165 103 163 153 154 156 150 93 120 91 94 149 224 116 114 147 200 208 108 194 87 142 106 193 113 176 141 196 168 164 105 62 139 102 162 101 152 161 92 61 148 90 79 99 146 89 59 112 135 145 86 140 104 85 192 138 55 100 60 83 137 78 160 98 58 88 77 134 47 97 57 144 84 133 75 54 82 31 53 131 71 136 81 76 51 46 56 96 74 45 132 43 73 30 52 39 70 29 130 80 129 69 15 27 50 67 49 44 41 10 21 37 40 6 11 34 18 4 36 35 72 16 64 5 28 38 17 128 32 1 0 65 2 9 33 8 68 12 22 66 14 25 42 24 3 20 7 48 13 19 26 23 

0.000000000000 0.000000000000 0.000000000000 0.000000000000 0.000000000000 0.000000000000 0.000000000000 0.000000000000 0.000000000000 0.000000000000 0.000000000000 0.000000000000 0.000000000000 0.000000000000 0.000000000000 0.000000000000 0.000000000000 0.000000000000 0.000000000000 0.000000000000 0.000000000000 0.000000000000 0.000000000000 0.000000000000 0.000000000000 0.000000000000 0.000000000000 0.000000000000 0.000000000000 0.000000000000 0.000000000000 0.000000096588 0.000000000000 0.000000000000 0.000000000000 0.000000000000 0.000000000000 0.000000000000 0.000000000000 0.000000000000 0.000000000000 0.000000000000 0.000000000000 0.000000000000 0.000000000000 0.000000000000 0.000000000000 0.000013216000 0.000000000000 0.000000000000 0.000000000000 0.000000000000 0.000000000000 0.000000000000 0.000000000000 0.000006432300 0.000000000000 0.000000000000 0.000000000000 0.000075650000 0.000000000000 0.000026895000 0.000101670000 0.061386000000 0.000000000000 0.000000000000 0.000000000000 0.000000000000 0.000000000000 0.000000000000 0.000000000000 0.000000000000 0.000000000000 0.000000000000 0.000000000000 0.000000000000 0.000000000000 0.000000000000 0.000000000000 0.000106830000 0.000000000000 0.000000000000 0.000000000000 0.000000000000 0.000000000000 0.000000000000 0.000000000000 0.000345450000 0.000000000000 0.000000000000 0.000000000000 0.000400900000 0.000000000001 0.001082300000 0.002141200000 0.148770000000 0.000000000000 0.000000000000 0.000000000000 0.000000000015 0.000000000000 0.000000000010 0.000000000009 0.001340900000 0.000000000000 0.000000000248 0.000000061688 0.003803100000 0.000003187800 0.009547900000 0.024121000000 0.354430000000 0.000000000000 0.000063562000 0.000044887000 0.033856000000 0.000780870000 0.074963000000 0.147360000000 0.628020000000 0.016911000000 0.250880000000 0.366050000000 0.808070000000 0.490320000000 0.865830000000 0.884260000000 0.983560000000 0.000000000000 0.000000000000 0.000000000000 0.000000000000 0.000000000000 0.000000000000 0.000000000000 0.000000000314 0.000000000000 0.000000000000 0.000000000000 0.000000088604 0.000000000000 0.000000172610 0.000059346000 0.015529000000 0.000000000000 0.000000000000 0.000000000000 0.000023136000 0.000000000000 0.000053716000 0.000296040000 0.037838000000 0.000000000001 0.000264690000 0.001193700000 0.083964000000 0.006210300000 0.175410000000 0.287370000000 0.758090000000 0.000000000000 0.000000017896 0.000000000246 0.001884900000 0.000000009716 0.003565000000 0.007570700000 0.193790000000 0.000054970000 0.020301000000 0.039963000000 0.348350000000 0.103050000000 0.510530000000 0.591560000000 0.912580000000 0.003270200000 0.115830000000 0.191050000000 0.628270000000 0.292610000000 0.720380000000 0.744510000000 0.954260000000 0.372870000000 0.783230000000 0.795320000000 0.962610000000 0.813600000000 0.967360000000 0.972190000000 0.996340000000 0.000000000000 0.000293070000 0.001483900000 0.073481000000 0.006973700000 0.148410000000 0.235600000000 0.678860000000 0.045864000000 0.316810000000 0.388010000000 0.803760000000 0.447070000000 0.834120000000 0.849010000000 0.976470000000 0.135490000000 0.483420000000 0.503220000000 0.870390000000 0.522570000000 0.869080000000 0.876400000000 0.979540000000 0.535600000000 0.878930000000 0.884370000000 0.979190000000 0.894410000000 0.982060000000 0.984200000000 0.997820000000 0.204950000000 0.563540000000 0.571570000000 0.897300000000 0.581720000000 0.896310000000 0.900970000000 0.983720000000 0.583570000000 0.899040000000 0.901480000000 0.981900000000 0.905390000000 0.983350000000 0.984430000000 0.997650000000 0.615460000000 0.914540000000 0.917070000000 0.984870000000 0.920550000000 0.985920000000 0.986390000000 0.997770000000 0.931890000000 0.988880000000 0.989430000000 0.998190000000 0.990980000000 0.998640000000 0.998840000000 0.999850000000 

0.000000000000 0.000000000000 0.000000000000 0.000000000000 0.000000000000 0.000000000000 0.000000000000 0.000000000000 0.000000000000 0.000000000000 0.000000000000 0.000000000000 0.000000000000 0.000000000000 0.000000000000 0.000000000000 0.000000000000 0.000000000000 0.000000000000 0.000000000000 0.000000000000 0.000000000000 0.000000000000 0.000000000000 0.000000000000 0.000000000000 0.000000000000 0.000000000000 0.000000000000 0.000000000000 0.000000000000 0.000000043034 0.000000000000 0.000000000000 0.000000000000 0.000000000000 0.000000000000 0.000000000000 0.000000000000 0.000000000000 0.000000000000 0.000000000000 0.000000000000 0.000000000000 0.000000000000 0.000000000000 0.000000000000 0.000016611000 0.000000000000 0.000000000000 0.000000000000 0.000000000000 0.000000000000 0.000000000000 0.000000000000 0.000005840700 0.000000000000 0.000000000000 0.000000000000 0.000598460000 0.000000000000 0.000026258000 0.000147070000 0.150980000000 0.000000000000 0.000000000000 0.000000000000 0.000000000000 0.000000000000 0.000000000000 0.000000000000 0.000000000000 0.000000000000 0.000000000000 0.000000000000 0.000000000000 0.000000000000 0.000000000000 0.000000000000 0.000168260000 0.000000000000 0.000000000000 0.000000000000 0.000000000000 0.000000000000 0.000000000000 0.000000000000 0.000698440000 0.000000000000 0.000000000000 0.000000000000 0.000793720000 0.000000000000 0.002729700000 0.006710400000 0.324570000000 0.000000000000 0.000000000000 0.000000000000 0.000000000004 0.000000000000 0.000000000003 0.000000000002 0.004591400000 0.000000000000 0.000000000073 0.000000028967 0.009484300000 0.000002809600 0.022860000000 0.061023000000 0.629430000000 0.000000000000 0.000093740000 0.000541310000 0.082202000000 0.001693000000 0.172390000000 0.316720000000 0.894730000000 0.046229000000 0.519240000000 0.701810000000 0.980930000000 0.890600000000 0.994030000000 0.995120000000 0.996090000000 0.000000000000 0.000000000000 0.000000000000 0.000000000000 0.000000000000 0.000000000000 0.000000000000 0.000000000093 0.000000000000 0.000000000000 0.000000000000 0.000000046769 0.000000000000 0.000000084012 0.000166750000 0.044322000000 0.000000000000 0.000000000000 0.000000000000 0.000023107000 0.000000000000 0.000099205000 0.000828980000 0.101570000000 0.000000000000 0.001861100000 0.002822400000 0.204160000000 0.019063000000 0.390220000000 0.564710000000 0.965500000000 0.000000000000 0.000000008257 0.000000000077 0.006767900000 0.000000004179 0.012366000000 0.024196000000 0.432540000000 0.000088599000 0.062388000000 0.113820000000 0.667160000000 0.277420000000 0.848430000000 0.924980000000 0.994950000000 0.014973000000 0.320280000000 0.498470000000 0.936950000000 0.738710000000 0.977230000000 0.990340000000 0.996080000000 0.890610000000 0.993350000000 0.995400000000 0.996120000000 0.995640000000 0.996130000000 0.996100000000 0.996080000000 0.000000000000 0.001536400000 0.007518200000 0.233080000000 0.025996000000 0.421960000000 0.588900000000 0.963160000000 0.176010000000 0.749420000000 0.862130000000 0.992860000000 0.941710000000 0.995560000000 0.995770000000 0.996170000000 0.548610000000 0.952540000000 0.979740000000 0.995820000000 0.987500000000 0.996140000000 0.995940000000 0.996020000000 0.993070000000 0.996090000000 0.996000000000 0.996070000000 0.996070000000 0.996060000000 0.996120000000 0.996090000000 0.855090000000 0.991030000000 0.993450000000 0.996080000000 0.995530000000 0.996200000000 0.996140000000 0.996140000000 0.996370000000 0.996120000000 0.995970000000 0.996160000000 0.996180000000 0.996070000000 0.996090000000 0.996080000000 0.995420000000 0.996130000000 0.996180000000 0.996120000000 0.996050000000 0.995970000000 0.996100000000 0.996120000000 0.996170000000 0.996030000000 0.996080000000 0.996070000000 0.996140000000 0.996100000000 0.996090000000 0.996100000000 

N_obs: 2000

File Format:
1- most to least reliable channels (taken entropies)
2- most to least reliable channels (taken error probabilities)
3- channels entropies (flipped)
4- channels error probabilities (flipped)
5- number of MontCarlo simulations
