255 254 253 252 251 250 249 248 247 246 245 244 243 242 241 239 238 237 236 235 234 233 231 230 223 222 221 219 215 207 191 190 189 187 127 229 217 214 227 220 213 183 218 211 186 205 175 206 188 228 240 232 226 185 182 225 203 126 216 212 210 125 181 199 209 123 159 174 204 179 202 173 201 184 119 124 224 171 180 198 122 111 158 95 178 197 63 208 167 121 157 172 177 118 155 195 117 151 143 115 200 170 110 109 103 107 91 79 87 93 94 61 59 47 55 169 62 31 166 120 165 156 196 163 154 153 176 149 150 194 147 116 141 142 139 193 114 135 113 102 108 106 105 101 85 86 78 83 90 77 89 92 75 99 60 58 43 54 46 53 57 51 45 71 39 168 30 29 27 23 15 164 162 161 148 152 146 138 140 145 137 134 133 192 112 84 131 100 104 76 82 42 73 41 74 81 44 52 50 98 70 88 37 49 69 38 28 35 56 25 97 21 26 19 22 67 14 13 11 7 160 136 144 132 72 40 130 36 68 20 129 24 80 18 34 48 17 33 66 12 10 9 96 65 6 5 3 16 8 128 32 4 64 2 1 0 

255 254 253 252 251 250 249 248 247 246 245 244 243 242 241 239 238 237 236 235 234 233 231 230 223 222 221 219 215 207 191 190 189 187 127 229 217 214 227 220 213 183 218 211 186 205 175 206 188 228 240 232 226 185 182 225 216 212 203 181 126 210 125 199 209 204 159 174 179 123 202 173 201 184 224 180 171 124 198 119 208 178 197 122 158 167 172 121 177 157 111 195 200 118 170 155 169 95 196 117 166 63 115 151 110 120 176 156 143 194 165 109 163 193 154 107 116 94 168 103 62 55 150 61 147 93 59 87 142 29 90 99 108 27 146 141 148 164 91 131 101 45 153 11 137 192 84 140 56 19 69 77 100 41 38 136 50 67 26 17 130 28 9 74 12 42 5 96 13 33 1 34 64 6 144 98 32 88 78 16 7 82 8 18 4 0 80 66 162 134 43 65 2 24 128 36 160 72 133 112 129 3 20 35 49 10 81 53 40 21 14 97 68 70 48 23 152 22 58 145 132 52 83 39 44 51 76 104 15 106 54 25 161 37 135 30 73 86 75 114 139 138 60 46 92 57 85 149 71 113 102 89 105 31 47 79 

0.000000000000 0.000000000000 0.000000000000 0.000000000000 0.000000000000 0.000000000000 0.000000000000 0.000000000000 0.000000000000 0.000000000000 0.000000000000 0.000000000000 0.000000000000 0.000000000000 0.000000000000 0.000003271700 0.000000000000 0.000000000000 0.000000000000 0.000000000000 0.000000000000 0.000000000000 0.000000000000 0.000004822200 0.000000000000 0.000000000000 0.000000000000 0.000002549500 0.000000000000 0.000013872000 0.000245430000 0.075527000000 0.000000000000 0.000000000000 0.000000000000 0.000000000000 0.000000000000 0.000000000002 0.000000000000 0.000550310000 0.000000000000 0.000000000000 0.000000000000 0.000896310000 0.000000000002 0.001217100000 0.002936200000 0.192040000000 0.000000000000 0.000000691060 0.000000087074 0.009346000000 0.000245450000 0.020724000000 0.041392000000 0.432760000000 0.001685200000 0.103880000000 0.185230000000 0.666080000000 0.335690000000 0.776000000000 0.813540000000 0.971590000000 0.000000000000 0.000000000000 0.000000000000 0.000001523900 0.000000000000 0.000000078980 0.000055121000 0.042713000000 0.000000000000 0.000111750000 0.001484900000 0.094472000000 0.010052000000 0.180730000000 0.300580000000 0.754570000000 0.000000343170 0.008244700000 0.028153000000 0.294670000000 0.076172000000 0.448400000000 0.543130000000 0.888340000000 0.195630000000 0.623140000000 0.664960000000 0.929110000000 0.684450000000 0.936450000000 0.942210000000 0.992090000000 0.007071600000 0.148140000000 0.235280000000 0.665990000000 0.319040000000 0.730250000000 0.752510000000 0.954780000000 0.376110000000 0.768830000000 0.766130000000 0.953630000000 0.784020000000 0.960630000000 0.963350000000 0.994560000000 0.394450000000 0.799450000000 0.798680000000 0.962030000000 0.808580000000 0.961730000000 0.963770000000 0.994100000000 0.826720000000 0.968710000000 0.970880000000 0.994920000000 0.975030000000 0.996180000000 0.996680000000 0.999580000000 0.000000000000 0.000540750000 0.001299300000 0.064592000000 0.006982600000 0.137170000000 0.217780000000 0.651240000000 0.055650000000 0.305060000000 0.374970000000 0.784420000000 0.411960000000 0.815120000000 0.830020000000 0.973410000000 0.145280000000 0.467870000000 0.477890000000 0.852780000000 0.492080000000 0.856170000000 0.856430000000 0.976010000000 0.489220000000 0.851100000000 0.861820000000 0.975300000000 0.875940000000 0.978890000000 0.981070000000 0.997450000000 0.180350000000 0.514780000000 0.512560000000 0.875180000000 0.506610000000 0.871810000000 0.874410000000 0.979140000000 0.511250000000 0.866150000000 0.864730000000 0.974810000000 0.870300000000 0.976220000000 0.977930000000 0.996740000000 0.507840000000 0.866220000000 0.874320000000 0.976170000000 0.875840000000 0.977470000000 0.977130000000 0.996140000000 0.884000000000 0.979050000000 0.979860000000 0.996440000000 0.982350000000 0.997200000000 0.997520000000 0.999680000000 0.188660000000 0.545080000000 0.529330000000 0.877620000000 0.535500000000 0.878900000000 0.882260000000 0.980710000000 0.541350000000 0.879770000000 0.882020000000 0.978290000000 0.882760000000 0.978310000000 0.979780000000 0.996860000000 0.537940000000 0.881270000000 0.883570000000 0.978010000000 0.879540000000 0.977100000000 0.977280000000 0.996160000000 0.885220000000 0.979910000000 0.979620000000 0.996240000000 0.980630000000 0.996790000000 0.997060000000 0.999590000000 0.552190000000 0.889050000000 0.894690000000 0.980110000000 0.897980000000 0.981260000000 0.981060000000 0.996710000000 0.899900000000 0.981860000000 0.981210000000 0.996450000000 0.981720000000 0.996740000000 0.996920000000 0.999530000000 0.910280000000 0.984770000000 0.984960000000 0.997220000000 0.985670000000 0.997410000000 0.997440000000 0.999570000000 0.987540000000 0.998010000000 0.998120000000 0.999670000000 0.998310000000 0.999750000000 0.999780000000 0.999970000000 

0.000000000000 0.000000000000 0.000000000000 0.000000000000 0.000000000000 0.000000000000 0.000000000000 0.000000000000 0.000000000000 0.000000000000 0.000000000000 0.000000000000 0.000000000000 0.000000000000 0.000000000000 0.000001982700 0.000000000000 0.000000000000 0.000000000000 0.000000000000 0.000000000000 0.000000000000 0.000000000000 0.000003449600 0.000000000000 0.000000000000 0.000000000000 0.000001334300 0.000000000000 0.000009033300 0.000325010000 0.183370000000 0.000000000000 0.000000000000 0.000000000000 0.000000000000 0.000000000000 0.000000000000 0.000000000000 0.000636590000 0.000000000000 0.000000000000 0.000000000000 0.001187400000 0.000000000000 0.004027900000 0.006289200000 0.375220000000 0.000000000000 0.000000349640 0.000000037447 0.018715000000 0.001931300000 0.053433000000 0.098794000000 0.711800000000 0.004211100000 0.240340000000 0.402390000000 0.915080000000 0.707890000000 0.980140000000 0.990810000000 0.995950000000 0.000000000000 0.000000000000 0.000000000000 0.000000807260 0.000000000000 0.000000030192 0.000054165000 0.123260000000 0.000000000000 0.000120870000 0.003103900000 0.218360000000 0.026360000000 0.382110000000 0.619180000000 0.972210000000 0.000000161750 0.024722000000 0.087984000000 0.599180000000 0.222190000000 0.790530000000 0.895730000000 0.994000000000 0.544050000000 0.948000000000 0.981270000000 0.995840000000 0.990780000000 0.996090000000 0.996260000000 0.996100000000 0.024196000000 0.438620000000 0.655410000000 0.972400000000 0.849100000000 0.991700000000 0.995930000000 0.996180000000 0.956010000000 0.994760000000 0.996490000000 0.995760000000 0.994890000000 0.995750000000 0.996190000000 0.996080000000 0.978950000000 0.995470000000 0.995760000000 0.995970000000 0.996340000000 0.996360000000 0.995940000000 0.996020000000 0.996280000000 0.996100000000 0.996110000000 0.996190000000 0.995890000000 0.996050000000 0.996110000000 0.996100000000 0.000000000000 0.003721300000 0.004159100000 0.232460000000 0.032046000000 0.414710000000 0.614870000000 0.966280000000 0.242010000000 0.777460000000 0.915630000000 0.991980000000 0.954720000000 0.996340000000 0.996550000000 0.996110000000 0.667010000000 0.965350000000 0.988380000000 0.995630000000 0.991800000000 0.996240000000 0.996780000000 0.996220000000 0.994010000000 0.996570000000 0.995900000000 0.996010000000 0.995590000000 0.996080000000 0.996150000000 0.996070000000 0.907440000000 0.992260000000 0.995040000000 0.996430000000 0.995870000000 0.995530000000 0.996650000000 0.996080000000 0.995380000000 0.996330000000 0.996490000000 0.995960000000 0.996200000000 0.996090000000 0.996130000000 0.996090000000 0.997280000000 0.996080000000 0.996000000000 0.996210000000 0.996330000000 0.996060000000 0.996330000000 0.996100000000 0.996500000000 0.996150000000 0.995990000000 0.996150000000 0.996040000000 0.996090000000 0.996100000000 0.996070000000 0.949140000000 0.994040000000 0.994780000000 0.996390000000 0.995140000000 0.996190000000 0.996440000000 0.995990000000 0.994580000000 0.996250000000 0.996130000000 0.996190000000 0.996210000000 0.996030000000 0.996130000000 0.996150000000 0.997150000000 0.996400000000 0.995930000000 0.996210000000 0.996100000000 0.996070000000 0.996020000000 0.996130000000 0.996210000000 0.996020000000 0.996270000000 0.996100000000 0.996120000000 0.996070000000 0.996070000000 0.996080000000 0.997040000000 0.996320000000 0.995520000000 0.996050000000 0.995700000000 0.996040000000 0.996250000000 0.996100000000 0.996160000000 0.996180000000 0.996130000000 0.996120000000 0.995990000000 0.996090000000 0.996050000000 0.996090000000 0.996230000000 0.996140000000 0.996070000000 0.996060000000 0.995940000000 0.996130000000 0.996060000000 0.996090000000 0.996090000000 0.996080000000 0.996070000000 0.996090000000 0.996120000000 0.996100000000 0.996070000000 0.996090000000 

N_obs: 400

File Format:
1- most to least reliable channels (taken entropies)
2- most to least reliable channels (taken error probabilities)
3- channels entropies (flipped)
4- channels error probabilities (flipped)
5- number of MontCarlo simulations
