255 254 253 252 251 250 249 248 247 246 245 244 243 242 241 240 239 238 237 236 235 234 233 232 231 230 229 228 227 226 225 223 222 221 220 219 218 217 216 215 214 213 212 211 210 209 207 206 205 204 203 202 201 199 198 191 190 189 188 187 186 185 184 183 182 181 180 179 177 175 174 173 171 167 159 158 157 155 151 143 127 126 125 124 123 122 121 119 118 117 115 111 110 109 107 103 95 94 63 93 170 197 178 172 195 166 91 169 165 163 156 154 149 120 153 150 147 114 108 116 87 62 224 106 113 208 102 142 141 200 105 61 194 101 92 139 176 196 168 164 79 90 193 59 99 162 89 152 161 148 86 146 135 55 85 112 145 104 140 83 60 78 138 100 58 77 47 192 137 98 88 57 160 75 54 134 97 84 31 53 133 71 82 144 51 46 131 81 76 45 15 43 39 56 23 30 136 27 29 74 73 96 52 70 67 69 132 7 50 49 35 19 11 44 130 41 129 37 13 42 80 14 38 21 25 22 26 28 3 72 65 33 17 9 5 68 66 48 6 1 34 36 40 12 18 128 10 20 24 64 32 8 16 2 4 0 

255 254 253 252 251 250 249 248 247 246 245 244 243 242 241 240 239 238 237 236 235 234 233 232 231 230 229 228 227 226 225 223 222 221 220 219 218 217 216 215 214 213 212 211 210 209 207 206 205 204 203 202 201 199 198 191 190 189 188 187 186 185 184 183 182 181 180 179 177 175 174 173 171 167 159 158 157 155 151 143 127 126 125 124 123 122 121 119 118 117 115 111 110 109 107 103 95 94 63 93 170 178 197 172 195 166 91 169 165 163 156 154 149 120 153 150 147 114 108 116 87 62 224 106 113 208 102 142 141 200 105 61 194 101 92 139 176 168 164 79 90 99 196 193 59 161 89 162 152 148 86 146 85 135 55 112 145 140 104 83 78 60 138 100 58 192 77 137 47 98 88 57 160 134 97 75 54 84 133 144 53 82 31 71 76 81 131 46 51 136 56 45 74 96 73 132 52 43 30 70 39 50 80 130 29 69 49 129 27 44 67 23 42 15 72 41 25 22 38 28 14 19 7 65 37 33 128 66 17 18 20 5 9 1 4 34 2 32 0 8 16 48 10 68 64 12 36 3 6 40 24 13 35 11 21 26 

0.000000000000 0.000000000000 0.000000000000 0.000000000000 0.000000000000 0.000000000000 0.000000000000 0.000000000000 0.000000000000 0.000000000000 0.000000000000 0.000000000000 0.000000000000 0.000000000000 0.000000000000 0.000000000000 0.000000000000 0.000000000000 0.000000000000 0.000000000000 0.000000000000 0.000000000000 0.000000000000 0.000000000000 0.000000000000 0.000000000000 0.000000000000 0.000000000000 0.000000000000 0.000000000000 0.000000000000 0.000000062480 0.000000000000 0.000000000000 0.000000000000 0.000000000000 0.000000000000 0.000000000000 0.000000000000 0.000000000000 0.000000000000 0.000000000000 0.000000000000 0.000000000000 0.000000000000 0.000000000000 0.000000000000 0.000001426200 0.000000000000 0.000000000000 0.000000000000 0.000000000000 0.000000000000 0.000000000000 0.000000000000 0.000008248200 0.000000000000 0.000000000000 0.000000000000 0.000046696000 0.000000000000 0.000017043000 0.000205190000 0.041942000000 0.000000000000 0.000000000000 0.000000000000 0.000000000000 0.000000000000 0.000000000000 0.000000000000 0.000000000000 0.000000000000 0.000000000000 0.000000000000 0.000000000000 0.000000000000 0.000000000000 0.000000000000 0.000042520000 0.000000000000 0.000000000000 0.000000000000 0.000000000000 0.000000000000 0.000000000000 0.000000000000 0.000077575000 0.000000000000 0.000000000000 0.000000000000 0.000122760000 0.000000000000 0.000510890000 0.000803400000 0.094969000000 0.000000000000 0.000000000000 0.000000000000 0.000000000000 0.000000000000 0.000000000000 0.000000000518 0.000677420000 0.000000000000 0.000000000547 0.000000000016 0.000956000000 0.000000000828 0.002710000000 0.007010800000 0.219560000000 0.000000000000 0.000003543700 0.000007309100 0.010226000000 0.000035599000 0.021821000000 0.049797000000 0.426750000000 0.002721200000 0.098932000000 0.174840000000 0.639520000000 0.310330000000 0.754190000000 0.757710000000 0.965880000000 0.000000000000 0.000000000000 0.000000000000 0.000000000000 0.000000000000 0.000000000000 0.000000000000 0.000000000411 0.000000000000 0.000000000000 0.000000000000 0.000000006437 0.000000000000 0.000000003464 0.000000094841 0.004340900000 0.000000000000 0.000000000000 0.000000000000 0.000000005208 0.000000000000 0.000000063477 0.000008756700 0.010120000000 0.000000000000 0.000002500800 0.000021068000 0.024564000000 0.000284730000 0.050420000000 0.103740000000 0.542620000000 0.000000000000 0.000000000000 0.000000000000 0.000031299000 0.000000000000 0.000137560000 0.000635620000 0.056843000000 0.000000019180 0.001031500000 0.003420000000 0.115810000000 0.012169000000 0.213160000000 0.324290000000 0.769870000000 0.000127780000 0.016893000000 0.034058000000 0.326110000000 0.095764000000 0.465600000000 0.534750000000 0.887810000000 0.194910000000 0.599970000000 0.626260000000 0.921760000000 0.614780000000 0.923850000000 0.890760000000 0.992400000000 0.000000000000 0.000000024428 0.000011147000 0.015612000000 0.000209590000 0.027165000000 0.058444000000 0.394270000000 0.002974100000 0.096250000000 0.167730000000 0.570960000000 0.253020000000 0.669240000000 0.681010000000 0.944100000000 0.034318000000 0.265510000000 0.336500000000 0.739950000000 0.382360000000 0.768780000000 0.755610000000 0.962820000000 0.389050000000 0.774410000000 0.760070000000 0.962660000000 0.710980000000 0.960450000000 0.916460000000 0.996220000000 0.123400000000 0.425110000000 0.431990000000 0.822850000000 0.428410000000 0.810910000000 0.789890000000 0.971020000000 0.414910000000 0.807030000000 0.782920000000 0.968310000000 0.726900000000 0.965440000000 0.918830000000 0.996480000000 0.373990000000 0.773860000000 0.760960000000 0.964200000000 0.730180000000 0.966680000000 0.919050000000 0.996320000000 0.642480000000 0.945060000000 0.920540000000 0.996820000000 0.836510000000 0.996760000000 0.947400000000 0.999770000000 

0.000000000000 0.000000000000 0.000000000000 0.000000000000 0.000000000000 0.000000000000 0.000000000000 0.000000000000 0.000000000000 0.000000000000 0.000000000000 0.000000000000 0.000000000000 0.000000000000 0.000000000000 0.000000000000 0.000000000000 0.000000000000 0.000000000000 0.000000000000 0.000000000000 0.000000000000 0.000000000000 0.000000000000 0.000000000000 0.000000000000 0.000000000000 0.000000000000 0.000000000000 0.000000000000 0.000000000000 0.000000023119 0.000000000000 0.000000000000 0.000000000000 0.000000000000 0.000000000000 0.000000000000 0.000000000000 0.000000000000 0.000000000000 0.000000000000 0.000000000000 0.000000000000 0.000000000000 0.000000000000 0.000000000000 0.000000814890 0.000000000000 0.000000000000 0.000000000000 0.000000000000 0.000000000000 0.000000000000 0.000000000000 0.000006909000 0.000000000000 0.000000000000 0.000000000000 0.000429180000 0.000000000000 0.000011749000 0.000429420000 0.088468000000 0.000000000000 0.000000000000 0.000000000000 0.000000000000 0.000000000000 0.000000000000 0.000000000000 0.000000000000 0.000000000000 0.000000000000 0.000000000000 0.000000000000 0.000000000000 0.000000000000 0.000000000000 0.000041730000 0.000000000000 0.000000000000 0.000000000000 0.000000000000 0.000000000000 0.000000000000 0.000000000000 0.000075703000 0.000000000000 0.000000000000 0.000000000000 0.000104710000 0.000000000000 0.001430500000 0.001375300000 0.201300000000 0.000000000000 0.000000000000 0.000000000000 0.000000000000 0.000000000000 0.000000000000 0.000000000152 0.001803900000 0.000000000000 0.000000000165 0.000000000004 0.002179400000 0.000000000246 0.004750600000 0.017510000000 0.404970000000 0.000000000000 0.000002729000 0.000006132300 0.022682000000 0.000040157000 0.048639000000 0.107120000000 0.688040000000 0.007706600000 0.209910000000 0.351980000000 0.890510000000 0.635610000000 0.964790000000 0.979180000000 0.992010000000 0.000000000000 0.000000000000 0.000000000000 0.000000000000 0.000000000000 0.000000000000 0.000000000000 0.000000000116 0.000000000000 0.000000000000 0.000000000000 0.000000002342 0.000000000000 0.000000001100 0.000000039292 0.011746000000 0.000000000000 0.000000000000 0.000000000000 0.000000001707 0.000000000000 0.000000025501 0.000008225200 0.023531000000 0.000000000000 0.000001540900 0.000018472000 0.061002000000 0.000383450000 0.114110000000 0.219120000000 0.812850000000 0.000000000000 0.000000000000 0.000000000000 0.000022631000 0.000000000000 0.000356070000 0.001398800000 0.126540000000 0.000000007657 0.002751200000 0.007585900000 0.252750000000 0.033149000000 0.428880000000 0.619280000000 0.960130000000 0.000165520000 0.044209000000 0.091666000000 0.616000000000 0.240210000000 0.801300000000 0.883290000000 0.989200000000 0.528230000000 0.933450000000 0.966480000000 0.992240000000 0.981980000000 0.992040000000 0.991850000000 0.992240000000 0.000000000000 0.000000009149 0.000009314200 0.048442000000 0.000902430000 0.072574000000 0.158050000000 0.727600000000 0.009839500000 0.244020000000 0.421220000000 0.891860000000 0.646130000000 0.959580000000 0.979080000000 0.992200000000 0.108900000000 0.638150000000 0.789270000000 0.981740000000 0.902200000000 0.988640000000 0.990460000000 0.992320000000 0.953520000000 0.991280000000 0.991900000000 0.992250000000 0.992390000000 0.992150000000 0.991930000000 0.992180000000 0.511260000000 0.924930000000 0.965290000000 0.991320000000 0.981390000000 0.992640000000 0.990810000000 0.992340000000 0.988110000000 0.991130000000 0.992590000000 0.992090000000 0.991760000000 0.992070000000 0.992060000000 0.992200000000 0.988960000000 0.991440000000 0.992350000000 0.992240000000 0.992490000000 0.992230000000 0.992110000000 0.992190000000 0.991770000000 0.992290000000 0.992110000000 0.992150000000 0.992270000000 0.992180000000 0.992120000000 0.992190000000 

N_obs: 2000

File Format:
1- most to least reliable channels (taken entropies)
2- most to least reliable channels (taken error probabilities)
3- channels entropies (flipped)
4- channels error probabilities (flipped)
5- number of MontCarlo simulations
