255 254 253 252 251 250 249 247 246 245 243 239 238 237 235 223 191 231 221 222 219 215 242 244 248 241 236 234 230 233 229 190 189 220 218 227 207 217 187 127 214 240 213 232 183 211 228 188 206 226 186 126 205 175 216 125 185 225 203 212 159 123 63 182 95 119 111 199 181 210 31 179 143 47 174 79 209 55 167 173 151 204 59 124 171 61 87 155 103 157 91 158 62 15 93 107 122 121 115 117 109 94 184 118 110 202 224 201 23 135 39 71 195 198 197 27 30 29 7 180 139 51 163 43 147 75 83 177 99 178 141 45 142 77 46 165 53 57 78 169 149 153 54 166 58 85 89 172 101 150 170 19 35 11 131 105 67 154 208 60 86 113 102 156 3 90 92 106 114 14 13 120 108 116 193 25 37 21 49 137 145 133 41 161 69 73 200 81 97 196 194 28 17 33 9 5 22 65 129 38 134 70 1 26 176 140 6 44 162 138 50 76 146 52 164 42 56 148 74 168 82 152 84 98 100 88 104 112 12 192 24 18 34 36 136 10 20 40 144 48 130 66 72 132 68 160 80 96 16 8 32 2 4 64 128 0 

255 254 253 252 251 250 249 247 246 245 243 239 238 237 235 223 191 231 221 222 219 215 242 244 248 241 236 230 229 233 190 234 189 220 218 227 207 217 187 214 127 240 213 232 183 228 211 206 188 226 205 216 186 225 126 175 185 212 203 125 182 210 181 199 209 159 123 204 179 174 224 184 202 119 124 173 201 111 180 171 198 208 158 122 95 197 121 167 63 195 178 177 155 157 151 118 29 107 172 75 79 143 200 7 85 93 141 39 30 55 147 117 142 94 46 19 169 193 135 5 163 13 89 137 83 45 21 90 138 35 91 57 54 116 70 92 97 82 150 42 98 53 168 194 106 37 56 73 84 69 129 161 164 6 140 12 44 11 134 132 14 120 18 38 17 48 66 16 74 36 2 176 8 10 4 32 88 192 130 20 80 24 52 0 68 128 152 64 1 196 96 67 50 160 136 104 34 65 72 144 113 33 9 22 40 41 3 112 60 100 148 162 101 86 99 76 109 102 26 145 62 108 146 47 15 51 28 78 133 25 156 165 154 170 153 58 131 139 81 105 49 166 43 103 23 27 87 115 114 110 61 59 77 71 149 31 

0.000000000000 0.000000000000 0.000000000000 0.000000000000 0.000000000000 0.000000000000 0.000000000000 0.000000009224 0.000000000000 0.000000000000 0.000000000000 0.000000008930 0.000000000000 0.000000007694 0.000000098762 0.005906100000 0.000000000000 0.000000000000 0.000000000000 0.000000761350 0.000000000000 0.000018942000 0.000041542000 0.014613000000 0.000000000000 0.000024440000 0.000062542000 0.031742000000 0.000582940000 0.071710000000 0.136230000000 0.620080000000 0.000000000000 0.000000000021 0.000000000000 0.000271250000 0.000000000047 0.000313340000 0.001235000000 0.089460000000 0.000000003759 0.003474800000 0.006458700000 0.175510000000 0.027372000000 0.315200000000 0.428390000000 0.840430000000 0.000604650000 0.036621000000 0.073355000000 0.445490000000 0.165430000000 0.593520000000 0.634510000000 0.926180000000 0.277910000000 0.690650000000 0.692730000000 0.943680000000 0.661200000000 0.943800000000 0.904530000000 0.994690000000 0.000000000000 0.000081786000 0.000191210000 0.035012000000 0.001466300000 0.072122000000 0.135540000000 0.558080000000 0.015531000000 0.212920000000 0.291840000000 0.720010000000 0.369030000000 0.773400000000 0.761580000000 0.965680000000 0.087352000000 0.409210000000 0.440730000000 0.830260000000 0.456430000000 0.831250000000 0.804310000000 0.974630000000 0.438170000000 0.820060000000 0.797600000000 0.972440000000 0.744560000000 0.970650000000 0.924150000000 0.997310000000 0.184780000000 0.496220000000 0.488050000000 0.853740000000 0.467750000000 0.839240000000 0.812280000000 0.976100000000 0.444390000000 0.831200000000 0.808800000000 0.974150000000 0.750050000000 0.971760000000 0.923190000000 0.997020000000 0.394760000000 0.783310000000 0.777900000000 0.968750000000 0.742040000000 0.970830000000 0.923050000000 0.996830000000 0.650440000000 0.949400000000 0.923270000000 0.997150000000 0.837750000000 0.997060000000 0.947650000000 0.999790000000 0.002212100000 0.073271000000 0.128520000000 0.449710000000 0.188780000000 0.517440000000 0.522380000000 0.882000000000 0.230580000000 0.562170000000 0.534470000000 0.883960000000 0.526040000000 0.874800000000 0.847480000000 0.984330000000 0.239050000000 0.569780000000 0.538100000000 0.882040000000 0.513850000000 0.873550000000 0.838150000000 0.981460000000 0.475130000000 0.851890000000 0.831140000000 0.979450000000 0.767270000000 0.978150000000 0.930140000000 0.998060000000 0.228370000000 0.545100000000 0.511180000000 0.871240000000 0.493880000000 0.861450000000 0.830080000000 0.980240000000 0.467610000000 0.846040000000 0.825640000000 0.978090000000 0.759740000000 0.975410000000 0.926280000000 0.997490000000 0.411580000000 0.800590000000 0.791240000000 0.971450000000 0.754220000000 0.974180000000 0.925020000000 0.997120000000 0.653090000000 0.950290000000 0.924500000000 0.997240000000 0.838690000000 0.997100000000 0.947560000000 0.999780000000 0.202250000000 0.498510000000 0.466880000000 0.841730000000 0.447620000000 0.825260000000 0.799890000000 0.973470000000 0.428560000000 0.817440000000 0.798590000000 0.971970000000 0.742200000000 0.970880000000 0.922520000000 0.997020000000 0.401220000000 0.794220000000 0.783000000000 0.970330000000 0.747370000000 0.972440000000 0.923430000000 0.996900000000 0.651190000000 0.947990000000 0.921680000000 0.996820000000 0.835890000000 0.996550000000 0.946720000000 0.999720000000 0.320380000000 0.700110000000 0.700140000000 0.944940000000 0.697440000000 0.957440000000 0.913790000000 0.995850000000 0.647480000000 0.947290000000 0.922260000000 0.996900000000 0.835730000000 0.996500000000 0.946360000000 0.999670000000 0.504130000000 0.875470000000 0.880050000000 0.994510000000 0.836860000000 0.996840000000 0.946820000000 0.999690000000 0.715010000000 0.970290000000 0.947110000000 0.999740000000 0.855760000000 0.999730000000 0.952630000000 0.999980000000 

0.000000000000 0.000000000000 0.000000000000 0.000000000000 0.000000000000 0.000000000000 0.000000000000 0.000000003408 0.000000000000 0.000000000000 0.000000000000 0.000000003183 0.000000000000 0.000000002559 0.000000046041 0.017446000000 0.000000000000 0.000000000000 0.000000000000 0.000000396170 0.000000000000 0.000492660000 0.000067561000 0.033595000000 0.000000000000 0.000019605000 0.000057171000 0.071613000000 0.001532300000 0.152520000000 0.273930000000 0.863400000000 0.000000000000 0.000000000005 0.000000000000 0.000936240000 0.000000000012 0.001452400000 0.002938900000 0.190610000000 0.000000001154 0.008495800000 0.018197000000 0.351070000000 0.073596000000 0.568790000000 0.738000000000 0.977090000000 0.002649700000 0.092262000000 0.172140000000 0.744610000000 0.397140000000 0.892400000000 0.951110000000 0.991250000000 0.711200000000 0.971410000000 0.982300000000 0.992200000000 0.986710000000 0.992070000000 0.991860000000 0.992180000000 0.000000000000 0.000096599000 0.000740130000 0.098278000000 0.004208900000 0.191930000000 0.338310000000 0.875070000000 0.053999000000 0.493080000000 0.668290000000 0.968600000000 0.850160000000 0.987230000000 0.987840000000 0.992170000000 0.318500000000 0.853330000000 0.929980000000 0.991030000000 0.969520000000 0.992530000000 0.991820000000 0.992060000000 0.985500000000 0.992620000000 0.992440000000 0.992090000000 0.991890000000 0.992270000000 0.992090000000 0.992210000000 0.741900000000 0.978610000000 0.989150000000 0.992430000000 0.988940000000 0.992500000000 0.992530000000 0.992190000000 0.989790000000 0.992050000000 0.993020000000 0.992260000000 0.991710000000 0.992350000000 0.992340000000 0.992230000000 0.991210000000 0.991750000000 0.991580000000 0.992110000000 0.992570000000 0.991970000000 0.991940000000 0.992210000000 0.991870000000 0.992130000000 0.992420000000 0.992140000000 0.992570000000 0.992180000000 0.992090000000 0.992190000000 0.009618000000 0.304750000000 0.480100000000 0.927740000000 0.743940000000 0.978740000000 0.984180000000 0.992150000000 0.909730000000 0.989860000000 0.991720000000 0.992030000000 0.992890000000 0.992910000000 0.992230000000 0.992250000000 0.964590000000 0.992920000000 0.992320000000 0.992340000000 0.990890000000 0.992070000000 0.992610000000 0.992220000000 0.992650000000 0.992320000000 0.992300000000 0.992260000000 0.992310000000 0.992060000000 0.992040000000 0.992200000000 0.981690000000 0.991750000000 0.991570000000 0.992040000000 0.992020000000 0.991960000000 0.991930000000 0.992180000000 0.992800000000 0.992310000000 0.991520000000 0.992080000000 0.991950000000 0.992040000000 0.992600000000 0.992180000000 0.991200000000 0.992400000000 0.993000000000 0.992310000000 0.991200000000 0.992170000000 0.992080000000 0.992230000000 0.993010000000 0.992040000000 0.992090000000 0.992190000000 0.992200000000 0.992170000000 0.992230000000 0.992190000000 0.985780000000 0.992340000000 0.992960000000 0.992260000000 0.992990000000 0.992550000000 0.992020000000 0.992080000000 0.991690000000 0.992020000000 0.992060000000 0.992190000000 0.992390000000 0.992210000000 0.992620000000 0.992160000000 0.992350000000 0.991790000000 0.991950000000 0.992120000000 0.992630000000 0.992050000000 0.992240000000 0.992240000000 0.991630000000 0.992160000000 0.992080000000 0.992170000000 0.992000000000 0.992220000000 0.992230000000 0.992180000000 0.993140000000 0.991680000000 0.990530000000 0.992400000000 0.992780000000 0.992330000000 0.992420000000 0.992180000000 0.992690000000 0.992240000000 0.991960000000 0.992180000000 0.991800000000 0.992150000000 0.992160000000 0.992170000000 0.992380000000 0.992150000000 0.991910000000 0.992110000000 0.992120000000 0.992180000000 0.992240000000 0.992180000000 0.991440000000 0.992110000000 0.991870000000 0.992180000000 0.992250000000 0.992170000000 0.992190000000 0.992190000000 

N_obs: 2000

File Format:
1- most to least reliable channels (taken entropies)
2- most to least reliable channels (taken error probabilities)
3- channels entropies (flipped)
4- channels error probabilities (flipped)
5- number of MontCarlo simulations
