255 254 253 251 247 252 239 250 249 246 245 243 223 238 237 248 235 244 242 222 191 231 241 221 236 127 219 234 63 95 159 215 111 207 119 190 175 123 183 125 189 233 187 31 126 230 47 79 143 229 55 220 59 15 227 61 62 87 240 103 199 151 167 91 155 218 93 115 217 211 203 157 107 158 94 109 171 205 213 179 117 110 206 214 121 23 173 118 39 71 135 174 181 122 185 7 182 186 29 124 188 27 30 232 51 43 75 99 83 139 147 195 163 57 45 46 77 35 19 11 67 78 131 142 141 53 225 3 228 58 54 60 89 101 153 226 197 105 85 209 201 13 14 149 113 165 169 177 102 198 86 150 166 92 90 156 154 216 210 114 106 202 25 212 204 108 116 49 37 21 41 69 73 81 170 97 145 133 137 161 193 172 178 120 180 17 33 9 5 65 129 184 1 28 22 38 70 134 6 26 56 44 50 52 76 224 140 42 74 82 98 88 146 100 194 138 152 104 84 196 200 162 148 208 112 164 168 176 12 24 48 18 34 36 40 10 20 66 72 68 80 136 144 96 132 130 160 192 16 8 32 2 4 64 128 0 

255 254 253 251 247 252 239 250 249 246 245 243 223 238 237 248 235 244 242 222 231 241 236 191 221 234 219 233 230 240 215 190 220 127 229 189 207 227 218 232 187 217 183 214 175 126 211 213 228 125 63 123 155 159 206 122 182 173 199 39 79 109 119 11 121 111 86 203 131 78 226 110 158 113 171 188 114 92 25 43 108 62 216 21 90 89 179 129 46 60 19 205 210 75 3 51 224 50 202 177 138 212 120 145 117 99 141 9 208 196 52 22 166 38 81 176 201 151 142 180 80 96 94 72 170 152 162 13 88 192 69 44 184 76 104 48 130 116 12 64 160 164 98 148 16 144 136 225 67 0 132 2 8 118 58 4 32 66 68 161 82 40 34 112 18 172 128 41 168 24 20 74 10 154 26 36 42 65 200 146 137 140 1 133 56 194 178 84 100 165 57 102 204 101 174 30 115 54 17 193 6 91 70 35 153 83 49 85 37 28 150 105 97 169 7 134 15 14 33 198 93 185 124 73 59 5 149 106 209 53 147 77 197 195 181 107 45 139 167 186 157 55 156 163 71 29 27 87 103 135 47 31 61 23 143 95 

0.000000000000 0.000000000000 0.000000000000 0.000000004691 0.000000000000 0.000000020451 0.000000039378 0.008639800000 0.000000000000 0.000002080900 0.000021568000 0.023448000000 0.000346800000 0.055546000000 0.112430000000 0.561210000000 0.000000008161 0.002239600000 0.004359800000 0.128220000000 0.017646000000 0.230980000000 0.342750000000 0.776080000000 0.081852000000 0.429460000000 0.502670000000 0.868870000000 0.525220000000 0.883450000000 0.853910000000 0.986070000000 0.001722800000 0.067516000000 0.124880000000 0.507700000000 0.223120000000 0.613070000000 0.621650000000 0.923090000000 0.286770000000 0.674890000000 0.652650000000 0.930480000000 0.621690000000 0.926880000000 0.887280000000 0.991440000000 0.301760000000 0.671770000000 0.652600000000 0.931430000000 0.625740000000 0.928330000000 0.887350000000 0.990890000000 0.567300000000 0.909900000000 0.884960000000 0.990790000000 0.810830000000 0.990370000000 0.940690000000 0.999260000000 0.070356000000 0.317360000000 0.340430000000 0.737120000000 0.346310000000 0.732880000000 0.710120000000 0.952300000000 0.336770000000 0.723530000000 0.698980000000 0.945520000000 0.659690000000 0.941560000000 0.899270000000 0.993530000000 0.319590000000 0.697930000000 0.683340000000 0.941070000000 0.652190000000 0.939090000000 0.895420000000 0.992340000000 0.582210000000 0.916690000000 0.891910000000 0.991770000000 0.813740000000 0.991170000000 0.940690000000 0.999240000000 0.283740000000 0.642030000000 0.628700000000 0.919710000000 0.612720000000 0.923090000000 0.883400000000 0.990450000000 0.572380000000 0.912970000000 0.888660000000 0.991310000000 0.810750000000 0.990090000000 0.939330000000 0.999050000000 0.466880000000 0.851810000000 0.851830000000 0.986750000000 0.809070000000 0.990390000000 0.939590000000 0.999030000000 0.695940000000 0.965030000000 0.939550000000 0.999120000000 0.850700000000 0.999120000000 0.950980000000 0.999940000000 0.141090000000 0.367580000000 0.337270000000 0.736050000000 0.319710000000 0.699100000000 0.681570000000 0.945250000000 0.314060000000 0.686150000000 0.660640000000 0.933480000000 0.620950000000 0.927080000000 0.888690000000 0.991720000000 0.297710000000 0.670320000000 0.650430000000 0.932010000000 0.629220000000 0.927930000000 0.885830000000 0.990700000000 0.563060000000 0.906330000000 0.882810000000 0.990220000000 0.807970000000 0.989520000000 0.939310000000 0.999110000000 0.278980000000 0.642130000000 0.614960000000 0.918790000000 0.599790000000 0.919040000000 0.881220000000 0.989990000000 0.558910000000 0.910380000000 0.886170000000 0.990740000000 0.807980000000 0.989330000000 0.938670000000 0.998980000000 0.460240000000 0.849390000000 0.846090000000 0.985430000000 0.805470000000 0.989180000000 0.937990000000 0.998870000000 0.690450000000 0.963460000000 0.937670000000 0.998900000000 0.848920000000 0.998840000000 0.950160000000 0.999910000000 0.231440000000 0.558080000000 0.527240000000 0.879490000000 0.512460000000 0.869640000000 0.837860000000 0.981600000000 0.502950000000 0.874130000000 0.853700000000 0.984640000000 0.787660000000 0.984520000000 0.934550000000 0.998570000000 0.453770000000 0.845250000000 0.841230000000 0.984180000000 0.801550000000 0.987950000000 0.936970000000 0.998720000000 0.687000000000 0.962820000000 0.936530000000 0.998710000000 0.846930000000 0.998620000000 0.949740000000 0.999880000000 0.349510000000 0.744610000000 0.734750000000 0.955480000000 0.737480000000 0.973700000000 0.930160000000 0.998220000000 0.683200000000 0.962180000000 0.936720000000 0.998780000000 0.847260000000 0.998620000000 0.949520000000 0.999870000000 0.522190000000 0.888260000000 0.887380000000 0.997660000000 0.847970000000 0.998740000000 0.949870000000 0.999880000000 0.722450000000 0.971650000000 0.950120000000 0.999900000000 0.858490000000 0.999890000000 0.953180000000 0.999990000000 

0.000000000000 0.000000000000 0.000000000000 0.000000001440 0.000000000000 0.000000007448 0.000000013921 0.021865000000 0.000000000000 0.000001050900 0.000022532000 0.054705000000 0.000990940000 0.128410000000 0.246110000000 0.833890000000 0.000000002612 0.007240800000 0.010562000000 0.290990000000 0.048267000000 0.481460000000 0.654930000000 0.965850000000 0.233560000000 0.791720000000 0.896890000000 0.990260000000 0.953630000000 0.991690000000 0.992190000000 0.992060000000 0.006834100000 0.204370000000 0.347750000000 0.865350000000 0.608510000000 0.954720000000 0.975310000000 0.991900000000 0.842610000000 0.985590000000 0.989670000000 0.992080000000 0.989480000000 0.992030000000 0.992480000000 0.992120000000 0.940460000000 0.991040000000 0.992030000000 0.992240000000 0.991620000000 0.992070000000 0.992140000000 0.992220000000 0.991320000000 0.992400000000 0.992520000000 0.992120000000 0.992610000000 0.992230000000 0.992270000000 0.992170000000 0.337430000000 0.863410000000 0.938830000000 0.991820000000 0.974930000000 0.992720000000 0.992430000000 0.992170000000 0.984590000000 0.991210000000 0.992640000000 0.992150000000 0.992010000000 0.992230000000 0.992070000000 0.992140000000 0.987840000000 0.992250000000 0.991210000000 0.992200000000 0.991800000000 0.992160000000 0.992350000000 0.992200000000 0.992690000000 0.992120000000 0.992240000000 0.992180000000 0.992790000000 0.992160000000 0.992190000000 0.992180000000 0.990940000000 0.991750000000 0.992730000000 0.992780000000 0.990730000000 0.992210000000 0.992300000000 0.992160000000 0.992140000000 0.992330000000 0.992460000000 0.992180000000 0.992510000000 0.992220000000 0.992090000000 0.992190000000 0.993760000000 0.992150000000 0.992110000000 0.992220000000 0.992660000000 0.992070000000 0.992220000000 0.992190000000 0.993120000000 0.992390000000 0.992220000000 0.992190000000 0.991650000000 0.992180000000 0.992020000000 0.992200000000 0.873710000000 0.988490000000 0.990320000000 0.992440000000 0.990640000000 0.991140000000 0.991560000000 0.992080000000 0.991560000000 0.992190000000 0.992100000000 0.992180000000 0.992250000000 0.991830000000 0.991780000000 0.992190000000 0.991580000000 0.991720000000 0.991490000000 0.991890000000 0.992650000000 0.992460000000 0.992330000000 0.992180000000 0.993120000000 0.992240000000 0.992240000000 0.992230000000 0.992110000000 0.992180000000 0.992340000000 0.992150000000 0.993830000000 0.992150000000 0.992430000000 0.991840000000 0.992280000000 0.991960000000 0.991990000000 0.992160000000 0.992930000000 0.991600000000 0.992310000000 0.992230000000 0.992300000000 0.992190000000 0.992130000000 0.992150000000 0.991390000000 0.991680000000 0.992510000000 0.992180000000 0.992050000000 0.992200000000 0.992440000000 0.992150000000 0.992810000000 0.992290000000 0.992170000000 0.992190000000 0.992190000000 0.992190000000 0.992220000000 0.992180000000 0.990630000000 0.991890000000 0.993360000000 0.992020000000 0.992450000000 0.992190000000 0.992240000000 0.992230000000 0.992780000000 0.992250000000 0.992500000000 0.992120000000 0.992060000000 0.992060000000 0.992310000000 0.992180000000 0.993200000000 0.992020000000 0.992660000000 0.992170000000 0.991870000000 0.992220000000 0.992200000000 0.992190000000 0.991380000000 0.992130000000 0.992320000000 0.992210000000 0.992300000000 0.992190000000 0.992400000000 0.992190000000 0.993290000000 0.992250000000 0.992810000000 0.992330000000 0.992830000000 0.992210000000 0.991870000000 0.992200000000 0.993510000000 0.992120000000 0.991940000000 0.992200000000 0.992030000000 0.992190000000 0.992260000000 0.992180000000 0.992400000000 0.992400000000 0.992160000000 0.992180000000 0.991560000000 0.992210000000 0.992110000000 0.992190000000 0.992380000000 0.992270000000 0.992460000000 0.992190000000 0.992050000000 0.992190000000 0.992220000000 0.992190000000 

N_obs: 2000

File Format:
1- most to least reliable channels (taken entropies)
2- most to least reliable channels (taken error probabilities)
3- channels entropies (flipped)
4- channels error probabilities (flipped)
5- number of MontCarlo simulations
