255 254 253 251 247 239 250 252 245 249 246 223 243 238 237 235 248 244 242 222 231 191 241 221 236 234 219 127 233 215 63 190 159 95 230 207 189 119 111 123 175 187 183 125 31 220 126 229 240 47 227 79 143 218 55 59 61 15 217 199 103 62 87 151 167 211 91 155 203 93 213 107 214 115 157 205 94 171 109 158 179 117 206 232 110 173 118 121 181 23 122 185 188 71 39 174 135 182 186 7 124 29 27 30 51 43 228 75 83 195 147 99 139 163 225 57 45 46 77 226 78 35 141 19 11 142 67 53 131 3 58 54 60 197 209 89 201 153 101 85 149 105 165 113 13 14 169 216 177 198 102 86 150 166 210 92 90 212 154 156 202 204 106 114 108 25 116 170 49 37 21 41 178 172 69 73 81 145 133 137 97 193 161 180 120 184 17 33 9 5 65 129 1 28 22 38 70 134 6 26 224 56 44 50 52 76 140 42 74 82 194 146 98 196 200 88 138 208 100 84 152 162 148 104 164 168 112 176 12 24 34 48 18 40 36 20 10 66 72 68 80 136 144 130 132 96 192 160 16 32 8 2 4 64 128 0 

255 254 253 251 247 239 250 252 245 249 246 223 238 243 237 235 248 244 242 222 231 241 236 221 191 234 219 233 230 215 220 240 190 229 127 218 189 227 207 232 217 187 214 183 228 213 126 188 211 175 125 226 206 91 95 203 31 118 186 59 225 119 158 185 205 78 124 216 111 143 107 39 159 67 122 165 61 93 19 195 117 101 114 71 141 197 22 106 212 135 45 131 85 65 60 82 75 51 109 172 137 134 81 200 170 102 1 201 9 146 194 121 20 116 178 42 168 136 132 26 28 161 33 72 40 164 11 48 160 76 24 52 64 44 88 145 176 8 16 162 144 0 103 208 204 84 36 128 4 66 12 108 192 30 68 130 63 10 50 2 32 18 96 37 34 98 100 163 5 138 56 80 73 17 182 74 196 133 139 25 140 156 210 224 174 97 180 112 209 14 104 69 6 148 152 129 193 57 70 149 120 54 21 41 3 92 23 184 142 83 43 15 49 99 151 154 90 13 113 29 86 105 27 150 202 62 38 166 46 147 87 153 167 55 177 58 35 181 89 47 198 53 169 110 155 171 77 173 123 157 7 199 94 179 115 79 

0.000000000000 0.000000000000 0.000000000000 0.000000000710 0.000000000000 0.000000000349 0.000001845800 0.004301800000 0.000000000000 0.000003361200 0.000001313400 0.008970800000 0.000034742000 0.018976000000 0.043076000000 0.412500000000 0.000000000000 0.000044452000 0.000348770000 0.056410000000 0.001723900000 0.113030000000 0.196260000000 0.655560000000 0.026910000000 0.278230000000 0.377760000000 0.799990000000 0.450080000000 0.841030000000 0.819650000000 0.978950000000 0.000030205000 0.024467000000 0.048850000000 0.349460000000 0.118230000000 0.491850000000 0.545220000000 0.889970000000 0.223640000000 0.611810000000 0.610740000000 0.915300000000 0.590910000000 0.912020000000 0.875090000000 0.989240000000 0.278620000000 0.647200000000 0.626440000000 0.921890000000 0.605150000000 0.917680000000 0.876870000000 0.988960000000 0.549780000000 0.897940000000 0.875050000000 0.988770000000 0.803090000000 0.988540000000 0.938830000000 0.999090000000 0.037474000000 0.242210000000 0.294690000000 0.686130000000 0.317920000000 0.701760000000 0.685370000000 0.944780000000 0.321400000000 0.701330000000 0.679100000000 0.939980000000 0.641910000000 0.935790000000 0.893410000000 0.992510000000 0.314030000000 0.688220000000 0.665280000000 0.935820000000 0.634090000000 0.932780000000 0.889420000000 0.991060000000 0.568950000000 0.908610000000 0.884260000000 0.990440000000 0.807920000000 0.989580000000 0.939520000000 0.999120000000 0.275570000000 0.638510000000 0.613520000000 0.917590000000 0.600520000000 0.916910000000 0.878490000000 0.989420000000 0.562620000000 0.906110000000 0.881660000000 0.989860000000 0.804720000000 0.988600000000 0.938040000000 0.998910000000 0.465610000000 0.846900000000 0.846140000000 0.985310000000 0.805290000000 0.989160000000 0.938370000000 0.998910000000 0.690210000000 0.964140000000 0.938350000000 0.999000000000 0.849610000000 0.998980000000 0.950460000000 0.999930000000 0.133990000000 0.356480000000 0.325490000000 0.723330000000 0.307860000000 0.683570000000 0.672880000000 0.940990000000 0.296020000000 0.672560000000 0.647130000000 0.929870000000 0.612830000000 0.924920000000 0.885490000000 0.991170000000 0.298630000000 0.657870000000 0.638400000000 0.926280000000 0.611060000000 0.922330000000 0.881840000000 0.989860000000 0.550070000000 0.901840000000 0.878790000000 0.989350000000 0.804920000000 0.988720000000 0.938460000000 0.999020000000 0.276360000000 0.627410000000 0.606840000000 0.914060000000 0.594920000000 0.914370000000 0.875680000000 0.989050000000 0.555830000000 0.902990000000 0.879420000000 0.989410000000 0.802030000000 0.987830000000 0.937430000000 0.998830000000 0.458540000000 0.845470000000 0.840750000000 0.984030000000 0.800460000000 0.987630000000 0.936790000000 0.998710000000 0.687640000000 0.962420000000 0.936360000000 0.998750000000 0.847470000000 0.998700000000 0.949870000000 0.999900000000 0.231530000000 0.552510000000 0.513250000000 0.872660000000 0.511010000000 0.865950000000 0.833500000000 0.980450000000 0.498470000000 0.869230000000 0.849060000000 0.983420000000 0.784150000000 0.983290000000 0.933370000000 0.998440000000 0.448260000000 0.836040000000 0.835430000000 0.982810000000 0.795970000000 0.986550000000 0.935720000000 0.998570000000 0.687660000000 0.961460000000 0.935110000000 0.998580000000 0.845960000000 0.998420000000 0.949380000000 0.999870000000 0.343260000000 0.739500000000 0.728080000000 0.953880000000 0.734670000000 0.972430000000 0.928440000000 0.998040000000 0.679840000000 0.961240000000 0.935430000000 0.998620000000 0.846630000000 0.998460000000 0.949270000000 0.999860000000 0.519890000000 0.889120000000 0.887650000000 0.997410000000 0.846890000000 0.998630000000 0.949620000000 0.999870000000 0.722720000000 0.971430000000 0.949700000000 0.999890000000 0.858190000000 0.999880000000 0.953050000000 0.999990000000 

0.000000000000 0.000000000000 0.000000000000 0.000000000204 0.000000000000 0.000000000092 0.000001283300 0.013833000000 0.000000000000 0.000002532900 0.000000770820 0.022687000000 0.000048315000 0.044837000000 0.099656000000 0.697710000000 0.000000000000 0.000035550000 0.000803680000 0.140810000000 0.004209100000 0.251800000000 0.421640000000 0.907000000000 0.074386000000 0.562030000000 0.737340000000 0.977340000000 0.879830000000 0.989510000000 0.991350000000 0.992260000000 0.000025346000 0.073118000000 0.141870000000 0.695620000000 0.337010000000 0.864700000000 0.936040000000 0.991620000000 0.659850000000 0.969160000000 0.981070000000 0.992000000000 0.986990000000 0.992250000000 0.992270000000 0.992190000000 0.883530000000 0.989750000000 0.991490000000 0.992190000000 0.990840000000 0.992470000000 0.992130000000 0.992120000000 0.993210000000 0.992640000000 0.991980000000 0.992240000000 0.991920000000 0.992140000000 0.992300000000 0.992190000000 0.174850000000 0.729870000000 0.864820000000 0.985730000000 0.947150000000 0.991090000000 0.991430000000 0.992370000000 0.973980000000 0.992220000000 0.992590000000 0.992260000000 0.993540000000 0.992140000000 0.992580000000 0.992180000000 0.987320000000 0.992260000000 0.992980000000 0.992080000000 0.992870000000 0.992120000000 0.992710000000 0.992150000000 0.992560000000 0.992490000000 0.991880000000 0.992170000000 0.992210000000 0.992180000000 0.992160000000 0.992170000000 0.991810000000 0.991410000000 0.993130000000 0.992250000000 0.992820000000 0.992400000000 0.992550000000 0.992280000000 0.992390000000 0.992460000000 0.992310000000 0.992280000000 0.992510000000 0.992140000000 0.992180000000 0.992190000000 0.991730000000 0.992370000000 0.991980000000 0.992250000000 0.992240000000 0.992210000000 0.992080000000 0.992160000000 0.992010000000 0.992100000000 0.992240000000 0.992160000000 0.992030000000 0.992190000000 0.992290000000 0.992190000000 0.816850000000 0.983370000000 0.988930000000 0.991590000000 0.993000000000 0.991850000000 0.992140000000 0.992320000000 0.991380000000 0.990960000000 0.991930000000 0.992140000000 0.993700000000 0.991950000000 0.992410000000 0.992270000000 0.991690000000 0.992760000000 0.992070000000 0.992190000000 0.991770000000 0.991990000000 0.992440000000 0.992270000000 0.992190000000 0.992120000000 0.991950000000 0.992210000000 0.992390000000 0.992210000000 0.992260000000 0.992200000000 0.990540000000 0.993260000000 0.991910000000 0.992350000000 0.990520000000 0.992400000000 0.992600000000 0.992180000000 0.992530000000 0.992420000000 0.992030000000 0.992190000000 0.992370000000 0.992060000000 0.992100000000 0.992210000000 0.994200000000 0.991510000000 0.992930000000 0.992170000000 0.992070000000 0.992220000000 0.992220000000 0.992170000000 0.991960000000 0.992300000000 0.992270000000 0.992190000000 0.991820000000 0.992190000000 0.992050000000 0.992180000000 0.992200000000 0.992480000000 0.991890000000 0.992060000000 0.991250000000 0.992590000000 0.992300000000 0.992210000000 0.992580000000 0.992320000000 0.992650000000 0.992180000000 0.992070000000 0.992200000000 0.992390000000 0.992170000000 0.992620000000 0.992490000000 0.992020000000 0.992180000000 0.992380000000 0.992150000000 0.992330000000 0.992170000000 0.991790000000 0.992480000000 0.992200000000 0.992190000000 0.992590000000 0.992200000000 0.992170000000 0.992200000000 0.990920000000 0.992190000000 0.992410000000 0.992160000000 0.992460000000 0.992160000000 0.992250000000 0.992180000000 0.992360000000 0.991990000000 0.992330000000 0.992140000000 0.991910000000 0.992200000000 0.992220000000 0.992180000000 0.992380000000 0.992270000000 0.992410000000 0.992190000000 0.992170000000 0.992200000000 0.992130000000 0.992180000000 0.993160000000 0.992280000000 0.992210000000 0.992190000000 0.992350000000 0.992200000000 0.992120000000 0.992190000000 

N_obs: 2000

File Format:
1- most to least reliable channels (taken entropies)
2- most to least reliable channels (taken error probabilities)
3- channels entropies (flipped)
4- channels error probabilities (flipped)
5- number of MontCarlo simulations
