255 254 253 252 251 250 249 248 247 246 245 244 243 242 241 240 239 238 237 236 235 234 233 232 231 230 229 228 227 226 225 223 222 221 220 219 218 217 216 215 214 213 212 211 210 207 206 205 203 199 191 190 189 188 187 186 185 183 182 181 179 175 174 173 171 167 159 158 157 155 127 126 125 124 123 119 111 95 151 117 118 122 209 202 201 204 197 198 115 178 110 184 121 180 177 195 172 169 109 170 143 107 165 166 163 156 154 103 153 94 224 150 63 208 116 200 120 149 93 196 114 176 91 113 194 108 147 168 193 106 142 164 105 141 162 87 62 102 152 161 92 61 139 101 148 90 79 112 146 59 99 89 135 192 145 86 55 104 140 47 85 31 60 138 100 83 160 78 58 77 137 57 75 98 88 71 134 54 53 97 51 45 43 133 39 46 30 29 144 27 23 131 15 84 82 81 76 136 74 73 56 70 69 67 52 50 49 42 96 44 41 38 132 37 26 28 35 25 22 21 19 130 14 13 129 11 7 80 72 68 66 65 36 40 48 20 34 18 24 17 33 12 10 9 6 128 5 3 64 16 8 32 4 2 1 0 

255 254 253 252 251 250 249 248 247 246 245 244 243 242 241 240 239 238 237 236 235 234 233 232 231 230 229 228 227 226 225 223 222 221 220 219 218 217 216 215 214 213 212 211 210 207 206 205 203 199 191 190 189 188 187 186 185 183 182 181 179 175 174 173 171 167 159 158 157 155 127 126 125 124 123 119 111 95 151 117 118 122 209 202 201 204 197 198 115 178 110 184 121 180 177 195 169 172 170 109 143 107 165 166 163 156 154 103 153 94 224 63 150 208 200 120 93 116 149 114 196 176 113 91 108 194 147 168 193 106 142 164 141 105 162 87 152 102 161 62 92 148 139 101 61 90 146 112 79 99 89 192 59 145 135 140 104 86 85 138 100 160 55 60 83 137 78 98 88 58 134 47 77 144 97 57 133 84 75 54 31 131 71 136 82 53 46 81 51 96 76 39 43 56 132 27 23 15 45 25 44 129 22 52 35 74 50 38 14 21 18 19 80 130 36 37 17 40 7 48 33 6 3 13 8 34 32 64 16 4 0 67 128 2 5 1 20 72 9 65 24 68 66 49 12 11 28 10 41 29 42 73 26 70 30 69 

0.000000000000 0.000000000000 0.000000000000 0.000000000000 0.000000000000 0.000000000000 0.000000000000 0.000000000000 0.000000000000 0.000000000000 0.000000000000 0.000000000000 0.000000000000 0.000000000000 0.000000000000 0.000000000000 0.000000000000 0.000000000000 0.000000000000 0.000000000000 0.000000000000 0.000000000000 0.000000000000 0.000000000000 0.000000000000 0.000000000000 0.000000000000 0.000000000000 0.000000000000 0.000000000000 0.000000000000 0.000023846000 0.000000000000 0.000000000000 0.000000000000 0.000000000000 0.000000000000 0.000000000000 0.000000000000 0.000000000000 0.000000000000 0.000000000000 0.000000000000 0.000000000000 0.000000000000 0.000000000000 0.000000000000 0.000067371000 0.000000000000 0.000000000000 0.000000000000 0.000000000000 0.000000000000 0.000000000000 0.000000000000 0.000084914000 0.000000000000 0.000000000000 0.000000000000 0.000314670000 0.000000000001 0.000824120000 0.001577600000 0.147640000000 0.000000000000 0.000000000000 0.000000000000 0.000000000000 0.000000000000 0.000000000000 0.000000000000 0.000000000000 0.000000000000 0.000000000000 0.000000000000 0.000000000000 0.000000000000 0.000000000000 0.000000000001 0.000433020000 0.000000000000 0.000000000000 0.000000000000 0.000000000002 0.000000000000 0.000000000003 0.000000000002 0.001394900000 0.000000000000 0.000000001792 0.000000000211 0.003026300000 0.000000007369 0.007764400000 0.020476000000 0.355410000000 0.000000000000 0.000000000000 0.000000000000 0.000000064474 0.000000000000 0.000000312310 0.000008054400 0.014873000000 0.000000000000 0.000033387000 0.000124290000 0.035355000000 0.001198500000 0.078779000000 0.161700000000 0.654210000000 0.000000000017 0.002981100000 0.005736700000 0.188200000000 0.033064000000 0.329680000000 0.444230000000 0.850620000000 0.130980000000 0.550000000000 0.622410000000 0.916960000000 0.670570000000 0.930560000000 0.941950000000 0.992210000000 0.000000000000 0.000000000000 0.000000000000 0.000000000000 0.000000000000 0.000000000000 0.000000000000 0.000103460000 0.000000000000 0.000000000000 0.000000000000 0.000084724000 0.000000000000 0.000324340000 0.000583420000 0.077491000000 0.000000000000 0.000000000000 0.000000000003 0.000841470000 0.000000000124 0.002192500000 0.005344700000 0.177920000000 0.000000730720 0.014714000000 0.033099000000 0.330580000000 0.100970000000 0.500080000000 0.583640000000 0.911230000000 0.000000000000 0.000015510000 0.000193460000 0.027192000000 0.000504340000 0.055128000000 0.110610000000 0.510250000000 0.009054000000 0.164780000000 0.254240000000 0.696870000000 0.349890000000 0.772720000000 0.793950000000 0.966330000000 0.063902000000 0.364370000000 0.435540000000 0.829670000000 0.485350000000 0.850810000000 0.859130000000 0.976850000000 0.515860000000 0.871310000000 0.875520000000 0.978070000000 0.890410000000 0.982040000000 0.984580000000 0.997950000000 0.000034625000 0.012759000000 0.032825000000 0.273620000000 0.085435000000 0.421450000000 0.479510000000 0.862510000000 0.177450000000 0.552870000000 0.570490000000 0.896840000000 0.584190000000 0.901580000000 0.911030000000 0.986500000000 0.237280000000 0.624990000000 0.613050000000 0.913400000000 0.621820000000 0.911040000000 0.914300000000 0.985850000000 0.622510000000 0.916330000000 0.917410000000 0.985230000000 0.925320000000 0.987330000000 0.988790000000 0.998450000000 0.255560000000 0.648840000000 0.650610000000 0.923910000000 0.656020000000 0.921740000000 0.926310000000 0.987860000000 0.661980000000 0.926860000000 0.927380000000 0.986630000000 0.929860000000 0.987640000000 0.988440000000 0.998250000000 0.690300000000 0.937700000000 0.940260000000 0.989130000000 0.943100000000 0.989810000000 0.990040000000 0.998340000000 0.950950000000 0.992150000000 0.992370000000 0.998670000000 0.993460000000 0.999030000000 0.999150000000 0.999890000000 

0.000000000000 0.000000000000 0.000000000000 0.000000000000 0.000000000000 0.000000000000 0.000000000000 0.000000000000 0.000000000000 0.000000000000 0.000000000000 0.000000000000 0.000000000000 0.000000000000 0.000000000000 0.000000000000 0.000000000000 0.000000000000 0.000000000000 0.000000000000 0.000000000000 0.000000000000 0.000000000000 0.000000000000 0.000000000000 0.000000000000 0.000000000000 0.000000000000 0.000000000000 0.000000000000 0.000000000000 0.000025094000 0.000000000000 0.000000000000 0.000000000000 0.000000000000 0.000000000000 0.000000000000 0.000000000000 0.000000000000 0.000000000000 0.000000000000 0.000000000000 0.000000000000 0.000000000000 0.000000000000 0.000000000000 0.000123470000 0.000000000000 0.000000000000 0.000000000000 0.000000000000 0.000000000000 0.000000000000 0.000000000000 0.000132610000 0.000000000000 0.000000000000 0.000000000000 0.000812390000 0.000000000000 0.002454100000 0.005419000000 0.326260000000 0.000000000000 0.000000000000 0.000000000000 0.000000000000 0.000000000000 0.000000000000 0.000000000000 0.000000000000 0.000000000000 0.000000000000 0.000000000000 0.000000000000 0.000000000000 0.000000000000 0.000000000000 0.001267200000 0.000000000000 0.000000000000 0.000000000000 0.000000000000 0.000000000000 0.000000000001 0.000000000000 0.004566500000 0.000000000000 0.000000000684 0.000000000060 0.009112400000 0.000000002586 0.019946000000 0.050096000000 0.646840000000 0.000000000000 0.000000000000 0.000000000000 0.000000030710 0.000000000000 0.000000173060 0.000008303200 0.042957000000 0.000000000000 0.000046288000 0.000550500000 0.083727000000 0.002701000000 0.177770000000 0.341430000000 0.910020000000 0.000000000004 0.007508900000 0.015608000000 0.390080000000 0.088240000000 0.616190000000 0.795270000000 0.987460000000 0.357440000000 0.889890000000 0.953600000000 0.995270000000 0.981410000000 0.996050000000 0.995870000000 0.996100000000 0.000000000000 0.000000000000 0.000000000000 0.000000000000 0.000000000000 0.000000000000 0.000000000000 0.000410660000 0.000000000000 0.000000000000 0.000000000000 0.000537010000 0.000000000000 0.000659540000 0.001859400000 0.197600000000 0.000000000000 0.000000000000 0.000000000001 0.002234900000 0.000000000038 0.007022800000 0.016975000000 0.405040000000 0.000000444290 0.044570000000 0.090244000000 0.637040000000 0.266620000000 0.828460000000 0.920920000000 0.994340000000 0.000000000000 0.000014250000 0.000498690000 0.080798000000 0.002186800000 0.155300000000 0.292470000000 0.843710000000 0.033433000000 0.419730000000 0.605120000000 0.957540000000 0.793700000000 0.987770000000 0.991830000000 0.996040000000 0.237800000000 0.812160000000 0.909030000000 0.994910000000 0.964080000000 0.995960000000 0.996220000000 0.996110000000 0.984570000000 0.996230000000 0.996410000000 0.996130000000 0.996100000000 0.996130000000 0.996120000000 0.996090000000 0.000039209000 0.059739000000 0.121200000000 0.671750000000 0.330070000000 0.863280000000 0.937590000000 0.995220000000 0.667990000000 0.966150000000 0.988680000000 0.995920000000 0.993740000000 0.995960000000 0.996130000000 0.996080000000 0.892350000000 0.991680000000 0.995750000000 0.995860000000 0.995200000000 0.996210000000 0.996190000000 0.996070000000 0.994930000000 0.995990000000 0.996060000000 0.996050000000 0.995950000000 0.996090000000 0.996080000000 0.996090000000 0.969620000000 0.996350000000 0.996200000000 0.996150000000 0.995420000000 0.996230000000 0.995840000000 0.996120000000 0.995690000000 0.995910000000 0.996000000000 0.996110000000 0.996020000000 0.996010000000 0.996070000000 0.996100000000 0.995700000000 0.996000000000 0.996090000000 0.996130000000 0.996140000000 0.996150000000 0.996120000000 0.996090000000 0.996070000000 0.996080000000 0.996110000000 0.996100000000 0.996080000000 0.996100000000 0.996110000000 0.996100000000 

N_obs: 2000

File Format:
1- most to least reliable channels (taken entropies)
2- most to least reliable channels (taken error probabilities)
3- channels entropies (flipped)
4- channels error probabilities (flipped)
5- number of MontCarlo simulations
