255 254 253 252 251 250 249 248 247 246 245 244 243 242 241 240 239 238 237 236 235 234 233 232 231 230 229 228 227 226 225 223 222 221 220 219 218 217 216 215 214 213 212 211 210 209 207 206 205 204 203 202 201 199 198 197 195 191 190 189 188 187 186 185 184 183 182 181 180 179 178 177 175 174 173 172 171 170 169 167 166 165 163 159 158 157 156 155 154 153 151 150 149 147 143 142 141 139 127 126 125 124 123 122 121 120 119 118 117 116 115 114 113 111 110 109 108 107 106 105 103 102 95 94 93 91 87 79 63 62 61 59 55 101 99 92 135 89 85 90 224 208 86 200 83 196 176 47 194 78 168 164 152 75 77 162 193 58 161 146 148 145 60 140 57 104 138 112 98 100 71 53 134 54 137 88 97 133 51 84 31 46 82 81 76 192 45 131 160 74 144 43 56 73 136 52 30 70 50 96 132 39 69 29 49 44 80 130 27 67 42 72 23 129 41 15 38 28 68 37 48 35 26 25 66 22 21 19 65 14 13 11 40 128 7 36 34 33 24 20 18 17 64 12 10 9 6 5 3 32 16 8 4 2 1 0 

255 254 253 252 251 250 249 248 247 246 245 244 243 242 241 240 239 238 237 236 235 234 233 232 231 230 229 228 227 226 225 223 222 221 220 219 218 217 216 215 214 213 212 211 210 209 207 206 205 204 203 202 201 199 198 197 195 191 190 189 188 187 186 185 184 183 182 181 180 179 178 177 175 174 173 172 171 170 169 167 166 165 163 159 158 157 156 155 154 153 151 150 149 147 143 142 141 139 127 126 125 124 123 122 121 120 119 118 117 116 115 114 113 111 110 109 108 107 106 105 103 102 95 94 93 91 87 79 63 62 61 59 55 101 99 92 135 89 85 90 224 208 86 200 83 196 176 47 194 78 168 164 152 77 75 162 193 58 161 146 148 145 60 140 104 57 138 112 98 100 71 134 53 54 137 97 133 88 84 51 31 46 82 81 76 192 45 131 160 74 144 43 73 56 136 52 70 30 50 132 96 69 39 29 49 44 80 130 67 42 27 72 129 41 38 68 23 28 48 37 66 15 26 35 128 25 40 65 22 21 36 19 13 14 34 11 33 10 24 64 6 3 5 18 7 20 12 4 8 32 1 0 2 16 17 9 

0.000000000000 0.000000000000 0.000000000000 0.000000000000 0.000000000000 0.000000000000 0.000000000000 0.000000000000 0.000000000000 0.000000000000 0.000000000000 0.000000000000 0.000000000000 0.000000000000 0.000000000000 0.000000000000 0.000000000000 0.000000000000 0.000000000000 0.000000000000 0.000000000000 0.000000000000 0.000000000000 0.000000000000 0.000000000000 0.000000000000 0.000000000000 0.000000000000 0.000000000000 0.000000000000 0.000000000000 0.000000000000 0.000000000000 0.000000000000 0.000000000000 0.000000000000 0.000000000000 0.000000000000 0.000000000000 0.000000000000 0.000000000000 0.000000000000 0.000000000000 0.000000000000 0.000000000000 0.000000000000 0.000000000000 0.000000000000 0.000000000000 0.000000000000 0.000000000000 0.000000000000 0.000000000000 0.000000000000 0.000000000000 0.000000000001 0.000000000000 0.000000000000 0.000000000000 0.000000000001 0.000000000000 0.000000000005 0.000000001487 0.001801300000 0.000000000000 0.000000000000 0.000000000000 0.000000000000 0.000000000000 0.000000000000 0.000000000000 0.000000000000 0.000000000000 0.000000000000 0.000000000000 0.000000000000 0.000000000000 0.000000000000 0.000000000000 0.000000000004 0.000000000000 0.000000000000 0.000000000000 0.000000000000 0.000000000000 0.000000000000 0.000000000000 0.000000000015 0.000000000000 0.000000000000 0.000000000000 0.000000000084 0.000000000000 0.000000001346 0.000000002266 0.003771400000 0.000000000000 0.000000000000 0.000000000000 0.000000000000 0.000000000000 0.000000000000 0.000000000000 0.000000000209 0.000000000000 0.000000000000 0.000000000000 0.000000031687 0.000000000000 0.000000029293 0.000000192830 0.008303800000 0.000000000000 0.000000000000 0.000000000000 0.000003619000 0.000000000000 0.000005490900 0.000075836000 0.020010000000 0.000000000000 0.000044553000 0.000182330000 0.056285000000 0.002857200000 0.141830000000 0.260160000000 0.762570000000 0.000000000000 0.000000000000 0.000000000000 0.000000000000 0.000000000000 0.000000000000 0.000000000000 0.000000000000 0.000000000000 0.000000000000 0.000000000000 0.000000000000 0.000000000000 0.000000000000 0.000000000000 0.000007806700 0.000000000000 0.000000000000 0.000000000000 0.000000000000 0.000000000000 0.000000000000 0.000000000000 0.000004096800 0.000000000000 0.000000000000 0.000000000000 0.000020619000 0.000000000000 0.000015365000 0.000150530000 0.052226000000 0.000000000000 0.000000000000 0.000000000000 0.000000000000 0.000000000000 0.000000000000 0.000000000000 0.000145510000 0.000000000000 0.000000000001 0.000000000000 0.000233370000 0.000000000001 0.000688840000 0.001316200000 0.119570000000 0.000000000000 0.000000000009 0.000000000902 0.001781700000 0.000000000901 0.005348600000 0.012335000000 0.251030000000 0.000035063000 0.032590000000 0.066095000000 0.461120000000 0.167710000000 0.629070000000 0.702290000000 0.946210000000 0.000000000000 0.000000000000 0.000000000000 0.000000216590 0.000000000000 0.000000002033 0.000004083500 0.010966000000 0.000000000000 0.000045927000 0.000041909000 0.021665000000 0.000215140000 0.045209000000 0.095783000000 0.528520000000 0.000000000005 0.000389560000 0.001816400000 0.100830000000 0.008336200000 0.192580000000 0.293740000000 0.748950000000 0.057699000000 0.374380000000 0.473630000000 0.855370000000 0.535690000000 0.883030000000 0.897590000000 0.985230000000 0.000285020000 0.031922000000 0.067479000000 0.408940000000 0.152490000000 0.551330000000 0.606110000000 0.915470000000 0.251850000000 0.663130000000 0.675310000000 0.931990000000 0.695650000000 0.937620000000 0.943540000000 0.991620000000 0.312030000000 0.720540000000 0.732030000000 0.947460000000 0.740920000000 0.948980000000 0.951390000000 0.992160000000 0.766930000000 0.956920000000 0.960200000000 0.993180000000 0.966580000000 0.994900000000 0.995690000000 0.999460000000 

0.000000000000 0.000000000000 0.000000000000 0.000000000000 0.000000000000 0.000000000000 0.000000000000 0.000000000000 0.000000000000 0.000000000000 0.000000000000 0.000000000000 0.000000000000 0.000000000000 0.000000000000 0.000000000000 0.000000000000 0.000000000000 0.000000000000 0.000000000000 0.000000000000 0.000000000000 0.000000000000 0.000000000000 0.000000000000 0.000000000000 0.000000000000 0.000000000000 0.000000000000 0.000000000000 0.000000000000 0.000000000000 0.000000000000 0.000000000000 0.000000000000 0.000000000000 0.000000000000 0.000000000000 0.000000000000 0.000000000000 0.000000000000 0.000000000000 0.000000000000 0.000000000000 0.000000000000 0.000000000000 0.000000000000 0.000000000000 0.000000000000 0.000000000000 0.000000000000 0.000000000000 0.000000000000 0.000000000000 0.000000000000 0.000000000000 0.000000000000 0.000000000000 0.000000000000 0.000000000000 0.000000000000 0.000000000001 0.000000000553 0.004907000000 0.000000000000 0.000000000000 0.000000000000 0.000000000000 0.000000000000 0.000000000000 0.000000000000 0.000000000000 0.000000000000 0.000000000000 0.000000000000 0.000000000000 0.000000000000 0.000000000000 0.000000000000 0.000000000001 0.000000000000 0.000000000000 0.000000000000 0.000000000000 0.000000000000 0.000000000000 0.000000000000 0.000000000004 0.000000000000 0.000000000000 0.000000000000 0.000000000024 0.000000000000 0.000000000469 0.000000000869 0.009482300000 0.000000000000 0.000000000000 0.000000000000 0.000000000000 0.000000000000 0.000000000000 0.000000000000 0.000000000064 0.000000000000 0.000000000000 0.000000000000 0.000000014015 0.000000000000 0.000000012595 0.000000109280 0.024146000000 0.000000000000 0.000000000000 0.000000000000 0.000002905000 0.000000000000 0.000004421300 0.000100960000 0.053383000000 0.000000000000 0.000060662000 0.000267160000 0.131270000000 0.007461700000 0.294310000000 0.501710000000 0.958370000000 0.000000000000 0.000000000000 0.000000000000 0.000000000000 0.000000000000 0.000000000000 0.000000000000 0.000000000000 0.000000000000 0.000000000000 0.000000000000 0.000000000000 0.000000000000 0.000000000000 0.000000000000 0.000007407300 0.000000000000 0.000000000000 0.000000000000 0.000000000000 0.000000000000 0.000000000000 0.000000000000 0.000003504800 0.000000000000 0.000000000000 0.000000000000 0.000027053000 0.000000000000 0.000015458000 0.000247020000 0.132750000000 0.000000000000 0.000000000000 0.000000000000 0.000000000000 0.000000000000 0.000000000000 0.000000000000 0.000271520000 0.000000000000 0.000000000000 0.000000000000 0.000282590000 0.000000000000 0.002758400000 0.002919100000 0.275900000000 0.000000000000 0.000000000002 0.000000000298 0.004748500000 0.000000000305 0.015095000000 0.031701000000 0.486670000000 0.000038019000 0.088954000000 0.160740000000 0.748540000000 0.401570000000 0.912720000000 0.967670000000 0.995920000000 0.000000000000 0.000000000000 0.000000000000 0.000000121630 0.000000000000 0.000000000669 0.000003603200 0.032220000000 0.000000000000 0.000091805000 0.000077608000 0.063098000000 0.000518810000 0.120600000000 0.237240000000 0.834990000000 0.000000000001 0.002566400000 0.007159700000 0.252050000000 0.024542000000 0.435860000000 0.619450000000 0.964140000000 0.177990000000 0.738000000000 0.868190000000 0.991530000000 0.947130000000 0.995420000000 0.995830000000 0.996090000000 0.000533410000 0.112200000000 0.206150000000 0.781540000000 0.451680000000 0.917870000000 0.963470000000 0.995880000000 0.764730000000 0.984150000000 0.987690000000 0.996060000000 0.992980000000 0.996050000000 0.996130000000 0.996120000000 0.914000000000 0.994620000000 0.994140000000 0.996060000000 0.995830000000 0.995870000000 0.996190000000 0.996080000000 0.996050000000 0.995930000000 0.996040000000 0.996070000000 0.996020000000 0.996110000000 0.996090000000 0.996100000000 

N_obs: 2000

File Format:
1- most to least reliable channels (taken entropies)
2- most to least reliable channels (taken error probabilities)
3- channels entropies (flipped)
4- channels error probabilities (flipped)
5- number of MontCarlo simulations
