255 253 254 251 247 252 250 239 249 246 245 243 223 238 237 248 244 235 191 127 222 63 231 242 221 159 95 111 119 123 207 219 241 125 175 215 31 183 236 187 189 126 190 47 79 143 55 234 59 15 61 62 233 103 87 151 199 167 227 91 230 115 93 229 155 157 107 94 158 203 109 211 117 171 179 110 23 71 39 205 135 121 220 118 217 213 206 173 122 7 218 174 181 214 29 185 27 30 124 182 186 240 188 51 43 75 99 83 139 147 195 163 57 35 11 19 67 46 131 45 78 77 3 141 142 53 58 60 54 225 13 14 89 101 105 113 153 85 201 149 197 165 232 209 169 177 102 86 150 226 198 92 228 90 166 156 25 114 154 106 49 108 116 37 21 41 69 73 81 97 145 137 133 161 193 202 204 210 120 17 33 212 9 5 65 172 129 170 178 216 1 180 28 184 22 38 70 134 6 26 56 44 52 50 76 140 42 74 98 82 88 100 104 224 152 146 112 138 84 162 194 200 196 148 164 168 208 176 12 24 48 18 34 10 36 40 20 72 66 68 80 136 144 96 130 132 160 192 16 8 32 2 4 64 128 0 

255 253 254 251 247 249 250 252 239 246 245 243 238 223 248 237 244 235 242 222 231 241 191 236 221 234 219 127 233 215 190 230 240 220 229 189 207 227 183 187 218 217 126 199 109 111 124 175 171 59 232 94 151 91 214 185 114 62 57 117 167 46 75 211 99 61 209 179 54 13 89 225 81 85 139 226 108 60 11 118 71 131 65 203 33 110 181 193 113 198 106 150 56 228 216 70 104 202 129 5 166 27 49 224 134 162 194 52 212 213 17 120 140 6 200 192 156 3 69 58 176 10 188 34 112 138 164 132 36 161 210 88 77 50 136 48 64 43 4 96 80 8 20 12 0 184 24 2 160 128 100 16 177 130 32 68 82 72 180 168 40 148 18 144 98 90 74 153 73 66 208 76 42 165 137 26 149 152 196 205 44 123 21 22 146 1 97 37 9 84 86 102 116 170 45 133 28 51 119 145 154 19 23 25 30 172 41 204 121 141 92 83 67 178 201 173 38 135 195 206 155 35 163 78 15 101 169 147 103 142 182 197 105 87 7 157 47 122 174 143 14 53 107 158 55 115 93 79 125 29 39 159 186 31 95 63 

0.000000000000 0.000000000000 0.000000000000 0.000160720000 0.000000000000 0.000165300000 0.000316930000 0.056550000000 0.000000006112 0.001962000000 0.002955800000 0.121090000000 0.015638000000 0.232040000000 0.336530000000 0.779460000000 0.000257830000 0.027169000000 0.052049000000 0.376830000000 0.126240000000 0.522210000000 0.566650000000 0.902150000000 0.230890000000 0.633250000000 0.637240000000 0.926250000000 0.615040000000 0.925230000000 0.887770000000 0.991980000000 0.024507000000 0.219920000000 0.290540000000 0.701110000000 0.336480000000 0.731110000000 0.713560000000 0.952850000000 0.348520000000 0.736760000000 0.717000000000 0.950510000000 0.673110000000 0.946170000000 0.903610000000 0.994160000000 0.336040000000 0.717280000000 0.698350000000 0.945840000000 0.668250000000 0.945140000000 0.899840000000 0.993020000000 0.596330000000 0.925420000000 0.900170000000 0.993270000000 0.820380000000 0.993000000000 0.942760000000 0.999440000000 0.139250000000 0.405260000000 0.384240000000 0.784990000000 0.384100000000 0.762290000000 0.744060000000 0.960670000000 0.369180000000 0.754860000000 0.733960000000 0.955410000000 0.688260000000 0.951720000000 0.907230000000 0.994750000000 0.347940000000 0.732940000000 0.717360000000 0.951010000000 0.686830000000 0.951380000000 0.904370000000 0.993760000000 0.603010000000 0.928560000000 0.901770000000 0.993660000000 0.820970000000 0.992990000000 0.942730000000 0.999410000000 0.292050000000 0.663160000000 0.646740000000 0.928830000000 0.639660000000 0.934840000000 0.894050000000 0.992290000000 0.594740000000 0.923570000000 0.900050000000 0.993310000000 0.819700000000 0.992430000000 0.941620000000 0.999260000000 0.483940000000 0.861190000000 0.860480000000 0.988920000000 0.818640000000 0.992550000000 0.941680000000 0.999250000000 0.699670000000 0.967230000000 0.941790000000 0.999340000000 0.851910000000 0.999310000000 0.951290000000 0.999950000000 0.151370000000 0.389820000000 0.342420000000 0.751850000000 0.335740000000 0.719490000000 0.699960000000 0.950120000000 0.324650000000 0.705030000000 0.679730000000 0.939010000000 0.636100000000 0.934650000000 0.893430000000 0.992460000000 0.318590000000 0.690470000000 0.672320000000 0.938250000000 0.647490000000 0.937290000000 0.893180000000 0.991930000000 0.580590000000 0.916530000000 0.891770000000 0.991790000000 0.814220000000 0.991280000000 0.940950000000 0.999270000000 0.293690000000 0.659040000000 0.636740000000 0.925900000000 0.625790000000 0.928350000000 0.889270000000 0.991530000000 0.589000000000 0.919350000000 0.896150000000 0.992580000000 0.815280000000 0.991300000000 0.940590000000 0.999160000000 0.475280000000 0.856560000000 0.857180000000 0.987730000000 0.813120000000 0.991050000000 0.940280000000 0.999080000000 0.695660000000 0.965580000000 0.940030000000 0.999140000000 0.850810000000 0.999090000000 0.950770000000 0.999930000000 0.228410000000 0.556180000000 0.533670000000 0.882910000000 0.523080000000 0.876110000000 0.843320000000 0.982470000000 0.521030000000 0.887600000000 0.866320000000 0.987140000000 0.797970000000 0.987410000000 0.937420000000 0.998890000000 0.468680000000 0.851670000000 0.852460000000 0.986850000000 0.811210000000 0.990800000000 0.939790000000 0.999030000000 0.698230000000 0.964740000000 0.939100000000 0.999020000000 0.848920000000 0.998900000000 0.950280000000 0.999910000000 0.351050000000 0.750830000000 0.738690000000 0.956510000000 0.747460000000 0.977420000000 0.933270000000 0.998580000000 0.693150000000 0.964540000000 0.939380000000 0.999040000000 0.849880000000 0.998900000000 0.950170000000 0.999900000000 0.528440000000 0.888650000000 0.887830000000 0.998150000000 0.849280000000 0.999020000000 0.950530000000 0.999910000000 0.724660000000 0.971560000000 0.950600000000 0.999920000000 0.859580000000 0.999910000000 0.953430000000 0.999990000000 

0.000000000000 0.000000000000 0.000000000000 0.000865670000 0.000000000000 0.000744620000 0.000732920000 0.134140000000 0.000000002185 0.004376600000 0.007829900000 0.271200000000 0.043659000000 0.471080000000 0.657620000000 0.970320000000 0.000934710000 0.085194000000 0.144750000000 0.708760000000 0.347800000000 0.871730000000 0.935340000000 0.991300000000 0.653430000000 0.968590000000 0.981370000000 0.992100000000 0.987260000000 0.992030000000 0.991980000000 0.992130000000 0.089748000000 0.606030000000 0.770520000000 0.980640000000 0.907360000000 0.989320000000 0.990150000000 0.992110000000 0.955840000000 0.991460000000 0.992140000000 0.992140000000 0.991860000000 0.992170000000 0.991930000000 0.992230000000 0.983450000000 0.992430000000 0.992250000000 0.992360000000 0.992070000000 0.992120000000 0.992390000000 0.992150000000 0.990580000000 0.992090000000 0.992550000000 0.992240000000 0.992430000000 0.992140000000 0.992080000000 0.992150000000 0.676290000000 0.965400000000 0.982990000000 0.992170000000 0.988840000000 0.993320000000 0.991460000000 0.992190000000 0.988220000000 0.992540000000 0.992080000000 0.992200000000 0.991940000000 0.992380000000 0.992200000000 0.992170000000 0.990810000000 0.992710000000 0.992400000000 0.992350000000 0.991020000000 0.992300000000 0.992500000000 0.992200000000 0.991810000000 0.992130000000 0.992240000000 0.992170000000 0.992480000000 0.992140000000 0.992170000000 0.992190000000 0.993210000000 0.992830000000 0.992660000000 0.992150000000 0.992440000000 0.992340000000 0.992220000000 0.992240000000 0.991420000000 0.992090000000 0.992240000000 0.992210000000 0.992500000000 0.992260000000 0.992330000000 0.992220000000 0.992720000000 0.992530000000 0.992370000000 0.992150000000 0.992030000000 0.992170000000 0.992240000000 0.992180000000 0.992420000000 0.992130000000 0.992300000000 0.992170000000 0.992070000000 0.992200000000 0.992120000000 0.992200000000 0.933120000000 0.990480000000 0.993090000000 0.990770000000 0.992250000000 0.992680000000 0.992370000000 0.992150000000 0.992330000000 0.992050000000 0.991780000000 0.992290000000 0.993010000000 0.991630000000 0.992080000000 0.992170000000 0.990760000000 0.992080000000 0.990690000000 0.992040000000 0.992810000000 0.992090000000 0.992550000000 0.992120000000 0.992520000000 0.992280000000 0.992500000000 0.992200000000 0.991870000000 0.992220000000 0.992260000000 0.992180000000 0.993480000000 0.991370000000 0.993050000000 0.992370000000 0.991450000000 0.992220000000 0.991960000000 0.992180000000 0.992610000000 0.992270000000 0.991990000000 0.992260000000 0.992380000000 0.992200000000 0.991980000000 0.992180000000 0.993090000000 0.992480000000 0.992180000000 0.992230000000 0.991830000000 0.992220000000 0.992220000000 0.992200000000 0.992060000000 0.992120000000 0.992160000000 0.992200000000 0.992380000000 0.992230000000 0.992070000000 0.992180000000 0.994110000000 0.991700000000 0.991870000000 0.992040000000 0.991230000000 0.992160000000 0.991720000000 0.992100000000 0.992840000000 0.991950000000 0.992810000000 0.992140000000 0.992320000000 0.992180000000 0.992130000000 0.992180000000 0.992670000000 0.991820000000 0.992300000000 0.992250000000 0.992180000000 0.992230000000 0.992350000000 0.992210000000 0.993130000000 0.992410000000 0.992260000000 0.992170000000 0.992450000000 0.992170000000 0.992080000000 0.992200000000 0.993370000000 0.992350000000 0.993090000000 0.992320000000 0.992130000000 0.992240000000 0.992350000000 0.992190000000 0.992340000000 0.992250000000 0.992250000000 0.992190000000 0.992340000000 0.992210000000 0.992140000000 0.992200000000 0.992480000000 0.992730000000 0.991950000000 0.992190000000 0.992050000000 0.992170000000 0.992260000000 0.992190000000 0.992650000000 0.992150000000 0.992120000000 0.992180000000 0.992160000000 0.992190000000 0.992260000000 0.992190000000 

N_obs: 2000

File Format:
1- most to least reliable channels (taken entropies)
2- most to least reliable channels (taken error probabilities)
3- channels entropies (flipped)
4- channels error probabilities (flipped)
5- number of MontCarlo simulations
