255 254 253 252 251 249 247 239 223 246 250 243 245 238 237 235 231 248 222 221 244 191 242 219 241 236 234 233 215 230 220 229 190 127 218 189 240 207 227 217 187 232 214 63 183 159 95 126 175 111 119 125 123 213 31 228 211 188 206 47 143 79 55 205 199 59 203 61 151 186 87 15 103 226 167 62 185 155 91 157 179 171 93 107 216 115 158 181 173 94 182 225 109 117 174 110 121 118 122 124 23 39 71 135 29 7 27 30 212 51 195 43 209 75 139 147 83 163 99 210 46 45 57 77 141 78 197 201 142 53 35 19 11 67 198 204 58 131 54 202 153 149 85 165 89 3 101 60 169 105 177 113 150 86 166 102 14 13 184 154 90 156 92 170 178 106 180 114 172 108 116 224 25 120 49 37 193 21 41 69 73 145 133 81 137 161 97 17 33 9 5 65 129 28 1 22 38 70 134 26 208 6 50 56 44 194 196 52 200 76 140 42 74 138 146 82 162 148 98 164 84 152 100 88 168 104 176 112 12 24 18 34 48 40 10 36 20 66 192 72 68 136 144 80 130 132 160 96 16 8 32 2 4 64 128 0 

255 254 253 252 251 249 247 239 223 246 250 243 245 238 237 235 231 222 248 242 221 244 191 219 241 236 234 233 215 230 229 220 190 218 240 227 189 207 217 232 127 214 187 228 213 183 188 226 211 206 216 126 225 205 186 175 125 185 203 212 159 123 182 199 210 181 119 209 179 224 55 95 174 204 124 157 143 167 54 85 7 39 110 163 184 147 30 150 15 195 173 201 63 83 172 149 45 121 46 169 202 57 108 69 91 89 9 19 49 161 99 105 97 35 114 59 137 146 113 1 129 118 197 102 62 27 70 131 153 38 142 29 134 103 84 65 152 17 73 208 132 101 50 28 3 52 141 72 36 6 166 160 68 20 80 66 144 111 8 12 192 176 24 16 5 2 0 138 32 128 4 34 64 42 193 112 104 136 43 164 96 40 10 98 165 74 130 48 18 158 25 77 140 145 33 88 200 120 76 135 51 194 56 168 41 11 100 154 148 82 81 196 21 162 23 178 13 44 86 26 133 47 22 53 107 90 122 156 67 37 177 116 92 106 115 170 94 78 60 58 180 61 151 198 75 14 139 171 117 79 31 155 71 93 87 109 

0.000000000000 0.000000000000 0.000000000000 0.000000000000 0.000000000000 0.000000000000 0.000000000000 0.000094297000 0.000000000000 0.000000000000 0.000000000000 0.000191990000 0.000000000000 0.000287810000 0.000796940000 0.084488000000 0.000000000000 0.000000000006 0.000000000021 0.001362900000 0.000000000080 0.002739900000 0.005368000000 0.188020000000 0.000067153000 0.017005000000 0.034486000000 0.351050000000 0.104220000000 0.516980000000 0.595480000000 0.917880000000 0.000000000000 0.000122920000 0.000126000000 0.034475000000 0.000689160000 0.073741000000 0.132090000000 0.573310000000 0.012746000000 0.203720000000 0.301560000000 0.737830000000 0.383100000000 0.795070000000 0.780740000000 0.970190000000 0.085912000000 0.420070000000 0.466270000000 0.845160000000 0.484990000000 0.853290000000 0.825890000000 0.979000000000 0.469390000000 0.843700000000 0.824920000000 0.978270000000 0.765500000000 0.977640000000 0.929710000000 0.998110000000 0.000248340000 0.038176000000 0.076173000000 0.391460000000 0.151460000000 0.510850000000 0.534030000000 0.885700000000 0.228790000000 0.595320000000 0.584250000000 0.902990000000 0.563960000000 0.900750000000 0.865340000000 0.987860000000 0.263520000000 0.617890000000 0.594370000000 0.908770000000 0.565980000000 0.898290000000 0.863680000000 0.986410000000 0.517440000000 0.878940000000 0.856160000000 0.984740000000 0.787790000000 0.983670000000 0.934220000000 0.998600000000 0.247170000000 0.580820000000 0.559960000000 0.894280000000 0.542410000000 0.887310000000 0.854070000000 0.984840000000 0.509010000000 0.876210000000 0.854610000000 0.984040000000 0.782420000000 0.982770000000 0.932470000000 0.998260000000 0.437830000000 0.825970000000 0.821110000000 0.979660000000 0.781670000000 0.982560000000 0.932820000000 0.998240000000 0.674440000000 0.959140000000 0.932670000000 0.998390000000 0.845660000000 0.998380000000 0.949430000000 0.999880000000 0.064316000000 0.262890000000 0.273340000000 0.661610000000 0.281720000000 0.641060000000 0.629640000000 0.927300000000 0.271460000000 0.631910000000 0.605390000000 0.913080000000 0.575950000000 0.907270000000 0.872630000000 0.988940000000 0.269550000000 0.622720000000 0.596260000000 0.910030000000 0.571100000000 0.901340000000 0.864770000000 0.986510000000 0.516780000000 0.880580000000 0.858480000000 0.985300000000 0.788650000000 0.984220000000 0.934670000000 0.998630000000 0.252600000000 0.594500000000 0.568470000000 0.896510000000 0.547120000000 0.891040000000 0.856940000000 0.985310000000 0.512640000000 0.877000000000 0.855550000000 0.984770000000 0.786200000000 0.982850000000 0.932740000000 0.998330000000 0.439450000000 0.824620000000 0.820370000000 0.979250000000 0.781230000000 0.982260000000 0.932080000000 0.998120000000 0.670630000000 0.957120000000 0.931390000000 0.998160000000 0.843640000000 0.998060000000 0.948900000000 0.999850000000 0.214240000000 0.526240000000 0.495980000000 0.858570000000 0.479760000000 0.845380000000 0.817640000000 0.977140000000 0.460940000000 0.848340000000 0.826600000000 0.978620000000 0.763930000000 0.976930000000 0.928400000000 0.997780000000 0.423400000000 0.814260000000 0.814440000000 0.977530000000 0.775710000000 0.980710000000 0.930470000000 0.997910000000 0.668250000000 0.956340000000 0.929620000000 0.997930000000 0.841710000000 0.997690000000 0.948260000000 0.999810000000 0.335080000000 0.723980000000 0.712560000000 0.950080000000 0.719240000000 0.965730000000 0.921750000000 0.997080000000 0.667310000000 0.956030000000 0.930190000000 0.997950000000 0.842330000000 0.997670000000 0.948030000000 0.999780000000 0.514370000000 0.884040000000 0.885080000000 0.996240000000 0.843020000000 0.997920000000 0.948400000000 0.999800000000 0.719110000000 0.970930000000 0.948560000000 0.999830000000 0.857470000000 0.999820000000 0.952880000000 0.999990000000 

0.000000000000 0.000000000000 0.000000000000 0.000000000000 0.000000000000 0.000000000000 0.000000000000 0.000305430000 0.000000000000 0.000000000000 0.000000000000 0.000442870000 0.000000000000 0.000346740000 0.001867500000 0.182210000000 0.000000000000 0.000000000001 0.000000000005 0.003762200000 0.000000000019 0.006527100000 0.012312000000 0.359840000000 0.000105880000 0.040993000000 0.074829000000 0.604820000000 0.231220000000 0.805420000000 0.899290000000 0.989650000000 0.000000000000 0.000262610000 0.000411780000 0.090149000000 0.001747700000 0.168800000000 0.298620000000 0.855230000000 0.036545000000 0.459520000000 0.635780000000 0.962890000000 0.813850000000 0.983080000000 0.988190000000 0.992110000000 0.288730000000 0.833240000000 0.914310000000 0.990770000000 0.961740000000 0.991830000000 0.991730000000 0.992240000000 0.979560000000 0.992580000000 0.992050000000 0.992300000000 0.991720000000 0.992260000000 0.992190000000 0.992180000000 0.000780170000 0.136960000000 0.249350000000 0.792830000000 0.489400000000 0.920660000000 0.956480000000 0.991520000000 0.779840000000 0.978080000000 0.984950000000 0.992560000000 0.988550000000 0.992330000000 0.992410000000 0.992180000000 0.931090000000 0.990620000000 0.991720000000 0.991770000000 0.992670000000 0.992450000000 0.991830000000 0.992260000000 0.991210000000 0.992160000000 0.992210000000 0.992200000000 0.991510000000 0.992310000000 0.991950000000 0.992160000000 0.964750000000 0.992230000000 0.991010000000 0.992390000000 0.993390000000 0.992270000000 0.992080000000 0.992110000000 0.992570000000 0.991650000000 0.991770000000 0.992280000000 0.991550000000 0.992010000000 0.992240000000 0.992170000000 0.991070000000 0.992080000000 0.992150000000 0.992240000000 0.992650000000 0.992190000000 0.992010000000 0.992200000000 0.992250000000 0.992090000000 0.992340000000 0.992120000000 0.992070000000 0.992210000000 0.992040000000 0.992190000000 0.370490000000 0.878620000000 0.946300000000 0.990980000000 0.976450000000 0.992380000000 0.991790000000 0.992240000000 0.988030000000 0.992050000000 0.992860000000 0.992410000000 0.992440000000 0.992000000000 0.992010000000 0.992190000000 0.992180000000 0.991500000000 0.993810000000 0.991890000000 0.992380000000 0.992440000000 0.991960000000 0.992200000000 0.992100000000 0.992060000000 0.992120000000 0.992270000000 0.991960000000 0.992210000000 0.991970000000 0.992200000000 0.990400000000 0.992450000000 0.993550000000 0.992410000000 0.991910000000 0.992380000000 0.991910000000 0.992240000000 0.993770000000 0.992330000000 0.991400000000 0.992100000000 0.991750000000 0.992290000000 0.992300000000 0.992160000000 0.993000000000 0.992490000000 0.992240000000 0.992250000000 0.992610000000 0.992210000000 0.992110000000 0.992150000000 0.993540000000 0.992070000000 0.991900000000 0.992160000000 0.992400000000 0.992170000000 0.992110000000 0.992190000000 0.991740000000 0.992060000000 0.992570000000 0.992490000000 0.992010000000 0.992530000000 0.991850000000 0.992260000000 0.989740000000 0.991370000000 0.992370000000 0.992140000000 0.992260000000 0.992120000000 0.991950000000 0.992210000000 0.992350000000 0.991800000000 0.991790000000 0.992330000000 0.992200000000 0.992190000000 0.992270000000 0.992210000000 0.991490000000 0.992080000000 0.992400000000 0.992150000000 0.991990000000 0.992190000000 0.992240000000 0.992190000000 0.993280000000 0.991620000000 0.992090000000 0.992130000000 0.992060000000 0.992340000000 0.992230000000 0.992180000000 0.992320000000 0.992350000000 0.992300000000 0.992160000000 0.991930000000 0.992220000000 0.992110000000 0.992180000000 0.991680000000 0.992640000000 0.992330000000 0.992180000000 0.992270000000 0.992210000000 0.991920000000 0.992180000000 0.991420000000 0.992160000000 0.992190000000 0.992190000000 0.992130000000 0.992190000000 0.992030000000 0.992190000000 

N_obs: 2000

File Format:
1- most to least reliable channels (taken entropies)
2- most to least reliable channels (taken error probabilities)
3- channels entropies (flipped)
4- channels error probabilities (flipped)
5- number of MontCarlo simulations
