255 254 253 252 251 250 249 248 247 246 245 244 243 242 241 240 239 238 237 236 235 234 233 232 231 230 229 228 227 226 225 223 222 221 220 219 218 217 216 215 214 213 212 211 210 209 207 206 205 204 203 202 201 199 198 197 191 190 189 188 187 186 185 184 183 182 181 180 179 178 177 175 174 173 171 170 169 167 166 165 163 159 158 157 155 151 143 127 126 125 124 123 122 121 119 118 117 115 111 110 109 107 103 95 94 93 91 87 63 172 156 149 195 154 150 62 153 114 108 116 147 141 120 79 106 105 59 102 142 101 61 139 224 113 208 200 196 90 176 194 162 99 85 92 89 168 164 193 55 135 161 152 86 148 83 78 112 145 146 60 47 104 140 77 58 138 100 57 137 75 98 54 88 97 192 134 53 84 133 31 160 82 71 51 46 81 76 144 131 45 56 74 136 43 73 52 30 96 39 29 70 15 132 27 23 50 69 49 67 80 44 130 42 129 7 41 35 37 38 19 11 72 28 13 25 21 14 26 22 68 3 65 48 66 33 17 9 5 128 40 6 36 34 1 18 10 12 20 24 64 32 8 16 2 4 0 

255 254 253 252 251 250 249 248 247 246 245 244 243 242 241 240 239 238 237 236 235 234 233 232 231 230 229 228 227 226 225 223 222 221 220 219 218 217 216 215 214 213 212 211 210 209 207 206 205 204 203 202 201 199 198 197 191 190 189 188 187 186 185 184 183 182 181 180 179 178 177 175 174 173 171 170 169 167 166 165 163 159 158 157 155 151 143 127 126 125 124 123 122 121 119 118 117 115 111 110 109 107 103 95 94 93 91 87 63 172 195 156 149 154 150 62 153 114 108 116 147 141 120 79 106 105 59 102 142 101 61 139 224 113 208 200 196 90 176 194 162 99 85 92 89 168 164 193 55 161 135 152 86 148 83 78 112 146 145 104 60 140 47 77 138 100 58 57 137 75 98 54 88 97 192 134 53 84 133 160 82 71 31 51 81 144 76 46 131 56 45 74 136 73 52 96 43 132 70 30 50 80 39 69 29 130 49 44 67 27 129 42 72 23 41 15 38 28 68 48 37 35 25 26 66 65 128 19 21 7 9 14 40 34 12 1 18 4 64 16 8 6 20 24 17 0 32 2 13 36 5 22 10 33 3 11 

0.000000000000 0.000000000000 0.000000000000 0.000000000000 0.000000000000 0.000000000000 0.000000000000 0.000000000000 0.000000000000 0.000000000000 0.000000000000 0.000000000000 0.000000000000 0.000000000000 0.000000000000 0.000000000000 0.000000000000 0.000000000000 0.000000000000 0.000000000000 0.000000000000 0.000000000000 0.000000000000 0.000000000000 0.000000000000 0.000000000000 0.000000000000 0.000000000000 0.000000000000 0.000000000000 0.000000000000 0.000000000444 0.000000000000 0.000000000000 0.000000000000 0.000000000000 0.000000000000 0.000000000000 0.000000000000 0.000000000000 0.000000000000 0.000000000000 0.000000000000 0.000000000000 0.000000000000 0.000000000000 0.000000000000 0.000000002788 0.000000000000 0.000000000000 0.000000000000 0.000000000000 0.000000000000 0.000000000000 0.000000000000 0.000000008664 0.000000000000 0.000000000000 0.000000000000 0.000000043904 0.000000000000 0.000000324920 0.000008089000 0.012927000000 0.000000000000 0.000000000000 0.000000000000 0.000000000000 0.000000000000 0.000000000000 0.000000000000 0.000000000000 0.000000000000 0.000000000000 0.000000000000 0.000000000000 0.000000000000 0.000000000000 0.000000000000 0.000000161000 0.000000000000 0.000000000000 0.000000000000 0.000000000000 0.000000000000 0.000000000000 0.000000000000 0.000004729200 0.000000000000 0.000000000000 0.000000000000 0.000004802900 0.000000000000 0.000000710160 0.000019578000 0.030625000000 0.000000000000 0.000000000000 0.000000000000 0.000000000000 0.000000000000 0.000000000000 0.000000000000 0.000039524000 0.000000000000 0.000000000000 0.000000000000 0.000131290000 0.000000000001 0.000532580000 0.000513250000 0.074430000000 0.000000000000 0.000000000020 0.000000000001 0.001198900000 0.000000000307 0.001738900000 0.003031800000 0.170460000000 0.000016700000 0.014012000000 0.026571000000 0.345770000000 0.096814000000 0.525160000000 0.605640000000 0.921800000000 0.000000000000 0.000000000000 0.000000000000 0.000000000000 0.000000000000 0.000000000000 0.000000000000 0.000000000002 0.000000000000 0.000000000000 0.000000000000 0.000000000000 0.000000000000 0.000000000000 0.000000000562 0.000437890000 0.000000000000 0.000000000000 0.000000000000 0.000000000000 0.000000000000 0.000000000009 0.000000000012 0.001132000000 0.000000000000 0.000000000017 0.000000000031 0.002026700000 0.000001538800 0.005283300000 0.011183000000 0.259350000000 0.000000000000 0.000000000000 0.000000000000 0.000003456800 0.000000000000 0.000000080414 0.000004106300 0.008259300000 0.000000000000 0.000056735000 0.000001923300 0.017057000000 0.000149970000 0.033870000000 0.068455000000 0.479130000000 0.000000000002 0.000344230000 0.001200600000 0.073418000000 0.005065700000 0.145390000000 0.233800000000 0.703450000000 0.036428000000 0.317340000000 0.419500000000 0.824950000000 0.476050000000 0.855750000000 0.834820000000 0.982640000000 0.000000000000 0.000000000000 0.000000000042 0.000663440000 0.000000000013 0.001456700000 0.002953500000 0.123830000000 0.000008223400 0.006480000000 0.014882000000 0.234000000000 0.048679000000 0.369770000000 0.457850000000 0.853180000000 0.001124700000 0.061737000000 0.106280000000 0.483100000000 0.194630000000 0.603600000000 0.625180000000 0.923160000000 0.278320000000 0.681030000000 0.671200000000 0.937370000000 0.644370000000 0.937480000000 0.898000000000 0.993530000000 0.027864000000 0.237550000000 0.302910000000 0.710070000000 0.347530000000 0.737030000000 0.724640000000 0.955600000000 0.359910000000 0.747820000000 0.729990000000 0.954620000000 0.684890000000 0.951760000000 0.907030000000 0.994690000000 0.339790000000 0.730320000000 0.715850000000 0.952310000000 0.689510000000 0.951830000000 0.907660000000 0.994550000000 0.614040000000 0.934210000000 0.908950000000 0.995160000000 0.829820000000 0.995130000000 0.945520000000 0.999660000000 

0.000000000000 0.000000000000 0.000000000000 0.000000000000 0.000000000000 0.000000000000 0.000000000000 0.000000000000 0.000000000000 0.000000000000 0.000000000000 0.000000000000 0.000000000000 0.000000000000 0.000000000000 0.000000000000 0.000000000000 0.000000000000 0.000000000000 0.000000000000 0.000000000000 0.000000000000 0.000000000000 0.000000000000 0.000000000000 0.000000000000 0.000000000000 0.000000000000 0.000000000000 0.000000000000 0.000000000000 0.000000000119 0.000000000000 0.000000000000 0.000000000000 0.000000000000 0.000000000000 0.000000000000 0.000000000000 0.000000000000 0.000000000000 0.000000000000 0.000000000000 0.000000000000 0.000000000000 0.000000000000 0.000000000000 0.000000000830 0.000000000000 0.000000000000 0.000000000000 0.000000000000 0.000000000000 0.000000000000 0.000000000000 0.000000002813 0.000000000000 0.000000000000 0.000000000000 0.000000015966 0.000000000000 0.000000140810 0.000006306500 0.027545000000 0.000000000000 0.000000000000 0.000000000000 0.000000000000 0.000000000000 0.000000000000 0.000000000000 0.000000000000 0.000000000000 0.000000000000 0.000000000000 0.000000000000 0.000000000000 0.000000000000 0.000000000000 0.000000068202 0.000000000000 0.000000000000 0.000000000000 0.000000000000 0.000000000000 0.000000000000 0.000000000000 0.000003290400 0.000000000000 0.000000000000 0.000000000000 0.000003505200 0.000000000000 0.000000295200 0.000014965000 0.064276000000 0.000000000000 0.000000000000 0.000000000000 0.000000000000 0.000000000000 0.000000000000 0.000000000000 0.000030180000 0.000000000000 0.000000000000 0.000000000000 0.000173380000 0.000000000000 0.001246800000 0.001360100000 0.159160000000 0.000000000000 0.000000000005 0.000000000000 0.002668800000 0.000000000088 0.003916500000 0.008070800000 0.331280000000 0.000015678000 0.033588000000 0.058852000000 0.582750000000 0.210110000000 0.805060000000 0.910720000000 0.990510000000 0.000000000000 0.000000000000 0.000000000000 0.000000000000 0.000000000000 0.000000000000 0.000000000000 0.000000000000 0.000000000000 0.000000000000 0.000000000000 0.000000000000 0.000000000000 0.000000000000 0.000000000172 0.000766500000 0.000000000000 0.000000000000 0.000000000000 0.000000000000 0.000000000000 0.000000000002 0.000000000003 0.002230200000 0.000000000000 0.000000000004 0.000000000007 0.004195600000 0.000000886190 0.013880000000 0.027180000000 0.486630000000 0.000000000000 0.000000000000 0.000000000000 0.000002460800 0.000000000000 0.000000035357 0.000003145600 0.019677000000 0.000000000000 0.000066117000 0.000000994540 0.044829000000 0.000537060000 0.076705000000 0.154810000000 0.756980000000 0.000000000000 0.000568130000 0.003638200000 0.167580000000 0.012915000000 0.305520000000 0.467290000000 0.934970000000 0.093235000000 0.626620000000 0.765880000000 0.982720000000 0.900820000000 0.990190000000 0.990360000000 0.992100000000 0.000000000000 0.000000000000 0.000000000011 0.002265900000 0.000000000003 0.005931500000 0.007678700000 0.288130000000 0.000007685600 0.016854000000 0.038300000000 0.483230000000 0.135050000000 0.685860000000 0.824740000000 0.985330000000 0.003416300000 0.175380000000 0.289800000000 0.837660000000 0.509620000000 0.929180000000 0.962900000000 0.991840000000 0.765520000000 0.978170000000 0.987190000000 0.992280000000 0.988830000000 0.991970000000 0.992400000000 0.992220000000 0.107180000000 0.651900000000 0.786760000000 0.979870000000 0.905830000000 0.990070000000 0.989170000000 0.992180000000 0.957300000000 0.992400000000 0.991660000000 0.992170000000 0.991420000000 0.992080000000 0.992180000000 0.992100000000 0.977990000000 0.991820000000 0.992260000000 0.992010000000 0.992690000000 0.992400000000 0.991790000000 0.992140000000 0.991780000000 0.992170000000 0.992350000000 0.992090000000 0.992650000000 0.992240000000 0.992080000000 0.992190000000 

N_obs: 2000

File Format:
1- most to least reliable channels (taken entropies)
2- most to least reliable channels (taken error probabilities)
3- channels entropies (flipped)
4- channels error probabilities (flipped)
5- number of MontCarlo simulations
