255 254 253 252 251 250 249 248 247 246 245 244 243 242 241 240 239 238 237 236 235 234 233 232 231 230 229 228 227 225 223 222 221 220 219 218 217 216 215 214 213 211 207 206 205 203 199 191 190 189 188 187 186 185 183 182 181 179 175 174 173 171 167 159 158 157 155 151 127 126 125 124 123 122 121 119 118 115 111 110 95 210 117 212 226 109 143 204 202 184 198 107 180 209 197 201 63 178 195 177 170 169 172 165 103 166 94 93 154 150 163 153 156 120 91 116 224 149 196 200 113 208 106 114 108 147 194 176 87 142 168 105 193 62 141 102 164 61 92 101 162 139 152 79 90 161 59 148 99 89 112 146 86 135 55 85 104 145 140 60 192 100 83 78 138 47 58 31 77 98 88 137 160 57 75 54 134 97 71 53 84 15 51 133 39 23 43 46 27 45 144 29 131 30 82 81 76 7 56 67 136 73 74 69 35 70 11 19 13 52 96 14 49 37 50 41 21 25 38 132 22 3 42 26 129 44 28 130 65 80 17 9 33 5 1 6 72 66 68 12 34 48 18 36 10 20 40 24 128 64 8 16 32 4 2 0 

255 254 253 252 251 250 249 248 247 246 245 244 243 242 241 240 239 238 237 236 235 234 233 232 231 230 229 228 227 225 223 222 221 220 219 218 217 216 215 214 213 211 207 206 205 203 199 191 190 189 188 187 186 185 183 182 181 179 175 174 173 171 167 159 158 157 155 151 127 126 125 124 123 122 121 119 118 115 111 110 95 210 117 226 212 109 204 143 184 202 198 107 180 209 197 201 63 178 195 177 170 169 172 165 103 166 94 93 154 150 163 153 120 156 91 116 224 196 200 106 208 194 114 176 147 149 108 113 87 142 168 105 193 141 62 102 164 101 162 92 61 139 152 90 79 161 148 99 59 89 146 112 86 135 145 104 85 140 55 192 60 100 138 83 78 58 160 98 137 88 77 47 57 134 97 84 54 75 144 133 31 53 82 71 131 136 81 51 76 46 56 96 45 74 43 132 39 73 30 52 29 70 27 130 67 50 80 23 129 25 69 19 22 35 44 7 15 21 3 33 42 12 13 28 9 65 38 10 34 26 4 16 68 8 49 2 14 72 0 5 18 17 128 6 32 64 24 1 66 20 48 40 37 41 36 11 

0.000000000000 0.000000000000 0.000000000000 0.000000000000 0.000000000000 0.000000000000 0.000000000000 0.000000000000 0.000000000000 0.000000000000 0.000000000000 0.000000000000 0.000000000000 0.000000000000 0.000000000000 0.000000000000 0.000000000000 0.000000000000 0.000000000000 0.000000000000 0.000000000000 0.000000000000 0.000000000000 0.000000000000 0.000000000000 0.000000000000 0.000000000000 0.000000000000 0.000000000000 0.000000000000 0.000000000000 0.000022272000 0.000000000000 0.000000000000 0.000000000000 0.000000000000 0.000000000000 0.000000000000 0.000000000000 0.000000000000 0.000000000000 0.000000000000 0.000000000000 0.000000000000 0.000000000000 0.000000000000 0.000000000000 0.000062833000 0.000000000000 0.000000000000 0.000000000000 0.000000000000 0.000000000000 0.000000000000 0.000000000000 0.000051179000 0.000000000000 0.000000000000 0.000000000000 0.000047592000 0.000000000000 0.000166000000 0.000802340000 0.113410000000 0.000000000000 0.000000000000 0.000000000000 0.000000000000 0.000000000000 0.000000000000 0.000000000000 0.000000000000 0.000000000000 0.000000000000 0.000000000000 0.000000000000 0.000000000000 0.000000000000 0.000000000000 0.000193200000 0.000000000000 0.000000000000 0.000000000000 0.000000000002 0.000000000000 0.000000000001 0.000000000001 0.000412710000 0.000000000000 0.000000001253 0.000000000012 0.001639100000 0.000000106950 0.003062900000 0.009177100000 0.248420000000 0.000000000000 0.000000000000 0.000000000000 0.000000256780 0.000000000000 0.000000012759 0.000000132540 0.005835200000 0.000000000000 0.000000094552 0.000024066000 0.013392000000 0.000102650000 0.029528000000 0.062883000000 0.478820000000 0.000000000000 0.000386920000 0.001109500000 0.078971000000 0.003633800000 0.145800000000 0.246160000000 0.711530000000 0.037816000000 0.337440000000 0.433310000000 0.837580000000 0.503610000000 0.872440000000 0.848940000000 0.985550000000 0.000000000000 0.000000000000 0.000000000000 0.000000000000 0.000000000000 0.000000000000 0.000000000000 0.000000267830 0.000000000000 0.000000000000 0.000000000000 0.000016322000 0.000000000000 0.000079788000 0.000055114000 0.027730000000 0.000000000000 0.000000000000 0.000000000000 0.000095113000 0.000000000000 0.000068011000 0.000431790000 0.061160000000 0.000000000624 0.001144100000 0.002941200000 0.126840000000 0.014065000000 0.235980000000 0.349540000000 0.795040000000 0.000000000000 0.000000001398 0.000000002189 0.002865500000 0.000000491020 0.006803500000 0.015230000000 0.241950000000 0.000259500000 0.030153000000 0.058043000000 0.404270000000 0.134190000000 0.542490000000 0.605150000000 0.916350000000 0.006122400000 0.140690000000 0.217760000000 0.644400000000 0.307310000000 0.720750000000 0.719460000000 0.953200000000 0.351660000000 0.753540000000 0.740260000000 0.958430000000 0.701450000000 0.957870000000 0.915080000000 0.996190000000 0.000000000000 0.000962090000 0.002151800000 0.095961000000 0.010852000000 0.171130000000 0.250300000000 0.686120000000 0.054661000000 0.326360000000 0.389760000000 0.794560000000 0.431720000000 0.813610000000 0.796170000000 0.973830000000 0.148890000000 0.475550000000 0.478160000000 0.850690000000 0.471590000000 0.845830000000 0.816910000000 0.977070000000 0.448400000000 0.833500000000 0.812540000000 0.974680000000 0.751800000000 0.973710000000 0.926430000000 0.997660000000 0.203990000000 0.518310000000 0.497320000000 0.861500000000 0.477260000000 0.848810000000 0.820390000000 0.978100000000 0.456900000000 0.838760000000 0.818590000000 0.976370000000 0.756280000000 0.974590000000 0.925690000000 0.997460000000 0.406810000000 0.795300000000 0.790760000000 0.972160000000 0.756180000000 0.974900000000 0.926240000000 0.997400000000 0.660340000000 0.953130000000 0.927210000000 0.997750000000 0.841280000000 0.997770000000 0.948620000000 0.999840000000 

0.000000000000 0.000000000000 0.000000000000 0.000000000000 0.000000000000 0.000000000000 0.000000000000 0.000000000000 0.000000000000 0.000000000000 0.000000000000 0.000000000000 0.000000000000 0.000000000000 0.000000000000 0.000000000000 0.000000000000 0.000000000000 0.000000000000 0.000000000000 0.000000000000 0.000000000000 0.000000000000 0.000000000000 0.000000000000 0.000000000000 0.000000000000 0.000000000000 0.000000000000 0.000000000000 0.000000000000 0.000018758000 0.000000000000 0.000000000000 0.000000000000 0.000000000000 0.000000000000 0.000000000000 0.000000000000 0.000000000000 0.000000000000 0.000000000000 0.000000000000 0.000000000000 0.000000000000 0.000000000000 0.000000000000 0.000084286000 0.000000000000 0.000000000000 0.000000000000 0.000000000000 0.000000000000 0.000000000000 0.000000000000 0.000045476000 0.000000000000 0.000000000000 0.000000000000 0.000035684000 0.000000000000 0.000145450000 0.002370200000 0.236360000000 0.000000000000 0.000000000000 0.000000000000 0.000000000000 0.000000000000 0.000000000000 0.000000000000 0.000000000000 0.000000000000 0.000000000000 0.000000000000 0.000000000000 0.000000000000 0.000000000000 0.000000000000 0.000224640000 0.000000000000 0.000000000000 0.000000000000 0.000000000000 0.000000000000 0.000000000000 0.000000000000 0.001257300000 0.000000000000 0.000000000387 0.000000000003 0.004384800000 0.000000049730 0.007780000000 0.020202000000 0.459840000000 0.000000000000 0.000000000000 0.000000000000 0.000000134140 0.000000000000 0.000000004304 0.000000053260 0.013740000000 0.000000000000 0.000000036931 0.000493090000 0.029542000000 0.000226420000 0.061991000000 0.130590000000 0.745530000000 0.000000000000 0.001093300000 0.003102800000 0.173930000000 0.009104500000 0.306050000000 0.483600000000 0.931290000000 0.098625000000 0.638110000000 0.788920000000 0.983430000000 0.909400000000 0.990680000000 0.991570000000 0.992220000000 0.000000000000 0.000000000000 0.000000000000 0.000000000000 0.000000000000 0.000000000000 0.000000000000 0.000000108590 0.000000000000 0.000000000000 0.000000000000 0.000014035000 0.000000000000 0.000208260000 0.000529150000 0.069209000000 0.000000000000 0.000000000000 0.000000000000 0.000500190000 0.000000000000 0.000052679000 0.001477400000 0.150630000000 0.000000000192 0.003871400000 0.007692100000 0.268110000000 0.037355000000 0.465910000000 0.648100000000 0.969690000000 0.000000000000 0.000000000454 0.000000000690 0.008037900000 0.000000260900 0.018185000000 0.042126000000 0.489690000000 0.000712640000 0.076654000000 0.153940000000 0.709730000000 0.339010000000 0.866160000000 0.934670000000 0.991500000000 0.019270000000 0.361330000000 0.523800000000 0.935780000000 0.741980000000 0.976610000000 0.985500000000 0.992180000000 0.887750000000 0.989840000000 0.991710000000 0.992150000000 0.990940000000 0.992250000000 0.992080000000 0.992240000000 0.000000000000 0.003305900000 0.008443000000 0.267040000000 0.039762000000 0.440290000000 0.618900000000 0.959380000000 0.184550000000 0.741410000000 0.861120000000 0.988120000000 0.935750000000 0.991330000000 0.992170000000 0.992270000000 0.559060000000 0.942300000000 0.971670000000 0.991840000000 0.980940000000 0.991990000000 0.992430000000 0.992280000000 0.984690000000 0.992100000000 0.992340000000 0.992490000000 0.991810000000 0.992120000000 0.991990000000 0.992230000000 0.821000000000 0.987120000000 0.989740000000 0.992050000000 0.990150000000 0.992130000000 0.991690000000 0.992250000000 0.991510000000 0.991750000000 0.991890000000 0.992270000000 0.991720000000 0.992210000000 0.992210000000 0.992150000000 0.991860000000 0.992180000000 0.992020000000 0.992020000000 0.992530000000 0.992100000000 0.992070000000 0.992160000000 0.991850000000 0.992230000000 0.992210000000 0.992140000000 0.991910000000 0.992180000000 0.992250000000 0.992190000000 

N_obs: 2000

File Format:
1- most to least reliable channels (taken entropies)
2- most to least reliable channels (taken error probabilities)
3- channels entropies (flipped)
4- channels error probabilities (flipped)
5- number of MontCarlo simulations
