255 254 253 252 251 250 249 247 246 245 243 239 238 237 235 231 223 222 221 219 191 215 248 244 242 241 234 233 236 230 207 189 190 220 229 218 217 227 214 187 127 213 183 240 211 232 206 188 228 205 186 226 175 126 216 185 203 225 125 212 182 123 210 159 181 199 119 63 209 111 95 204 179 174 31 173 124 184 143 202 171 167 47 79 55 151 158 59 155 122 157 224 61 121 103 87 201 91 115 62 107 117 93 15 118 109 94 110 180 198 195 197 135 23 39 71 178 177 27 29 30 208 7 163 139 147 51 43 172 75 83 99 169 141 165 142 45 170 77 46 166 78 149 53 57 153 150 54 58 85 154 89 101 156 105 60 113 35 19 11 131 67 86 102 120 90 114 106 3 92 200 116 108 13 14 193 25 196 161 194 137 133 145 37 21 49 41 69 73 81 97 176 28 22 134 17 33 38 9 5 65 129 70 1 26 162 164 140 168 138 146 44 50 148 76 42 52 6 74 56 152 82 84 98 100 88 104 112 192 12 24 18 34 136 160 10 132 130 144 20 40 36 48 72 66 68 80 96 16 8 32 2 4 128 64 0 

255 254 253 252 251 250 249 247 246 245 243 239 238 237 235 231 223 222 221 219 191 215 248 244 242 234 241 233 236 230 207 189 190 220 229 218 217 187 227 214 213 127 183 240 211 232 206 228 188 205 226 186 216 175 225 185 203 126 212 182 125 210 181 199 209 204 123 159 179 174 202 184 224 173 119 124 201 180 198 171 122 208 111 158 178 167 197 121 157 177 95 195 172 118 155 63 200 117 151 170 47 109 143 79 103 59 110 115 55 107 156 169 77 27 93 89 58 141 15 11 75 57 153 102 139 147 53 21 31 196 23 3 73 92 194 19 165 154 166 33 41 193 176 88 113 131 74 86 97 137 56 84 138 5 6 25 112 162 71 10 148 12 34 18 164 54 17 68 98 168 42 104 146 144 66 64 96 90 4 65 140 81 52 8 142 32 2 0 16 44 132 128 36 20 28 130 161 40 24 99 160 48 76 136 38 152 80 114 134 100 72 14 9 22 116 70 26 1 192 108 69 50 82 163 30 49 145 29 46 129 39 133 120 105 37 60 51 13 150 45 101 78 35 106 7 43 149 67 94 85 135 62 83 87 91 61 

0.000000000000 0.000000000000 0.000000000000 0.000000000000 0.000000000000 0.000000000000 0.000000000000 0.000000000001 0.000000000000 0.000000000000 0.000000000000 0.000000000003 0.000000000000 0.000000000061 0.000000000265 0.002505100000 0.000000000000 0.000000000000 0.000000000000 0.000000003134 0.000000000000 0.000000000283 0.000000002968 0.005192600000 0.000000000000 0.000000043701 0.000018326000 0.009544900000 0.000116100000 0.019588000000 0.047001000000 0.437230000000 0.000000000000 0.000000000000 0.000000000000 0.000004765400 0.000000000000 0.000051306000 0.000067410000 0.028879000000 0.000000000000 0.000160180000 0.000491030000 0.062409000000 0.002783700000 0.125240000000 0.218820000000 0.707140000000 0.000000076246 0.007424200000 0.012360000000 0.232650000000 0.045273000000 0.377110000000 0.478260000000 0.861920000000 0.153780000000 0.557450000000 0.605310000000 0.912780000000 0.599190000000 0.917180000000 0.883450000000 0.991230000000 0.000000000000 0.000002435500 0.000000137340 0.008909500000 0.000191740000 0.017298000000 0.041009000000 0.345700000000 0.001339900000 0.071507000000 0.133670000000 0.541790000000 0.235860000000 0.654730000000 0.676690000000 0.941670000000 0.025135000000 0.244300000000 0.319940000000 0.739950000000 0.382310000000 0.779040000000 0.757800000000 0.963690000000 0.384870000000 0.782190000000 0.763740000000 0.963460000000 0.713780000000 0.962290000000 0.916980000000 0.996310000000 0.126560000000 0.429160000000 0.432860000000 0.822270000000 0.430740000000 0.815860000000 0.790770000000 0.971380000000 0.421220000000 0.805930000000 0.783370000000 0.968250000000 0.727870000000 0.965940000000 0.918420000000 0.996390000000 0.377060000000 0.767750000000 0.758070000000 0.963630000000 0.724070000000 0.964820000000 0.917830000000 0.996110000000 0.638110000000 0.943690000000 0.918120000000 0.996370000000 0.835000000000 0.996380000000 0.946890000000 0.999740000000 0.000277980000 0.028646000000 0.059210000000 0.321800000000 0.124200000000 0.431250000000 0.454220000000 0.842120000000 0.188960000000 0.510070000000 0.496700000000 0.863380000000 0.483760000000 0.855650000000 0.828770000000 0.981240000000 0.220390000000 0.535680000000 0.512910000000 0.869090000000 0.495980000000 0.855990000000 0.825480000000 0.978980000000 0.456080000000 0.840290000000 0.818450000000 0.976880000000 0.757310000000 0.975410000000 0.927330000000 0.997770000000 0.223860000000 0.530130000000 0.496910000000 0.860150000000 0.480990000000 0.846940000000 0.817840000000 0.977440000000 0.457380000000 0.837330000000 0.811720000000 0.975180000000 0.751220000000 0.971870000000 0.924070000000 0.997150000000 0.393690000000 0.783210000000 0.780090000000 0.968660000000 0.741740000000 0.970420000000 0.922410000000 0.996680000000 0.647690000000 0.947620000000 0.921670000000 0.996880000000 0.836570000000 0.996680000000 0.946870000000 0.999740000000 0.194390000000 0.488110000000 0.448980000000 0.827600000000 0.430580000000 0.810800000000 0.786790000000 0.970790000000 0.416580000000 0.806570000000 0.785740000000 0.968780000000 0.733760000000 0.967070000000 0.920070000000 0.996660000000 0.392930000000 0.781370000000 0.770320000000 0.966900000000 0.736700000000 0.968760000000 0.920200000000 0.996410000000 0.643410000000 0.945900000000 0.918810000000 0.996410000000 0.833400000000 0.995980000000 0.945770000000 0.999660000000 0.318900000000 0.703420000000 0.687960000000 0.942400000000 0.683980000000 0.952810000000 0.910350000000 0.995260000000 0.641000000000 0.943680000000 0.918890000000 0.996400000000 0.833470000000 0.995920000000 0.945660000000 0.999620000000 0.506350000000 0.877940000000 0.877560000000 0.993680000000 0.833840000000 0.996320000000 0.946220000000 0.999650000000 0.713210000000 0.970170000000 0.946520000000 0.999690000000 0.856140000000 0.999690000000 0.952480000000 0.999980000000 

0.000000000000 0.000000000000 0.000000000000 0.000000000000 0.000000000000 0.000000000000 0.000000000000 0.000000000000 0.000000000000 0.000000000000 0.000000000000 0.000000000001 0.000000000000 0.000000000015 0.000000000075 0.006821200000 0.000000000000 0.000000000000 0.000000000000 0.000000001030 0.000000000000 0.000000000075 0.000000000891 0.014444000000 0.000000000000 0.000000017465 0.000016037000 0.023040000000 0.000327340000 0.042861000000 0.102900000000 0.693300000000 0.000000000000 0.000000000000 0.000000000000 0.000002862700 0.000000000000 0.000067325000 0.000156740000 0.064928000000 0.000000000000 0.000703210000 0.000821470000 0.137000000000 0.007016300000 0.255700000000 0.432350000000 0.923610000000 0.000000031712 0.017816000000 0.028850000000 0.455490000000 0.111520000000 0.648600000000 0.812870000000 0.984070000000 0.407120000000 0.886820000000 0.951150000000 0.991960000000 0.973570000000 0.992000000000 0.992060000000 0.992300000000 0.000000000000 0.000001616200 0.000000058633 0.023893000000 0.000291490000 0.048521000000 0.103390000000 0.651720000000 0.003820700000 0.191680000000 0.326190000000 0.855570000000 0.571020000000 0.942850000000 0.971030000000 0.992080000000 0.087880000000 0.595710000000 0.757270000000 0.974280000000 0.889930000000 0.988430000000 0.991260000000 0.992170000000 0.950640000000 0.992030000000 0.992020000000 0.992160000000 0.992370000000 0.992140000000 0.992200000000 0.992210000000 0.488530000000 0.926470000000 0.970380000000 0.991250000000 0.981180000000 0.992020000000 0.991860000000 0.992230000000 0.987340000000 0.992580000000 0.992750000000 0.992150000000 0.991890000000 0.992170000000 0.992380000000 0.992170000000 0.990080000000 0.992190000000 0.991660000000 0.992180000000 0.991880000000 0.992130000000 0.992110000000 0.992230000000 0.992900000000 0.992240000000 0.992470000000 0.992200000000 0.992090000000 0.992200000000 0.992420000000 0.992200000000 0.001422500000 0.112290000000 0.229060000000 0.772930000000 0.486860000000 0.915970000000 0.960250000000 0.992490000000 0.762290000000 0.978770000000 0.985930000000 0.992280000000 0.990960000000 0.992240000000 0.992090000000 0.992140000000 0.924800000000 0.990580000000 0.989340000000 0.992310000000 0.991180000000 0.992660000000 0.992500000000 0.992170000000 0.990140000000 0.991870000000 0.992600000000 0.992240000000 0.992210000000 0.992170000000 0.992110000000 0.992170000000 0.972820000000 0.992850000000 0.991530000000 0.991980000000 0.993210000000 0.992180000000 0.991610000000 0.992080000000 0.993180000000 0.992100000000 0.992900000000 0.992130000000 0.993120000000 0.992360000000 0.992180000000 0.992230000000 0.990080000000 0.992640000000 0.991320000000 0.992220000000 0.991840000000 0.992100000000 0.991970000000 0.992260000000 0.992150000000 0.992290000000 0.992330000000 0.992160000000 0.992750000000 0.992170000000 0.992180000000 0.992170000000 0.983150000000 0.992920000000 0.993810000000 0.992530000000 0.990190000000 0.991640000000 0.991840000000 0.992120000000 0.991010000000 0.992160000000 0.991900000000 0.992180000000 0.992550000000 0.992340000000 0.992370000000 0.992210000000 0.988500000000 0.992410000000 0.992600000000 0.992200000000 0.992740000000 0.992170000000 0.992060000000 0.992210000000 0.992440000000 0.992230000000 0.992510000000 0.992200000000 0.992640000000 0.992150000000 0.992030000000 0.992190000000 0.991920000000 0.992370000000 0.992390000000 0.992200000000 0.991510000000 0.992290000000 0.992140000000 0.992210000000 0.991970000000 0.992280000000 0.991900000000 0.992200000000 0.992000000000 0.992160000000 0.992160000000 0.992190000000 0.991770000000 0.992260000000 0.992550000000 0.992150000000 0.991820000000 0.992150000000 0.992270000000 0.992180000000 0.992660000000 0.992130000000 0.992130000000 0.992180000000 0.991970000000 0.992190000000 0.992300000000 0.992190000000 

N_obs: 2000

File Format:
1- most to least reliable channels (taken entropies)
2- most to least reliable channels (taken error probabilities)
3- channels entropies (flipped)
4- channels error probabilities (flipped)
5- number of MontCarlo simulations
