255 254 253 252 251 250 249 248 247 246 245 244 243 242 241 240 239 238 237 236 235 234 233 232 231 230 229 228 227 226 225 223 222 221 220 219 218 217 216 215 214 213 212 211 210 209 207 206 205 204 203 202 201 199 198 197 195 191 190 189 188 187 186 185 184 183 182 181 180 179 178 177 175 174 173 172 171 170 169 167 166 165 163 159 158 157 156 155 154 153 151 150 149 147 143 127 126 125 124 123 122 121 120 119 118 117 115 114 113 111 110 109 107 103 95 94 93 91 87 79 63 62 61 59 55 142 116 106 141 102 105 139 101 92 99 90 135 108 224 85 89 86 176 208 47 200 194 196 83 193 148 77 164 146 152 161 168 162 58 75 112 145 57 60 78 140 54 104 138 53 137 98 100 88 134 97 31 71 84 51 133 82 46 192 81 45 76 160 131 74 56 144 43 73 52 136 30 70 50 96 39 29 132 69 44 49 27 80 130 67 42 23 15 41 129 72 38 28 37 35 68 7 26 25 48 19 11 21 13 22 14 66 65 40 3 128 33 36 34 17 9 5 24 6 18 20 10 12 1 64 32 16 8 4 2 0 

255 254 253 252 251 250 249 248 247 246 245 244 243 242 241 240 239 238 237 236 235 234 233 232 231 230 229 228 227 226 225 223 222 221 220 219 218 217 216 215 214 213 212 211 210 209 207 206 205 204 203 202 201 199 198 197 195 191 190 189 188 187 186 185 184 183 182 181 180 179 178 177 175 174 173 172 171 170 169 167 166 165 163 159 158 157 156 155 154 153 151 150 149 147 143 127 126 125 124 123 122 121 120 119 118 117 115 114 113 111 110 109 107 103 95 94 93 91 87 79 63 62 61 59 55 142 116 106 141 102 105 139 101 92 99 90 135 108 224 85 89 86 176 208 47 200 194 83 196 148 193 77 164 146 152 161 162 168 58 75 112 145 57 60 78 140 104 54 138 98 53 134 137 100 88 97 84 71 51 31 133 82 46 192 81 45 76 160 131 74 144 56 43 73 52 136 30 70 96 50 132 39 69 29 44 49 80 130 27 67 42 72 129 41 23 38 28 68 48 37 15 26 66 35 25 128 40 65 22 21 19 36 13 7 14 11 24 34 20 33 64 1 5 16 12 4 10 17 0 8 2 18 32 6 3 9 

0.000000000000 0.000000000000 0.000000000000 0.000000000000 0.000000000000 0.000000000000 0.000000000000 0.000000000000 0.000000000000 0.000000000000 0.000000000000 0.000000000000 0.000000000000 0.000000000000 0.000000000000 0.000000000000 0.000000000000 0.000000000000 0.000000000000 0.000000000000 0.000000000000 0.000000000000 0.000000000000 0.000000000000 0.000000000000 0.000000000000 0.000000000000 0.000000000000 0.000000000000 0.000000000000 0.000000000000 0.000000000002 0.000000000000 0.000000000000 0.000000000000 0.000000000000 0.000000000000 0.000000000000 0.000000000000 0.000000000000 0.000000000000 0.000000000000 0.000000000000 0.000000000000 0.000000000000 0.000000000000 0.000000000000 0.000000000267 0.000000000000 0.000000000000 0.000000000000 0.000000000000 0.000000000000 0.000000000000 0.000000000000 0.000000000557 0.000000000000 0.000000000000 0.000000000000 0.000000002834 0.000000000000 0.000000001992 0.000000071391 0.003716000000 0.000000000000 0.000000000000 0.000000000000 0.000000000000 0.000000000000 0.000000000000 0.000000000000 0.000000000000 0.000000000000 0.000000000000 0.000000000000 0.000000000000 0.000000000000 0.000000000000 0.000000000000 0.000000000087 0.000000000000 0.000000000000 0.000000000000 0.000000000000 0.000000000000 0.000000000000 0.000000000000 0.000000547660 0.000000000000 0.000000000000 0.000000000000 0.000000262550 0.000000000000 0.000000548600 0.000000478740 0.009322300000 0.000000000000 0.000000000000 0.000000000000 0.000000000000 0.000000000000 0.000000000000 0.000000000000 0.000000384090 0.000000000000 0.000000000000 0.000000000000 0.000000075507 0.000000000000 0.000000294630 0.000011006000 0.022133000000 0.000000000000 0.000000000000 0.000000000000 0.000084433000 0.000000000000 0.000170570000 0.000309610000 0.053252000000 0.000000000001 0.000678620000 0.002105600000 0.119280000000 0.012787000000 0.240100000000 0.365820000000 0.819780000000 0.000000000000 0.000000000000 0.000000000000 0.000000000000 0.000000000000 0.000000000000 0.000000000000 0.000000000000 0.000000000000 0.000000000000 0.000000000000 0.000000000000 0.000000000000 0.000000000000 0.000000000000 0.000005645700 0.000000000000 0.000000000000 0.000000000000 0.000000000002 0.000000000000 0.000000000000 0.000000000000 0.000132660000 0.000000000000 0.000000000000 0.000000000000 0.000341030000 0.000000000000 0.000312130000 0.000769210000 0.090216000000 0.000000000000 0.000000000000 0.000000000000 0.000000000000 0.000000000000 0.000000000000 0.000000000006 0.000409730000 0.000000000000 0.000000000018 0.000000000005 0.001499900000 0.000000002967 0.002834400000 0.006149400000 0.191360000000 0.000000000000 0.000042807000 0.000000139730 0.006771900000 0.000003408000 0.016758000000 0.034908000000 0.368280000000 0.001068700000 0.070784000000 0.128300000000 0.565670000000 0.252620000000 0.692750000000 0.716700000000 0.954910000000 0.000000000000 0.000000000000 0.000000000000 0.000014867000 0.000000000000 0.000001640700 0.000014111000 0.021167000000 0.000000000000 0.000132300000 0.000174090000 0.045526000000 0.001917200000 0.088397000000 0.157350000000 0.605940000000 0.000000000555 0.003072800000 0.006436900000 0.156330000000 0.025039000000 0.267210000000 0.362660000000 0.789890000000 0.092377000000 0.438750000000 0.505970000000 0.868410000000 0.530410000000 0.881790000000 0.854250000000 0.985830000000 0.001057600000 0.055035000000 0.097989000000 0.459980000000 0.184850000000 0.579150000000 0.599670000000 0.913710000000 0.268850000000 0.657990000000 0.647180000000 0.929860000000 0.619600000000 0.926620000000 0.887570000000 0.991550000000 0.294370000000 0.669010000000 0.657300000000 0.934160000000 0.634830000000 0.933200000000 0.890880000000 0.991650000000 0.577080000000 0.914760000000 0.891680000000 0.992180000000 0.816820000000 0.992260000000 0.942660000000 0.999430000000 

0.000000000000 0.000000000000 0.000000000000 0.000000000000 0.000000000000 0.000000000000 0.000000000000 0.000000000000 0.000000000000 0.000000000000 0.000000000000 0.000000000000 0.000000000000 0.000000000000 0.000000000000 0.000000000000 0.000000000000 0.000000000000 0.000000000000 0.000000000000 0.000000000000 0.000000000000 0.000000000000 0.000000000000 0.000000000000 0.000000000000 0.000000000000 0.000000000000 0.000000000000 0.000000000000 0.000000000000 0.000000000000 0.000000000000 0.000000000000 0.000000000000 0.000000000000 0.000000000000 0.000000000000 0.000000000000 0.000000000000 0.000000000000 0.000000000000 0.000000000000 0.000000000000 0.000000000000 0.000000000000 0.000000000000 0.000000000077 0.000000000000 0.000000000000 0.000000000000 0.000000000000 0.000000000000 0.000000000000 0.000000000000 0.000000000164 0.000000000000 0.000000000000 0.000000000000 0.000000000950 0.000000000000 0.000000000605 0.000000031778 0.008895400000 0.000000000000 0.000000000000 0.000000000000 0.000000000000 0.000000000000 0.000000000000 0.000000000000 0.000000000000 0.000000000000 0.000000000000 0.000000000000 0.000000000000 0.000000000000 0.000000000000 0.000000000000 0.000000000021 0.000000000000 0.000000000000 0.000000000000 0.000000000000 0.000000000000 0.000000000000 0.000000000000 0.000000300530 0.000000000000 0.000000000000 0.000000000000 0.000000123730 0.000000000000 0.000000272760 0.000000214450 0.024344000000 0.000000000000 0.000000000000 0.000000000000 0.000000000000 0.000000000000 0.000000000000 0.000000000000 0.000000185120 0.000000000000 0.000000000000 0.000000000000 0.000000028135 0.000000000000 0.000000124740 0.000007885500 0.051432000000 0.000000000000 0.000000000000 0.000000000000 0.000092789000 0.000000000000 0.000451690000 0.000932550000 0.110970000000 0.000000000000 0.000930250000 0.004747000000 0.242230000000 0.031729000000 0.444240000000 0.639550000000 0.971130000000 0.000000000000 0.000000000000 0.000000000000 0.000000000000 0.000000000000 0.000000000000 0.000000000000 0.000000000000 0.000000000000 0.000000000000 0.000000000000 0.000000000000 0.000000000000 0.000000000000 0.000000000000 0.000003302300 0.000000000000 0.000000000000 0.000000000000 0.000000000000 0.000000000000 0.000000000000 0.000000000000 0.000201590000 0.000000000000 0.000000000000 0.000000000000 0.001283800000 0.000000000000 0.000785020000 0.001887000000 0.197190000000 0.000000000000 0.000000000000 0.000000000000 0.000000000000 0.000000000000 0.000000000000 0.000000000001 0.001399700000 0.000000000000 0.000000000004 0.000000000001 0.003415500000 0.000000000922 0.007865200000 0.014888000000 0.372480000000 0.000000000000 0.000066607000 0.000000061074 0.020880000000 0.000002282800 0.037976000000 0.085571000000 0.619990000000 0.003632900000 0.169640000000 0.268700000000 0.839310000000 0.533880000000 0.936030000000 0.973010000000 0.991890000000 0.000000000000 0.000000000000 0.000000000000 0.000013231000 0.000000000000 0.000000854920 0.000011160000 0.052526000000 0.000000000000 0.000234030000 0.000817390000 0.108110000000 0.004414300000 0.202010000000 0.341750000000 0.874610000000 0.000000000163 0.008703600000 0.017529000000 0.335940000000 0.072533000000 0.536810000000 0.698010000000 0.971880000000 0.265400000000 0.804610000000 0.900160000000 0.990680000000 0.953060000000 0.991720000000 0.991830000000 0.992250000000 0.004609500000 0.163580000000 0.283020000000 0.833840000000 0.518800000000 0.935540000000 0.965410000000 0.991690000000 0.776890000000 0.983930000000 0.987580000000 0.991780000000 0.989370000000 0.992230000000 0.992180000000 0.992070000000 0.919140000000 0.991350000000 0.991010000000 0.992110000000 0.991640000000 0.992160000000 0.992440000000 0.992190000000 0.991220000000 0.992340000000 0.992060000000 0.992140000000 0.992400000000 0.992220000000 0.992050000000 0.992190000000 

N_obs: 2000

File Format:
1- most to least reliable channels (taken entropies)
2- most to least reliable channels (taken error probabilities)
3- channels entropies (flipped)
4- channels error probabilities (flipped)
5- number of MontCarlo simulations
