255 254 253 252 251 250 249 248 247 246 245 244 243 242 241 239 238 237 236 235 234 233 231 230 229 227 223 222 221 220 219 218 217 215 214 213 211 207 206 205 191 190 189 187 183 175 127 185 203 126 186 188 125 123 199 240 159 174 181 232 228 179 171 225 226 216 212 209 202 182 119 204 173 210 201 124 167 184 198 122 180 178 158 197 224 121 111 157 172 177 208 195 118 155 170 117 200 169 95 151 166 110 115 196 63 156 120 165 109 143 176 194 154 107 163 94 103 116 93 87 91 79 153 61 47 62 55 59 193 31 168 150 114 149 113 147 142 141 108 139 164 135 106 105 102 101 162 99 90 92 86 85 89 77 83 161 78 75 152 46 53 71 54 58 51 60 45 57 43 39 30 27 29 23 192 15 148 112 146 145 140 138 137 134 133 131 104 100 98 84 74 97 82 73 76 88 81 52 42 44 41 50 38 70 37 160 69 56 49 26 25 35 28 21 22 19 67 14 13 11 7 144 136 132 130 129 72 36 40 68 96 20 80 18 34 24 48 17 66 33 12 65 10 9 6 5 3 128 16 8 32 64 4 2 1 0 

255 254 253 252 251 250 249 248 247 246 245 244 243 242 241 239 238 237 236 235 234 233 231 230 229 227 223 222 221 220 219 218 217 215 214 213 211 207 206 205 191 190 189 187 183 175 127 185 203 126 186 188 125 123 199 240 159 174 181 232 228 179 171 225 226 216 212 209 202 182 204 119 173 210 201 167 124 184 198 122 180 197 178 158 224 121 157 172 177 111 208 195 170 118 155 200 169 117 166 196 151 95 115 156 165 110 120 176 194 109 154 163 143 193 168 116 63 153 107 150 94 114 164 149 103 113 93 108 147 142 162 106 152 192 91 161 62 87 141 47 61 55 105 139 59 31 99 148 135 86 133 83 51 58 137 92 160 112 10 41 37 17 101 69 20 46 89 97 85 65 70 76 48 5 38 36 9 21 23 134 45 32 80 132 50 18 14 44 24 16 72 81 6 68 128 0 19 8 1 74 33 35 136 13 4 2 64 79 129 66 84 12 96 144 40 130 146 26 104 34 73 100 28 11 3 140 52 49 42 22 15 29 67 145 25 75 7 88 60 82 71 30 102 98 138 54 56 43 78 131 77 53 27 57 90 39 

0.000000000000 0.000000000000 0.000000000000 0.000000000000 0.000000000000 0.000000000000 0.000000000000 0.000000000000 0.000000000000 0.000000000000 0.000000000000 0.000000000000 0.000000000000 0.000000000000 0.000000000000 0.000000000045 0.000000000000 0.000000000000 0.000000000000 0.000000000000 0.000000000000 0.000000000000 0.000000000000 0.000000012684 0.000000000000 0.000000000000 0.000000000000 0.000000018560 0.000000000000 0.000000424910 0.000000361550 0.007844200000 0.000000000000 0.000000000000 0.000000000000 0.000000000000 0.000000000000 0.000000000000 0.000000000000 0.000000684850 0.000000000000 0.000000000000 0.000000000000 0.000000956240 0.000000000000 0.000096013000 0.000004943300 0.021374000000 0.000000000000 0.000000000000 0.000000000000 0.000029978000 0.000000000000 0.000007627700 0.000370640000 0.066481000000 0.000000000028 0.002310300000 0.006580000000 0.156540000000 0.026962000000 0.306120000000 0.455510000000 0.870620000000 0.000000000000 0.000000000000 0.000000000000 0.000000000001 0.000000000000 0.000000000001 0.000000000000 0.002076100000 0.000000000000 0.000017534000 0.000000002231 0.004096100000 0.000000089568 0.005304200000 0.012058000000 0.261570000000 0.000000000000 0.000000001290 0.000041447000 0.011795000000 0.000000278450 0.034243000000 0.069149000000 0.473140000000 0.001530500000 0.130580000000 0.218800000000 0.682400000000 0.333390000000 0.778850000000 0.810400000000 0.970250000000 0.000000000233 0.006085300000 0.009499200000 0.184250000000 0.032473000000 0.311320000000 0.427950000000 0.825330000000 0.125250000000 0.521760000000 0.558810000000 0.896970000000 0.607660000000 0.909090000000 0.916010000000 0.987040000000 0.243900000000 0.633980000000 0.657380000000 0.925680000000 0.672500000000 0.926310000000 0.930570000000 0.988940000000 0.698010000000 0.937700000000 0.944020000000 0.990480000000 0.950150000000 0.992290000000 0.993460000000 0.999150000000 0.000000000000 0.000000000000 0.000000000002 0.001177400000 0.000000000025 0.003186500000 0.008428900000 0.193450000000 0.000028557000 0.027391000000 0.059531000000 0.376410000000 0.147430000000 0.523840000000 0.588730000000 0.909050000000 0.008693300000 0.145290000000 0.234960000000 0.660660000000 0.312950000000 0.713940000000 0.733900000000 0.951520000000 0.357350000000 0.753380000000 0.756180000000 0.951830000000 0.778960000000 0.958000000000 0.963880000000 0.994940000000 0.078152000000 0.337920000000 0.384920000000 0.797190000000 0.401560000000 0.789640000000 0.805370000000 0.966250000000 0.392260000000 0.800200000000 0.801070000000 0.961620000000 0.810190000000 0.964040000000 0.967030000000 0.995110000000 0.409490000000 0.813990000000 0.810080000000 0.964940000000 0.814120000000 0.963800000000 0.964730000000 0.994200000000 0.829430000000 0.969580000000 0.970600000000 0.994830000000 0.973670000000 0.995710000000 0.996270000000 0.999500000000 0.157330000000 0.435260000000 0.429550000000 0.832870000000 0.448230000000 0.829600000000 0.833400000000 0.971030000000 0.446870000000 0.829440000000 0.827420000000 0.967190000000 0.831540000000 0.969060000000 0.971240000000 0.995600000000 0.434440000000 0.826250000000 0.833330000000 0.968340000000 0.834420000000 0.967360000000 0.968430000000 0.994780000000 0.836020000000 0.969310000000 0.970190000000 0.994560000000 0.972180000000 0.995300000000 0.995780000000 0.999410000000 0.464000000000 0.849920000000 0.852670000000 0.972430000000 0.852130000000 0.971900000000 0.971940000000 0.995330000000 0.855550000000 0.973240000000 0.972830000000 0.994950000000 0.973370000000 0.995250000000 0.995610000000 0.999340000000 0.873140000000 0.978400000000 0.978530000000 0.996000000000 0.979140000000 0.996270000000 0.996390000000 0.999400000000 0.981610000000 0.997070000000 0.997230000000 0.999510000000 0.997580000000 0.999640000000 0.999680000000 0.999960000000 

0.000000000000 0.000000000000 0.000000000000 0.000000000000 0.000000000000 0.000000000000 0.000000000000 0.000000000000 0.000000000000 0.000000000000 0.000000000000 0.000000000000 0.000000000000 0.000000000000 0.000000000000 0.000000000012 0.000000000000 0.000000000000 0.000000000000 0.000000000000 0.000000000000 0.000000000000 0.000000000000 0.000000004851 0.000000000000 0.000000000000 0.000000000000 0.000000007458 0.000000000000 0.000000208900 0.000000186990 0.019876000000 0.000000000000 0.000000000000 0.000000000000 0.000000000000 0.000000000000 0.000000000000 0.000000000000 0.000000387850 0.000000000000 0.000000000000 0.000000000000 0.000000542730 0.000000000000 0.000093342000 0.000002858700 0.058524000000 0.000000000000 0.000000000000 0.000000000000 0.000027922000 0.000000000000 0.000004338800 0.000508150000 0.159270000000 0.000000000007 0.004368600000 0.015616000000 0.323290000000 0.065738000000 0.568690000000 0.767640000000 0.988830000000 0.000000000000 0.000000000000 0.000000000000 0.000000000000 0.000000000000 0.000000000000 0.000000000000 0.004360800000 0.000000000000 0.000015970000 0.000000000719 0.011048000000 0.000000039944 0.016265000000 0.037258000000 0.522080000000 0.000000000000 0.000000000392 0.000044742000 0.037149000000 0.000000133390 0.071987000000 0.172380000000 0.771530000000 0.002537300000 0.316320000000 0.479010000000 0.935790000000 0.732140000000 0.985570000000 0.990530000000 0.995900000000 0.000000000069 0.018913000000 0.030556000000 0.451360000000 0.098016000000 0.653100000000 0.816100000000 0.987970000000 0.386070000000 0.885840000000 0.951190000000 0.994920000000 0.979030000000 0.996130000000 0.996220000000 0.996120000000 0.760970000000 0.982320000000 0.992450000000 0.996160000000 0.994250000000 0.996330000000 0.995850000000 0.996100000000 0.995160000000 0.996060000000 0.995690000000 0.996070000000 0.996590000000 0.996130000000 0.996110000000 0.996090000000 0.000000000000 0.000000000000 0.000000000000 0.003834500000 0.000000000006 0.009046200000 0.030358000000 0.494690000000 0.000028551000 0.097814000000 0.181050000000 0.774410000000 0.434490000000 0.911760000000 0.968610000000 0.995940000000 0.037331000000 0.485080000000 0.650460000000 0.970770000000 0.847910000000 0.987700000000 0.993820000000 0.996150000000 0.952810000000 0.996290000000 0.996010000000 0.996160000000 0.994850000000 0.996310000000 0.996020000000 0.996120000000 0.414480000000 0.911670000000 0.970540000000 0.995860000000 0.990340000000 0.996790000000 0.996010000000 0.996240000000 0.992370000000 0.995660000000 0.996020000000 0.996120000000 0.995790000000 0.996260000000 0.996080000000 0.996070000000 0.996110000000 0.996570000000 0.996610000000 0.996040000000 0.996240000000 0.996100000000 0.996150000000 0.996080000000 0.996270000000 0.996030000000 0.996010000000 0.996090000000 0.996210000000 0.996110000000 0.996030000000 0.996110000000 0.814380000000 0.991610000000 0.993290000000 0.996260000000 0.994630000000 0.995830000000 0.996740000000 0.996390000000 0.993360000000 0.996380000000 0.996620000000 0.996170000000 0.995800000000 0.996070000000 0.996180000000 0.996040000000 0.992980000000 0.996010000000 0.996060000000 0.996080000000 0.996480000000 0.996180000000 0.995960000000 0.996130000000 0.996920000000 0.996050000000 0.995980000000 0.996050000000 0.996100000000 0.996150000000 0.996100000000 0.996070000000 0.994840000000 0.996280000000 0.996200000000 0.996160000000 0.996700000000 0.996140000000 0.996230000000 0.996080000000 0.996060000000 0.996190000000 0.996060000000 0.996010000000 0.996090000000 0.996070000000 0.996010000000 0.996080000000 0.996190000000 0.996080000000 0.996110000000 0.996120000000 0.996160000000 0.995960000000 0.996060000000 0.996090000000 0.996240000000 0.996090000000 0.996050000000 0.996110000000 0.996160000000 0.996110000000 0.996100000000 0.996090000000 

N_obs: 400

File Format:
1- most to least reliable channels (taken entropies)
2- most to least reliable channels (taken error probabilities)
3- channels entropies (flipped)
4- channels error probabilities (flipped)
5- number of MontCarlo simulations
