255 254 253 252 251 250 249 248 247 246 245 244 243 242 241 239 238 237 236 235 234 233 231 230 229 227 223 222 221 220 219 218 217 215 214 213 211 207 206 205 203 199 191 190 189 188 187 186 185 183 182 181 179 175 174 173 171 159 127 126 125 123 119 111 167 240 232 212 158 226 124 225 216 155 209 228 210 204 122 202 157 201 95 117 180 197 184 121 198 151 195 115 172 118 170 169 166 178 177 110 165 109 156 107 224 143 208 154 163 120 200 153 63 116 94 196 103 114 150 176 93 194 149 113 168 108 91 193 106 164 147 142 62 105 87 162 141 152 102 61 92 79 161 59 139 101 31 55 47 148 90 112 99 135 89 192 146 15 86 85 71 83 104 23 145 60 39 75 77 27 78 140 29 43 51 57 30 58 45 53 46 54 138 7 100 137 131 160 133 134 97 98 67 19 88 11 35 13 14 81 69 3 73 84 25 37 21 82 70 41 49 74 22 38 144 76 26 28 42 50 44 129 56 52 65 17 9 33 5 136 1 132 130 6 96 12 80 66 68 72 18 34 10 24 36 20 40 48 128 16 8 64 32 4 2 0 

255 254 253 252 251 250 249 248 247 246 245 244 243 242 241 239 238 237 236 235 234 233 231 230 229 227 223 222 221 220 219 218 217 215 214 213 211 207 206 205 203 199 191 190 189 188 187 186 185 183 182 181 179 175 174 173 171 159 127 126 125 123 119 111 167 240 232 212 158 226 124 225 216 209 155 228 210 204 122 202 201 157 95 117 180 197 184 121 198 195 151 115 172 118 170 169 166 177 165 178 110 109 156 208 107 224 154 143 200 163 153 120 116 196 63 103 94 150 114 176 194 93 149 168 113 108 193 91 164 106 147 142 162 105 152 141 62 87 102 161 92 148 61 101 112 139 90 79 192 146 99 59 89 135 104 145 140 86 55 160 60 85 100 138 47 83 78 137 58 31 98 88 77 134 144 57 97 75 53 71 133 51 131 39 54 15 43 84 29 13 70 45 7 56 74 81 27 82 23 28 3 65 14 80 48 73 38 66 136 26 5 69 18 9 42 33 36 128 22 16 0 8 2 41 6 49 64 32 4 40 130 34 21 12 132 67 44 20 1 24 10 68 96 72 50 129 46 25 17 52 37 76 35 19 11 30 

0.000000000000 0.000000000000 0.000000000000 0.000000000000 0.000000000000 0.000000000000 0.000000000000 0.000000000000 0.000000000000 0.000000000000 0.000000000000 0.000000000000 0.000000000000 0.000000000000 0.000000000000 0.000000000000 0.000000000000 0.000000000000 0.000000000000 0.000000000000 0.000000000000 0.000000000000 0.000000000000 0.000000000001 0.000000000000 0.000000000000 0.000000000000 0.000000000041 0.000000000000 0.000000000002 0.000000000002 0.000969700000 0.000000000000 0.000000000000 0.000000000000 0.000000000000 0.000000000000 0.000000000000 0.000000000000 0.000000000005 0.000000000000 0.000000000000 0.000000000000 0.000000000001 0.000000000000 0.000000000075 0.000000000035 0.001088700000 0.000000000000 0.000000000000 0.000000000000 0.000000000166 0.000000000000 0.000000000631 0.000000000794 0.002582200000 0.000000000000 0.000000331690 0.000000028164 0.007085600000 0.000000803610 0.015366000000 0.038482000000 0.429570000000 0.000000000000 0.000000000000 0.000000000000 0.000000000000 0.000000000000 0.000000000000 0.000000000000 0.000000051137 0.000000000000 0.000000000000 0.000000000000 0.000000014436 0.000000000000 0.000055527000 0.000122270000 0.011809000000 0.000000000000 0.000000000000 0.000000000000 0.000002540800 0.000000000000 0.000006189200 0.000017111000 0.025996000000 0.000000000000 0.000054908000 0.000214840000 0.058676000000 0.001963400000 0.126930000000 0.229440000000 0.706940000000 0.000000000000 0.000000000001 0.000000000789 0.000619140000 0.000000000032 0.001313100000 0.002592000000 0.143020000000 0.000000705370 0.010092000000 0.019842000000 0.273070000000 0.065827000000 0.431350000000 0.523250000000 0.887930000000 0.001040500000 0.077473000000 0.138010000000 0.564610000000 0.247610000000 0.677790000000 0.690100000000 0.945450000000 0.341090000000 0.743310000000 0.734260000000 0.956250000000 0.696720000000 0.956690000000 0.913840000000 0.996090000000 0.000000000000 0.000000000000 0.000000000000 0.000000000002 0.000000000000 0.000000000331 0.000000089831 0.002511700000 0.000000000000 0.000002979200 0.000000005473 0.005128900000 0.000001496200 0.009385000000 0.024690000000 0.306020000000 0.000000000000 0.000124290000 0.000424560000 0.027853000000 0.000947680000 0.054670000000 0.108290000000 0.511800000000 0.007123500000 0.156630000000 0.247850000000 0.684380000000 0.340100000000 0.756200000000 0.756080000000 0.965290000000 0.000000002605 0.007019100000 0.011844000000 0.184940000000 0.038295000000 0.299210000000 0.379690000000 0.791970000000 0.109290000000 0.454380000000 0.492100000000 0.859690000000 0.497230000000 0.864850000000 0.836500000000 0.982170000000 0.197180000000 0.555240000000 0.551360000000 0.889220000000 0.531270000000 0.880950000000 0.850510000000 0.983700000000 0.494000000000 0.866720000000 0.846930000000 0.983340000000 0.781520000000 0.982820000000 0.934190000000 0.998600000000 0.004654700000 0.095819000000 0.157640000000 0.525840000000 0.230470000000 0.594660000000 0.590030000000 0.914210000000 0.263370000000 0.628850000000 0.612360000000 0.914780000000 0.582390000000 0.908820000000 0.873650000000 0.989400000000 0.266620000000 0.626570000000 0.603270000000 0.911520000000 0.578120000000 0.906450000000 0.868000000000 0.987280000000 0.527010000000 0.887850000000 0.863120000000 0.986390000000 0.792860000000 0.985520000000 0.935800000000 0.998760000000 0.254830000000 0.594220000000 0.567220000000 0.899460000000 0.555020000000 0.896500000000 0.860610000000 0.986090000000 0.520030000000 0.885580000000 0.863820000000 0.986410000000 0.791650000000 0.984870000000 0.934790000000 0.998530000000 0.443390000000 0.831940000000 0.831380000000 0.982050000000 0.792590000000 0.985780000000 0.935770000000 0.998570000000 0.683910000000 0.962000000000 0.936230000000 0.998790000000 0.847950000000 0.998790000000 0.950120000000 0.999920000000 

0.000000000000 0.000000000000 0.000000000000 0.000000000000 0.000000000000 0.000000000000 0.000000000000 0.000000000000 0.000000000000 0.000000000000 0.000000000000 0.000000000000 0.000000000000 0.000000000000 0.000000000000 0.000000000000 0.000000000000 0.000000000000 0.000000000000 0.000000000000 0.000000000000 0.000000000000 0.000000000000 0.000000000000 0.000000000000 0.000000000000 0.000000000000 0.000000000010 0.000000000000 0.000000000000 0.000000000000 0.002869800000 0.000000000000 0.000000000000 0.000000000000 0.000000000000 0.000000000000 0.000000000000 0.000000000000 0.000000000001 0.000000000000 0.000000000000 0.000000000000 0.000000000000 0.000000000000 0.000000000020 0.000000000008 0.001632800000 0.000000000000 0.000000000000 0.000000000000 0.000000000044 0.000000000000 0.000000000182 0.000000000225 0.005172900000 0.000000000000 0.000000162980 0.000000010553 0.016788000000 0.000000372160 0.033098000000 0.081934000000 0.690570000000 0.000000000000 0.000000000000 0.000000000000 0.000000000000 0.000000000000 0.000000000000 0.000000000000 0.000000021223 0.000000000000 0.000000000000 0.000000000000 0.000000004911 0.000000000000 0.000385780000 0.000359570000 0.029126000000 0.000000000000 0.000000000000 0.000000000000 0.000001620900 0.000000000000 0.000004242000 0.000013722000 0.059988000000 0.000000000000 0.000044166000 0.000360660000 0.129560000000 0.005281100000 0.252400000000 0.436500000000 0.923980000000 0.000000000000 0.000000000000 0.000000000245 0.001517900000 0.000000000008 0.003188600000 0.006146000000 0.290050000000 0.000000373660 0.025281000000 0.046163000000 0.505260000000 0.156510000000 0.722840000000 0.850510000000 0.986420000000 0.003319600000 0.191820000000 0.330150000000 0.859490000000 0.584890000000 0.948990000000 0.972390000000 0.992080000000 0.819250000000 0.985100000000 0.989490000000 0.992230000000 0.990340000000 0.992210000000 0.992360000000 0.992150000000 0.000000000000 0.000000000000 0.000000000000 0.000000000000 0.000000000000 0.000000000092 0.000000041423 0.008163100000 0.000000000000 0.000002245500 0.000000001784 0.010794000000 0.000000852010 0.028450000000 0.064386000000 0.583470000000 0.000000000000 0.000566720000 0.001075400000 0.075932000000 0.002594200000 0.139830000000 0.261340000000 0.827430000000 0.021573000000 0.370110000000 0.551920000000 0.944200000000 0.764170000000 0.979210000000 0.986910000000 0.992270000000 0.000000000779 0.022875000000 0.037268000000 0.449570000000 0.122070000000 0.632960000000 0.781480000000 0.979280000000 0.357700000000 0.863060000000 0.937520000000 0.991070000000 0.963610000000 0.991960000000 0.991880000000 0.992040000000 0.690510000000 0.970370000000 0.981620000000 0.992490000000 0.987830000000 0.991870000000 0.992050000000 0.992290000000 0.988890000000 0.991600000000 0.992110000000 0.992270000000 0.992230000000 0.992070000000 0.992020000000 0.992200000000 0.019094000000 0.334120000000 0.537110000000 0.933710000000 0.770340000000 0.975710000000 0.986890000000 0.991790000000 0.914170000000 0.990480000000 0.988740000000 0.992410000000 0.990220000000 0.992340000000 0.992190000000 0.992050000000 0.957730000000 0.992370000000 0.991710000000 0.992230000000 0.990720000000 0.992130000000 0.992190000000 0.992200000000 0.990400000000 0.992070000000 0.992470000000 0.992150000000 0.992600000000 0.992210000000 0.992140000000 0.992200000000 0.977420000000 0.993900000000 0.991320000000 0.992000000000 0.991910000000 0.992090000000 0.992390000000 0.992250000000 0.991980000000 0.992160000000 0.992210000000 0.992240000000 0.992640000000 0.992120000000 0.992390000000 0.992170000000 0.990580000000 0.992020000000 0.991500000000 0.992210000000 0.992800000000 0.992250000000 0.992130000000 0.992180000000 0.991710000000 0.992190000000 0.992110000000 0.992200000000 0.992010000000 0.992190000000 0.992250000000 0.992180000000 

N_obs: 2000

File Format:
1- most to least reliable channels (taken entropies)
2- most to least reliable channels (taken error probabilities)
3- channels entropies (flipped)
4- channels error probabilities (flipped)
5- number of MontCarlo simulations
