255 254 253 252 251 250 249 248 247 246 245 244 243 242 241 239 238 237 236 235 234 233 231 230 229 227 223 222 221 220 219 218 217 215 214 213 211 207 206 205 203 199 191 190 189 188 187 186 185 183 182 181 179 175 174 173 171 167 159 158 157 127 126 125 123 119 111 124 95 232 118 155 228 212 240 122 216 117 151 226 121 225 204 209 115 110 210 201 184 198 178 180 197 202 109 172 169 195 170 165 177 166 107 63 143 94 224 163 154 156 153 103 150 208 116 120 149 93 114 200 196 91 113 176 108 194 147 168 106 193 142 164 105 87 141 62 162 102 152 92 61 161 101 139 90 148 79 59 112 99 89 146 135 55 86 104 192 31 47 145 140 85 60 83 78 100 138 58 77 15 71 75 57 160 23 39 137 51 27 53 54 98 43 29 88 45 30 46 134 97 131 133 7 84 144 67 81 82 19 11 35 73 69 13 14 76 70 74 21 37 25 3 49 56 41 38 22 136 26 50 52 42 28 129 44 96 132 65 130 17 9 33 5 1 6 80 66 72 68 12 18 34 10 36 20 24 40 48 128 64 16 8 32 2 4 0 

255 254 253 252 251 250 249 248 247 246 245 244 243 242 241 239 238 237 236 235 234 233 231 230 229 227 223 222 221 220 219 218 217 215 214 213 211 207 206 205 203 199 191 190 189 188 187 186 185 183 182 181 179 175 174 173 171 167 159 158 157 127 126 125 123 119 111 95 124 232 118 155 228 212 240 122 216 117 151 226 121 225 204 209 115 110 210 201 184 198 178 180 197 202 109 172 169 195 170 165 177 166 107 63 94 143 224 154 156 153 208 150 163 120 103 149 114 116 93 200 196 91 113 176 108 194 147 168 106 193 142 164 105 87 141 162 102 62 152 92 161 101 61 139 148 90 112 79 146 99 89 59 192 104 135 86 145 140 85 55 100 60 138 160 83 78 137 58 98 88 47 77 134 97 57 144 75 133 84 31 54 131 71 53 82 136 51 46 81 76 56 43 96 45 74 38 30 11 69 29 132 37 22 80 67 44 49 41 39 33 5 48 20 17 73 23 25 6 28 66 8 64 0 2 72 4 16 12 24 68 128 50 9 32 10 65 18 40 26 34 130 36 21 1 52 129 19 70 42 13 3 15 7 14 27 35 

0.000000000000 0.000000000000 0.000000000000 0.000000000000 0.000000000000 0.000000000000 0.000000000000 0.000000000000 0.000000000000 0.000000000000 0.000000000000 0.000000000000 0.000000000000 0.000000000000 0.000000000000 0.000000000000 0.000000000000 0.000000000000 0.000000000000 0.000000000000 0.000000000000 0.000000000000 0.000000000000 0.000000000000 0.000000000000 0.000000000000 0.000000000000 0.000000000000 0.000000000000 0.000000000000 0.000000000000 0.000023938000 0.000000000000 0.000000000000 0.000000000000 0.000000000000 0.000000000000 0.000000000000 0.000000000000 0.000000000000 0.000000000000 0.000000000000 0.000000000000 0.000000000000 0.000000000000 0.000000000001 0.000000000000 0.000236140000 0.000000000000 0.000000000000 0.000000000000 0.000000000000 0.000000000000 0.000000000031 0.000000000002 0.000711310000 0.000000000000 0.000000000008 0.000000000025 0.000810370000 0.000000050307 0.003070000000 0.007482700000 0.231140000000 0.000000000000 0.000000000000 0.000000000000 0.000000000000 0.000000000000 0.000000000000 0.000000000000 0.000000000006 0.000000000000 0.000000000000 0.000000000000 0.000000000022 0.000000000000 0.000000000014 0.000000204790 0.002337300000 0.000000000000 0.000000000000 0.000000000000 0.000000011961 0.000000000000 0.000000059484 0.000000033047 0.005120100000 0.000000000000 0.000000276700 0.000000084350 0.010273000000 0.000027178000 0.023418000000 0.053620000000 0.469610000000 0.000000000000 0.000000000000 0.000000000000 0.000060411000 0.000000000000 0.000044759000 0.000154850000 0.033972000000 0.000000000000 0.000227580000 0.000400700000 0.076696000000 0.004397700000 0.153820000000 0.254880000000 0.731610000000 0.000015077000 0.009505400000 0.018964000000 0.264740000000 0.062943000000 0.416470000000 0.504890000000 0.874130000000 0.174170000000 0.588560000000 0.624110000000 0.919970000000 0.619700000000 0.927540000000 0.891700000000 0.992770000000 0.000000000000 0.000000000000 0.000000000000 0.000000000000 0.000000000000 0.000000000000 0.000000000000 0.000393710000 0.000000000000 0.000000000000 0.000000000000 0.000346840000 0.000000000000 0.000566490000 0.001624700000 0.109040000000 0.000000000000 0.000000000001 0.000000005017 0.002910300000 0.000000629930 0.005918400000 0.013550000000 0.227060000000 0.000160230000 0.028294000000 0.055396000000 0.390630000000 0.128860000000 0.536380000000 0.595780000000 0.916730000000 0.000000000000 0.000015716000 0.000439520000 0.037654000000 0.001464800000 0.073710000000 0.139710000000 0.555890000000 0.014971000000 0.197280000000 0.286980000000 0.710670000000 0.363020000000 0.772540000000 0.759380000000 0.965510000000 0.078000000000 0.383550000000 0.427370000000 0.819640000000 0.455350000000 0.833320000000 0.805130000000 0.974600000000 0.442740000000 0.823810000000 0.807260000000 0.974720000000 0.751980000000 0.973860000000 0.927000000000 0.997810000000 0.000008817500 0.020785000000 0.042870000000 0.301190000000 0.098384000000 0.421770000000 0.460030000000 0.848340000000 0.186240000000 0.534220000000 0.533170000000 0.880640000000 0.521890000000 0.877840000000 0.846880000000 0.984580000000 0.234790000000 0.580770000000 0.557150000000 0.894220000000 0.538040000000 0.884210000000 0.849100000000 0.983610000000 0.490350000000 0.865330000000 0.844220000000 0.982270000000 0.778700000000 0.981000000000 0.932200000000 0.998320000000 0.233620000000 0.567330000000 0.541400000000 0.886510000000 0.526270000000 0.876590000000 0.845250000000 0.983210000000 0.489810000000 0.866580000000 0.843130000000 0.982410000000 0.776270000000 0.980180000000 0.930820000000 0.998040000000 0.430310000000 0.818580000000 0.814520000000 0.977690000000 0.778070000000 0.981600000000 0.931750000000 0.998100000000 0.673610000000 0.958450000000 0.932590000000 0.998420000000 0.845550000000 0.998360000000 0.949590000000 0.999890000000 

0.000000000000 0.000000000000 0.000000000000 0.000000000000 0.000000000000 0.000000000000 0.000000000000 0.000000000000 0.000000000000 0.000000000000 0.000000000000 0.000000000000 0.000000000000 0.000000000000 0.000000000000 0.000000000000 0.000000000000 0.000000000000 0.000000000000 0.000000000000 0.000000000000 0.000000000000 0.000000000000 0.000000000000 0.000000000000 0.000000000000 0.000000000000 0.000000000000 0.000000000000 0.000000000000 0.000000000000 0.000016965000 0.000000000000 0.000000000000 0.000000000000 0.000000000000 0.000000000000 0.000000000000 0.000000000000 0.000000000000 0.000000000000 0.000000000000 0.000000000000 0.000000000000 0.000000000000 0.000000000000 0.000000000000 0.000313280000 0.000000000000 0.000000000000 0.000000000000 0.000000000000 0.000000000000 0.000000000008 0.000000000000 0.001668800000 0.000000000000 0.000000000002 0.000000000006 0.002120100000 0.000000020752 0.007910700000 0.017307000000 0.427480000000 0.000000000000 0.000000000000 0.000000000000 0.000000000000 0.000000000000 0.000000000000 0.000000000000 0.000000000001 0.000000000000 0.000000000000 0.000000000000 0.000000000005 0.000000000000 0.000000000003 0.000000104890 0.004957300000 0.000000000000 0.000000000000 0.000000000000 0.000000004305 0.000000000000 0.000000025271 0.000000012627 0.012490000000 0.000000000000 0.000000133160 0.000000033220 0.022956000000 0.000486980000 0.052189000000 0.110990000000 0.732900000000 0.000000000000 0.000000000000 0.000000000000 0.000074981000 0.000000000000 0.000072793000 0.000211170000 0.075335000000 0.000000000000 0.000466570000 0.000880560000 0.161860000000 0.012335000000 0.309670000000 0.487890000000 0.933600000000 0.000015970000 0.022125000000 0.048927000000 0.501210000000 0.150300000000 0.724570000000 0.848480000000 0.985230000000 0.449020000000 0.913690000000 0.958220000000 0.991820000000 0.977400000000 0.992270000000 0.992410000000 0.992210000000 0.000000000000 0.000000000000 0.000000000000 0.000000000000 0.000000000000 0.000000000000 0.000000000000 0.000544820000 0.000000000000 0.000000000000 0.000000000000 0.001224600000 0.000000000000 0.000897680000 0.004580300000 0.241500000000 0.000000000000 0.000000000000 0.000000001748 0.006412400000 0.000000338090 0.016154000000 0.035808000000 0.448980000000 0.000612330000 0.070610000000 0.135920000000 0.685460000000 0.310880000000 0.853570000000 0.916650000000 0.990770000000 0.000000000000 0.000011220000 0.001347900000 0.106560000000 0.003791700000 0.183210000000 0.330000000000 0.862510000000 0.045028000000 0.472630000000 0.635060000000 0.958560000000 0.802260000000 0.985060000000 0.988300000000 0.991990000000 0.260690000000 0.815820000000 0.906590000000 0.988580000000 0.953730000000 0.991140000000 0.992100000000 0.992190000000 0.979420000000 0.992460000000 0.991790000000 0.992200000000 0.991990000000 0.992150000000 0.992230000000 0.992150000000 0.000006845600 0.073621000000 0.147860000000 0.698150000000 0.341270000000 0.849880000000 0.929250000000 0.989630000000 0.647870000000 0.961260000000 0.979470000000 0.992380000000 0.985880000000 0.992210000000 0.992010000000 0.992090000000 0.873510000000 0.988150000000 0.991050000000 0.992000000000 0.990420000000 0.992530000000 0.992010000000 0.992260000000 0.992050000000 0.991620000000 0.991870000000 0.992280000000 0.992750000000 0.992270000000 0.992080000000 0.992220000000 0.958820000000 0.991630000000 0.991810000000 0.992110000000 0.992750000000 0.992260000000 0.992110000000 0.992200000000 0.992100000000 0.991880000000 0.992310000000 0.992090000000 0.992420000000 0.992240000000 0.992100000000 0.992190000000 0.992650000000 0.992740000000 0.992600000000 0.992190000000 0.991740000000 0.992220000000 0.992210000000 0.992150000000 0.992680000000 0.992110000000 0.992080000000 0.992190000000 0.992650000000 0.992190000000 0.992330000000 0.992180000000 

N_obs: 2000

File Format:
1- most to least reliable channels (taken entropies)
2- most to least reliable channels (taken error probabilities)
3- channels entropies (flipped)
4- channels error probabilities (flipped)
5- number of MontCarlo simulations
