255 254 253 252 251 250 249 248 247 246 245 244 243 242 241 239 238 237 236 235 234 233 231 230 229 227 223 222 221 220 219 218 217 215 214 213 211 207 206 205 203 191 190 189 188 187 186 185 183 182 175 159 127 126 125 123 199 181 119 179 174 173 240 171 111 226 232 216 167 210 225 228 209 212 124 202 204 201 158 121 198 122 157 184 197 180 178 155 118 117 195 177 172 170 115 151 95 169 224 110 166 208 109 165 156 200 120 154 107 143 196 116 63 163 153 176 94 194 114 150 103 93 168 113 149 108 193 91 164 62 87 106 147 142 31 79 61 47 59 55 105 141 162 152 139 102 135 92 15 101 161 99 71 90 23 39 89 148 112 83 27 75 29 85 77 43 86 51 30 78 192 45 53 57 46 60 58 54 146 7 145 131 140 104 137 133 67 19 35 11 138 134 97 14 13 100 3 98 160 69 25 73 81 37 21 41 49 70 22 88 38 26 82 28 74 84 76 42 129 50 44 52 17 56 9 65 33 5 144 1 6 136 132 130 96 12 18 66 68 34 72 24 10 20 80 36 40 48 128 16 8 32 2 4 64 0 

255 254 253 252 251 250 249 248 247 246 245 244 243 242 241 239 238 237 236 235 234 233 231 230 229 227 223 222 221 220 219 218 217 215 214 213 211 207 206 205 203 191 190 189 188 187 186 185 183 182 175 159 127 126 125 123 199 181 119 179 174 173 240 171 226 111 232 216 167 210 225 228 209 212 124 202 204 201 158 121 198 122 157 184 197 118 178 155 180 117 177 195 172 170 169 115 151 95 224 110 208 166 109 165 200 156 120 154 196 107 116 143 163 153 176 194 63 94 150 114 168 103 193 93 149 113 108 164 91 106 147 142 162 152 105 141 62 161 87 102 92 148 112 61 192 139 101 79 90 135 59 146 99 89 104 145 140 55 86 160 47 85 31 83 60 100 138 78 75 15 25 57 134 137 97 98 67 131 73 45 30 88 27 133 21 14 53 1 144 77 70 19 5 50 38 36 13 44 48 136 35 42 130 66 46 96 11 16 8 72 65 10 4 32 0 24 28 64 17 128 18 80 6 2 40 3 74 34 58 49 20 76 41 12 81 68 132 129 33 22 9 26 84 23 69 82 37 52 29 56 51 54 39 43 7 71 

0.000000000000 0.000000000000 0.000000000000 0.000000000000 0.000000000000 0.000000000000 0.000000000000 0.000000000000 0.000000000000 0.000000000000 0.000000000000 0.000000000000 0.000000000000 0.000000000000 0.000000000000 0.000000000000 0.000000000000 0.000000000000 0.000000000000 0.000000000000 0.000000000000 0.000000000000 0.000000000000 0.000000000100 0.000000000000 0.000000000000 0.000000000000 0.000000003370 0.000000000000 0.000000000025 0.000000001717 0.002334100000 0.000000000000 0.000000000000 0.000000000000 0.000000000000 0.000000000000 0.000000000000 0.000000000000 0.000000000158 0.000000000000 0.000000000000 0.000000000000 0.000000020889 0.000000000000 0.000000001698 0.000000010128 0.005240400000 0.000000000000 0.000000000000 0.000000000000 0.000000529980 0.000000000000 0.000000205140 0.000001582400 0.010845000000 0.000000000000 0.000005514200 0.000025663000 0.029867000000 0.000257240000 0.067492000000 0.143730000000 0.638960000000 0.000000000000 0.000000000000 0.000000000000 0.000000000000 0.000000000000 0.000000000000 0.000000000000 0.000012039000 0.000000000000 0.000000000000 0.000000000000 0.000050916000 0.000000000000 0.000121330000 0.000281420000 0.048183000000 0.000000000000 0.000000000000 0.000000000000 0.000382360000 0.000000000001 0.000777950000 0.001745800000 0.107920000000 0.000000000200 0.004665000000 0.009484200000 0.218610000000 0.038672000000 0.354620000000 0.468750000000 0.864540000000 0.000000000000 0.000002620300 0.000008121900 0.010370000000 0.000133720000 0.021707000000 0.043637000000 0.383790000000 0.001210800000 0.083563000000 0.142380000000 0.569380000000 0.254870000000 0.686240000000 0.703630000000 0.950400000000 0.026254000000 0.264970000000 0.343030000000 0.766480000000 0.414130000000 0.809870000000 0.785860000000 0.970450000000 0.423720000000 0.814790000000 0.798830000000 0.972350000000 0.748290000000 0.973010000000 0.926580000000 0.997770000000 0.000000000000 0.000000000000 0.000000000000 0.000000050273 0.000000000000 0.000006541600 0.000003246900 0.015521000000 0.000000000000 0.000142960000 0.000225040000 0.035254000000 0.001116900000 0.074805000000 0.139640000000 0.572650000000 0.000000000025 0.003130500000 0.005881100000 0.143430000000 0.023391000000 0.251520000000 0.340930000000 0.770240000000 0.084837000000 0.416160000000 0.465630000000 0.846460000000 0.492810000000 0.861250000000 0.838460000000 0.983100000000 0.001293200000 0.052888000000 0.093617000000 0.430070000000 0.172910000000 0.545830000000 0.568960000000 0.902040000000 0.246920000000 0.620360000000 0.606450000000 0.912410000000 0.583390000000 0.909680000000 0.874470000000 0.989200000000 0.270320000000 0.633810000000 0.614520000000 0.917030000000 0.591400000000 0.912260000000 0.874440000000 0.988610000000 0.537160000000 0.894360000000 0.872510000000 0.988210000000 0.800910000000 0.987990000000 0.938390000000 0.999060000000 0.038115000000 0.242970000000 0.285810000000 0.674530000000 0.304020000000 0.680030000000 0.665110000000 0.938130000000 0.308310000000 0.682390000000 0.658460000000 0.931350000000 0.622090000000 0.927190000000 0.887480000000 0.991450000000 0.298990000000 0.669230000000 0.643080000000 0.929420000000 0.615720000000 0.924680000000 0.883110000000 0.990170000000 0.552340000000 0.902140000000 0.877540000000 0.989370000000 0.804130000000 0.988430000000 0.938490000000 0.999000000000 0.266540000000 0.624210000000 0.598820000000 0.910540000000 0.584160000000 0.908870000000 0.873930000000 0.988630000000 0.549980000000 0.899940000000 0.878390000000 0.989150000000 0.802030000000 0.987790000000 0.937270000000 0.998850000000 0.453180000000 0.843680000000 0.844030000000 0.984990000000 0.804290000000 0.988820000000 0.938390000000 0.998920000000 0.691150000000 0.964070000000 0.938640000000 0.999060000000 0.850550000000 0.999030000000 0.950710000000 0.999930000000 

0.000000000000 0.000000000000 0.000000000000 0.000000000000 0.000000000000 0.000000000000 0.000000000000 0.000000000000 0.000000000000 0.000000000000 0.000000000000 0.000000000000 0.000000000000 0.000000000000 0.000000000000 0.000000000000 0.000000000000 0.000000000000 0.000000000000 0.000000000000 0.000000000000 0.000000000000 0.000000000000 0.000000000026 0.000000000000 0.000000000000 0.000000000000 0.000000001163 0.000000000000 0.000000000006 0.000000000537 0.004980700000 0.000000000000 0.000000000000 0.000000000000 0.000000000000 0.000000000000 0.000000000000 0.000000000000 0.000000000039 0.000000000000 0.000000000000 0.000000000000 0.000000007161 0.000000000000 0.000000000497 0.000000003332 0.012325000000 0.000000000000 0.000000000000 0.000000000000 0.000000279580 0.000000000000 0.000000093633 0.000000953390 0.025318000000 0.000000000000 0.000003259600 0.000018937000 0.064900000000 0.000646500000 0.137550000000 0.277770000000 0.877900000000 0.000000000000 0.000000000000 0.000000000000 0.000000000000 0.000000000000 0.000000000000 0.000000000000 0.000010152000 0.000000000000 0.000000000000 0.000000000000 0.000453180000 0.000000000000 0.000328820000 0.000505770000 0.104420000000 0.000000000000 0.000000000000 0.000000000000 0.000856030000 0.000000000000 0.001644200000 0.002614900000 0.221480000000 0.000000000052 0.012769000000 0.022746000000 0.410110000000 0.090234000000 0.621580000000 0.766310000000 0.981790000000 0.000000000000 0.000001539100 0.000005587500 0.027698000000 0.000365100000 0.053697000000 0.098947000000 0.664510000000 0.004093700000 0.192400000000 0.316990000000 0.852280000000 0.558350000000 0.948920000000 0.971890000000 0.991990000000 0.088136000000 0.590800000000 0.744130000000 0.975150000000 0.879700000000 0.990100000000 0.991520000000 0.992110000000 0.942650000000 0.991520000000 0.991910000000 0.992290000000 0.991790000000 0.992120000000 0.992310000000 0.992200000000 0.000000000000 0.000000000000 0.000000000000 0.000000018628 0.000000000000 0.000004698200 0.000002031700 0.043671000000 0.000000000000 0.000250610000 0.000495430000 0.086606000000 0.003805800000 0.193090000000 0.329830000000 0.868370000000 0.000000000006 0.010018000000 0.020337000000 0.349080000000 0.068482000000 0.546620000000 0.707760000000 0.971620000000 0.265800000000 0.806320000000 0.904640000000 0.989600000000 0.950610000000 0.991630000000 0.991610000000 0.992140000000 0.004403300000 0.180050000000 0.286850000000 0.820710000000 0.523990000000 0.936190000000 0.966090000000 0.991890000000 0.786300000000 0.979410000000 0.985850000000 0.992330000000 0.988120000000 0.992350000000 0.992280000000 0.992200000000 0.917920000000 0.990380000000 0.992000000000 0.992270000000 0.991000000000 0.992240000000 0.991830000000 0.992170000000 0.993120000000 0.992020000000 0.992340000000 0.992280000000 0.991730000000 0.992140000000 0.992170000000 0.992190000000 0.169180000000 0.765290000000 0.873900000000 0.989350000000 0.947820000000 0.992250000000 0.991470000000 0.992430000000 0.976830000000 0.992760000000 0.991970000000 0.992410000000 0.992470000000 0.992030000000 0.992260000000 0.992090000000 0.984010000000 0.992140000000 0.991830000000 0.992080000000 0.992960000000 0.992110000000 0.992280000000 0.992220000000 0.992930000000 0.992040000000 0.992390000000 0.992060000000 0.992110000000 0.992250000000 0.992310000000 0.992180000000 0.987450000000 0.991880000000 0.992420000000 0.992180000000 0.991900000000 0.992330000000 0.991370000000 0.992180000000 0.992340000000 0.992310000000 0.991910000000 0.992260000000 0.992030000000 0.992200000000 0.992200000000 0.992160000000 0.991110000000 0.991940000000 0.992070000000 0.992280000000 0.992150000000 0.992170000000 0.992320000000 0.992160000000 0.993030000000 0.992210000000 0.992030000000 0.992180000000 0.992220000000 0.992210000000 0.991990000000 0.992180000000 

N_obs: 2000

File Format:
1- most to least reliable channels (taken entropies)
2- most to least reliable channels (taken error probabilities)
3- channels entropies (flipped)
4- channels error probabilities (flipped)
5- number of MontCarlo simulations
