255 254 253 252 251 250 249 247 246 245 243 239 238 237 223 235 231 221 191 222 219 244 242 241 215 248 234 236 233 230 229 190 220 189 207 218 227 217 127 240 187 214 232 213 183 228 188 211 206 126 175 226 125 63 205 216 186 159 95 123 119 111 225 185 203 31 199 212 182 47 143 79 181 55 59 179 167 151 61 103 87 155 171 15 173 62 157 91 174 210 93 107 158 115 94 124 109 117 121 122 110 118 209 204 23 39 135 71 27 29 30 195 7 184 201 202 51 197 43 139 147 75 163 224 198 83 99 141 45 46 142 77 57 78 53 177 165 149 180 169 153 54 58 85 35 19 178 11 67 89 131 101 166 150 60 105 3 113 86 154 170 102 156 172 90 14 106 92 13 114 108 116 120 208 193 25 37 49 21 41 145 137 69 133 73 161 81 97 17 28 33 9 5 65 129 22 38 1 70 134 200 26 194 196 6 44 140 50 76 52 56 42 146 138 162 74 176 164 148 82 168 152 84 98 100 88 104 112 12 192 24 18 34 36 10 40 48 20 136 144 72 66 68 130 132 80 160 96 16 8 32 2 4 64 128 0 

255 254 253 252 251 250 249 247 246 245 243 239 238 237 223 235 231 221 191 222 219 244 242 241 215 248 234 236 233 230 229 220 190 218 207 189 227 217 240 214 187 127 232 213 228 183 211 206 188 226 216 205 186 225 126 175 212 185 203 125 182 210 159 199 181 123 209 204 224 179 119 174 184 202 124 111 173 201 95 158 167 122 155 171 180 198 208 121 157 109 15 197 71 94 63 43 62 103 195 29 151 142 172 110 7 46 178 156 30 147 141 49 41 91 45 165 35 105 14 58 19 50 139 93 3 23 21 77 27 168 137 25 1 89 83 135 152 55 176 74 200 56 54 22 60 26 59 116 162 177 114 9 13 104 20 134 42 112 34 196 52 48 99 98 129 140 68 16 82 160 36 8 18 40 69 144 32 146 0 64 2 4 128 6 136 113 70 130 80 145 120 37 148 66 76 12 193 10 132 169 72 96 28 100 102 33 108 88 107 38 24 81 67 73 149 192 84 138 44 153 150 161 97 194 154 65 117 53 92 90 85 39 5 164 118 11 17 133 115 163 166 131 106 170 75 57 47 79 101 86 51 87 143 61 78 31 

0.000000000000 0.000000000000 0.000000000000 0.000000000000 0.000000000000 0.000000000000 0.000000000000 0.000004516600 0.000000000000 0.000000000000 0.000000000000 0.000000327390 0.000000000000 0.000001804900 0.000002499600 0.015988000000 0.000000000000 0.000000000000 0.000000000000 0.000010731000 0.000000000000 0.000009529300 0.000195320000 0.037615000000 0.000000000000 0.000670830000 0.000820930000 0.084559000000 0.006033700000 0.177000000000 0.287380000000 0.765350000000 0.000000000000 0.000000000212 0.000000000003 0.001771500000 0.000000008263 0.005026700000 0.007846800000 0.208780000000 0.000004354000 0.021136000000 0.041631000000 0.374710000000 0.115300000000 0.524590000000 0.595680000000 0.914600000000 0.003712400000 0.125990000000 0.207940000000 0.647930000000 0.311810000000 0.733610000000 0.726630000000 0.955320000000 0.368320000000 0.767620000000 0.753100000000 0.961180000000 0.710540000000 0.960570000000 0.916950000000 0.996340000000 0.000000000026 0.001676100000 0.002976700000 0.112450000000 0.016922000000 0.208900000000 0.294600000000 0.725080000000 0.073576000000 0.380950000000 0.435460000000 0.826940000000 0.460970000000 0.838850000000 0.813550000000 0.977680000000 0.176150000000 0.516750000000 0.509030000000 0.871750000000 0.502660000000 0.863830000000 0.829390000000 0.980080000000 0.469100000000 0.844490000000 0.825550000000 0.977940000000 0.762800000000 0.976800000000 0.928440000000 0.997880000000 0.209350000000 0.539740000000 0.512670000000 0.871070000000 0.495790000000 0.859260000000 0.829760000000 0.980400000000 0.473630000000 0.847820000000 0.826020000000 0.978210000000 0.760680000000 0.975640000000 0.926660000000 0.997510000000 0.408130000000 0.801930000000 0.795220000000 0.973080000000 0.758990000000 0.975730000000 0.926740000000 0.997450000000 0.658960000000 0.953200000000 0.927310000000 0.997670000000 0.841600000000 0.997640000000 0.948280000000 0.999830000000 0.011777000000 0.146810000000 0.194900000000 0.555730000000 0.236410000000 0.580580000000 0.567510000000 0.904960000000 0.245940000000 0.590540000000 0.559550000000 0.896420000000 0.542560000000 0.889510000000 0.858560000000 0.986610000000 0.246030000000 0.582970000000 0.557640000000 0.894440000000 0.537460000000 0.881480000000 0.847930000000 0.983360000000 0.488400000000 0.864450000000 0.843100000000 0.982090000000 0.776440000000 0.980950000000 0.931970000000 0.998300000000 0.230110000000 0.553870000000 0.533090000000 0.881600000000 0.515070000000 0.872870000000 0.841100000000 0.982240000000 0.491000000000 0.859060000000 0.837710000000 0.980690000000 0.769940000000 0.978250000000 0.928880000000 0.997780000000 0.423470000000 0.809090000000 0.803950000000 0.974890000000 0.762670000000 0.977360000000 0.927890000000 0.997510000000 0.661190000000 0.953130000000 0.927120000000 0.997620000000 0.840710000000 0.997510000000 0.948140000000 0.999800000000 0.207850000000 0.510170000000 0.477040000000 0.847900000000 0.460420000000 0.835790000000 0.805970000000 0.975130000000 0.445650000000 0.830460000000 0.810300000000 0.975090000000 0.749660000000 0.973320000000 0.924940000000 0.997290000000 0.402460000000 0.799930000000 0.795320000000 0.973010000000 0.757910000000 0.975600000000 0.926230000000 0.997280000000 0.657760000000 0.951090000000 0.924680000000 0.997200000000 0.837970000000 0.997010000000 0.947270000000 0.999750000000 0.326190000000 0.709340000000 0.703720000000 0.947140000000 0.701190000000 0.960430000000 0.916980000000 0.996360000000 0.651880000000 0.950220000000 0.925220000000 0.997300000000 0.838480000000 0.996980000000 0.947060000000 0.999720000000 0.507060000000 0.879770000000 0.882310000000 0.995170000000 0.839070000000 0.997270000000 0.947530000000 0.999740000000 0.717410000000 0.970460000000 0.947630000000 0.999770000000 0.856840000000 0.999760000000 0.952770000000 0.999980000000 

0.000000000000 0.000000000000 0.000000000000 0.000000000000 0.000000000000 0.000000000000 0.000000000000 0.000003683300 0.000000000000 0.000000000000 0.000000000000 0.000000166650 0.000000000000 0.000001194600 0.000001364400 0.038389000000 0.000000000000 0.000000000000 0.000000000000 0.000008349400 0.000000000000 0.000006032500 0.000498540000 0.084648000000 0.000000000000 0.001180400000 0.002891100000 0.177040000000 0.014707000000 0.337660000000 0.528310000000 0.949190000000 0.000000000000 0.000000000058 0.000000000001 0.004870300000 0.000000002829 0.011433000000 0.018659000000 0.398730000000 0.000002548000 0.053565000000 0.092147000000 0.646950000000 0.269490000000 0.827350000000 0.911020000000 0.990380000000 0.011704000000 0.298100000000 0.484990000000 0.920440000000 0.727310000000 0.974290000000 0.984670000000 0.992040000000 0.880070000000 0.990060000000 0.990970000000 0.992160000000 0.991530000000 0.992310000000 0.992230000000 0.992280000000 0.000000000007 0.005506500000 0.013734000000 0.311440000000 0.055465000000 0.491150000000 0.667790000000 0.968060000000 0.244110000000 0.796900000000 0.894700000000 0.990010000000 0.955910000000 0.991720000000 0.992120000000 0.992030000000 0.627530000000 0.960460000000 0.978100000000 0.991610000000 0.989900000000 0.992490000000 0.992230000000 0.992010000000 0.988050000000 0.992450000000 0.991910000000 0.992370000000 0.992440000000 0.992100000000 0.992290000000 0.992180000000 0.873970000000 0.987020000000 0.990720000000 0.991730000000 0.989620000000 0.992310000000 0.992290000000 0.992030000000 0.991560000000 0.992290000000 0.992270000000 0.992210000000 0.991830000000 0.992190000000 0.992210000000 0.992190000000 0.993010000000 0.991610000000 0.991840000000 0.992170000000 0.991980000000 0.992280000000 0.992010000000 0.992200000000 0.992030000000 0.992150000000 0.992410000000 0.992230000000 0.992460000000 0.992200000000 0.992170000000 0.992190000000 0.057491000000 0.555230000000 0.743230000000 0.974610000000 0.899780000000 0.988560000000 0.990490000000 0.992210000000 0.958500000000 0.992400000000 0.992330000000 0.992090000000 0.992430000000 0.992120000000 0.992200000000 0.992160000000 0.977860000000 0.991620000000 0.990750000000 0.992250000000 0.992260000000 0.992470000000 0.991940000000 0.992140000000 0.991430000000 0.992240000000 0.992680000000 0.992240000000 0.992160000000 0.992160000000 0.992300000000 0.992240000000 0.985750000000 0.991370000000 0.991980000000 0.992340000000 0.991900000000 0.992340000000 0.992020000000 0.992260000000 0.992770000000 0.992680000000 0.992340000000 0.992280000000 0.992030000000 0.992180000000 0.992270000000 0.992210000000 0.992670000000 0.993110000000 0.992000000000 0.992220000000 0.992500000000 0.992030000000 0.992270000000 0.992230000000 0.991050000000 0.992200000000 0.992190000000 0.992170000000 0.992270000000 0.992220000000 0.992310000000 0.992190000000 0.991390000000 0.991420000000 0.993050000000 0.992060000000 0.992080000000 0.991950000000 0.992540000000 0.992040000000 0.992030000000 0.992040000000 0.992330000000 0.992160000000 0.992730000000 0.991970000000 0.991850000000 0.992160000000 0.992540000000 0.991670000000 0.991910000000 0.992280000000 0.991400000000 0.992150000000 0.991860000000 0.992190000000 0.992350000000 0.992260000000 0.992210000000 0.992180000000 0.991930000000 0.992160000000 0.992240000000 0.992190000000 0.993120000000 0.991820000000 0.991530000000 0.992240000000 0.992010000000 0.992060000000 0.992020000000 0.992260000000 0.991990000000 0.992050000000 0.992000000000 0.992150000000 0.991960000000 0.992180000000 0.992410000000 0.992180000000 0.990950000000 0.991940000000 0.992130000000 0.992230000000 0.992400000000 0.992230000000 0.992130000000 0.992180000000 0.991650000000 0.992190000000 0.992370000000 0.992190000000 0.991980000000 0.992190000000 0.992020000000 0.992190000000 

N_obs: 2000

File Format:
1- most to least reliable channels (taken entropies)
2- most to least reliable channels (taken error probabilities)
3- channels entropies (flipped)
4- channels error probabilities (flipped)
5- number of MontCarlo simulations
