255 254 253 252 251 250 249 248 247 246 245 244 243 242 241 240 239 238 237 236 235 234 233 232 231 230 229 228 227 226 225 224 223 222 221 220 219 218 217 216 215 214 213 212 211 210 209 208 207 206 205 204 203 202 201 200 199 198 197 196 195 194 191 190 189 188 187 186 185 184 183 182 181 180 179 178 177 176 175 174 173 172 171 170 169 167 166 165 163 159 158 157 156 155 154 153 151 150 149 147 143 142 141 139 135 127 126 125 124 123 122 121 120 119 118 117 116 115 114 113 111 110 109 108 107 106 105 103 102 101 99 95 94 93 92 91 90 89 87 86 85 83 79 78 77 75 71 63 62 61 60 59 58 57 55 54 53 51 47 46 45 43 31 168 152 193 162 164 161 146 148 138 145 104 137 39 112 82 29 140 30 134 100 98 84 88 133 27 97 81 131 74 76 70 73 50 56 52 49 69 44 192 23 42 41 67 144 160 38 136 37 132 28 15 96 80 26 130 72 35 25 129 68 22 48 66 21 40 65 36 19 14 34 24 13 128 33 11 20 7 18 64 17 12 10 32 9 3 5 6 16 1 8 2 4 0 

255 254 253 252 251 250 249 248 247 246 245 244 243 242 241 240 239 238 237 236 235 234 233 232 231 230 229 228 227 226 225 224 223 222 221 220 219 218 217 216 215 214 213 212 211 210 209 208 207 206 205 204 203 202 201 200 199 198 197 196 195 194 191 190 189 188 187 186 185 184 183 182 181 180 179 178 177 176 175 174 173 172 171 170 169 167 166 165 163 159 158 157 156 155 154 153 151 150 149 147 143 142 141 139 135 127 126 125 124 123 122 121 120 119 118 117 116 115 114 113 111 110 109 108 107 106 105 103 102 101 99 95 94 93 92 91 90 89 87 86 85 83 79 78 77 75 71 63 62 61 60 59 58 57 55 54 53 51 47 46 45 43 31 168 152 193 162 164 161 146 148 145 138 104 137 39 112 82 29 140 30 134 100 98 84 88 27 133 97 81 131 74 76 70 73 50 56 52 49 69 44 192 23 42 41 67 136 160 38 132 144 37 80 28 96 15 26 130 72 25 35 129 68 22 48 66 21 40 65 36 19 14 34 24 13 128 33 20 11 64 18 7 17 12 32 10 9 6 16 5 3 4 1 0 8 2 

0.000000000000 0.000000000000 0.000000000000 0.000000000000 0.000000000000 0.000000000000 0.000000000000 0.000000000000 0.000000000000 0.000000000000 0.000000000000 0.000000000000 0.000000000000 0.000000000000 0.000000000000 0.000000000000 0.000000000000 0.000000000000 0.000000000000 0.000000000000 0.000000000000 0.000000000000 0.000000000000 0.000000000000 0.000000000000 0.000000000000 0.000000000000 0.000000000000 0.000000000000 0.000000000000 0.000000000000 0.000000000000 0.000000000000 0.000000000000 0.000000000000 0.000000000000 0.000000000000 0.000000000000 0.000000000000 0.000000000000 0.000000000000 0.000000000000 0.000000000000 0.000000000000 0.000000000000 0.000000000000 0.000000000000 0.000000000000 0.000000000000 0.000000000000 0.000000000000 0.000000000000 0.000000000000 0.000000000000 0.000000000000 0.000000000000 0.000000000000 0.000000000000 0.000000000000 0.000000000000 0.000000000000 0.000000000000 0.000000000000 0.000022128000 0.000000000000 0.000000000000 0.000000000000 0.000000000000 0.000000000000 0.000000000000 0.000000000000 0.000000000000 0.000000000000 0.000000000000 0.000000000000 0.000000000000 0.000000000000 0.000000000000 0.000000000000 0.000000000000 0.000000000000 0.000000000000 0.000000000000 0.000000000000 0.000000000000 0.000000000000 0.000000000000 0.000000000000 0.000000000000 0.000000000000 0.000000000000 0.000000000000 0.000000000000 0.000000000000 0.000000000000 0.000146870000 0.000000000000 0.000000000000 0.000000000000 0.000000000000 0.000000000000 0.000000000000 0.000000000000 0.000000000000 0.000000000000 0.000000000000 0.000000000000 0.000000000000 0.000000000000 0.000000000000 0.000000000000 0.000128880000 0.000000000000 0.000000000000 0.000000000000 0.000000000001 0.000000000000 0.000000000000 0.000000000000 0.000169960000 0.000000000000 0.000000000001 0.000000000005 0.000628170000 0.000000000149 0.001715900000 0.003924500000 0.196290000000 0.000000000000 0.000000000000 0.000000000000 0.000000000000 0.000000000000 0.000000000000 0.000000000000 0.000000000000 0.000000000000 0.000000000000 0.000000000000 0.000000000000 0.000000000000 0.000000000000 0.000000000000 0.000000000000 0.000000000000 0.000000000000 0.000000000000 0.000000000000 0.000000000000 0.000000000000 0.000000000000 0.000000000000 0.000000000000 0.000000000000 0.000000000000 0.000000000002 0.000000000000 0.000000000002 0.000000000007 0.001015700000 0.000000000000 0.000000000000 0.000000000000 0.000000000000 0.000000000000 0.000000000000 0.000000000000 0.000000000002 0.000000000000 0.000000000000 0.000000000000 0.000000000002 0.000000000000 0.000000000001 0.000000000056 0.001118400000 0.000000000000 0.000000000000 0.000000000000 0.000000000632 0.000000000000 0.000000000201 0.000000013765 0.002459400000 0.000000000000 0.000000009325 0.000001167700 0.005923300000 0.000079879000 0.015100000000 0.036327000000 0.410350000000 0.000000000000 0.000000000000 0.000000000000 0.000000000000 0.000000000000 0.000000000000 0.000000000000 0.000000019496 0.000000000000 0.000000000000 0.000000000000 0.000000034673 0.000000000000 0.000000017785 0.000000829440 0.011678000000 0.000000000000 0.000000000000 0.000000000000 0.000009119700 0.000000000000 0.000041740000 0.000053904000 0.023734000000 0.000000000000 0.000156180000 0.000573480000 0.056501000000 0.002774800000 0.120420000000 0.209680000000 0.691530000000 0.000000000000 0.000000000001 0.000000000001 0.000785040000 0.000000000005 0.001579400000 0.003015100000 0.140160000000 0.000027190000 0.009345500000 0.018353000000 0.268970000000 0.061164000000 0.408780000000 0.511290000000 0.881150000000 0.000901950000 0.074136000000 0.143410000000 0.559570000000 0.242960000000 0.669050000000 0.691880000000 0.944210000000 0.330880000000 0.739140000000 0.732410000000 0.957130000000 0.695830000000 0.955800000000 0.914480000000 0.996120000000 

0.000000000000 0.000000000000 0.000000000000 0.000000000000 0.000000000000 0.000000000000 0.000000000000 0.000000000000 0.000000000000 0.000000000000 0.000000000000 0.000000000000 0.000000000000 0.000000000000 0.000000000000 0.000000000000 0.000000000000 0.000000000000 0.000000000000 0.000000000000 0.000000000000 0.000000000000 0.000000000000 0.000000000000 0.000000000000 0.000000000000 0.000000000000 0.000000000000 0.000000000000 0.000000000000 0.000000000000 0.000000000000 0.000000000000 0.000000000000 0.000000000000 0.000000000000 0.000000000000 0.000000000000 0.000000000000 0.000000000000 0.000000000000 0.000000000000 0.000000000000 0.000000000000 0.000000000000 0.000000000000 0.000000000000 0.000000000000 0.000000000000 0.000000000000 0.000000000000 0.000000000000 0.000000000000 0.000000000000 0.000000000000 0.000000000000 0.000000000000 0.000000000000 0.000000000000 0.000000000000 0.000000000000 0.000000000000 0.000000000000 0.000019753000 0.000000000000 0.000000000000 0.000000000000 0.000000000000 0.000000000000 0.000000000000 0.000000000000 0.000000000000 0.000000000000 0.000000000000 0.000000000000 0.000000000000 0.000000000000 0.000000000000 0.000000000000 0.000000000000 0.000000000000 0.000000000000 0.000000000000 0.000000000000 0.000000000000 0.000000000000 0.000000000000 0.000000000000 0.000000000000 0.000000000000 0.000000000000 0.000000000000 0.000000000000 0.000000000000 0.000000000000 0.000641850000 0.000000000000 0.000000000000 0.000000000000 0.000000000000 0.000000000000 0.000000000000 0.000000000000 0.000000000000 0.000000000000 0.000000000000 0.000000000000 0.000000000000 0.000000000000 0.000000000000 0.000000000000 0.000936790000 0.000000000000 0.000000000000 0.000000000000 0.000000000000 0.000000000000 0.000000000000 0.000000000000 0.000463420000 0.000000000000 0.000000000000 0.000000000001 0.000928940000 0.000000000040 0.004257700000 0.007768100000 0.381170000000 0.000000000000 0.000000000000 0.000000000000 0.000000000000 0.000000000000 0.000000000000 0.000000000000 0.000000000000 0.000000000000 0.000000000000 0.000000000000 0.000000000000 0.000000000000 0.000000000000 0.000000000000 0.000000000000 0.000000000000 0.000000000000 0.000000000000 0.000000000000 0.000000000000 0.000000000000 0.000000000000 0.000000000000 0.000000000000 0.000000000000 0.000000000000 0.000000000000 0.000000000000 0.000000000000 0.000000000002 0.002598100000 0.000000000000 0.000000000000 0.000000000000 0.000000000000 0.000000000000 0.000000000000 0.000000000000 0.000000000000 0.000000000000 0.000000000000 0.000000000000 0.000000000000 0.000000000000 0.000000000000 0.000000000014 0.001636900000 0.000000000000 0.000000000000 0.000000000000 0.000000000194 0.000000000000 0.000000000051 0.000000005306 0.005115900000 0.000000000000 0.000000003201 0.000000723630 0.013713000000 0.000330920000 0.034436000000 0.079580000000 0.676960000000 0.000000000000 0.000000000000 0.000000000000 0.000000000000 0.000000000000 0.000000000000 0.000000000000 0.000000006694 0.000000000000 0.000000000000 0.000000000000 0.000000013912 0.000000000000 0.000000005757 0.000000439200 0.026074000000 0.000000000000 0.000000000000 0.000000000000 0.000007571800 0.000000000000 0.000053830000 0.000076980000 0.054642000000 0.000000000000 0.000838560000 0.001403500000 0.128700000000 0.007307100000 0.251600000000 0.407420000000 0.913050000000 0.000000000000 0.000000000000 0.000000000000 0.002026700000 0.000000000001 0.003718900000 0.007093300000 0.290170000000 0.000033249000 0.023020000000 0.045791000000 0.503590000000 0.145100000000 0.690580000000 0.828590000000 0.985770000000 0.003116300000 0.193130000000 0.334820000000 0.862910000000 0.585270000000 0.943180000000 0.970930000000 0.992250000000 0.819450000000 0.984680000000 0.989080000000 0.992000000000 0.990510000000 0.992300000000 0.992040000000 0.992190000000 

N_obs: 2000

File Format:
1- most to least reliable channels (taken entropies)
2- most to least reliable channels (taken error probabilities)
3- channels entropies (flipped)
4- channels error probabilities (flipped)
5- number of MontCarlo simulations
