255 254 253 251 247 252 239 250 249 246 245 243 223 238 237 248 235 244 191 242 222 127 231 221 241 63 236 95 219 159 207 111 215 119 123 175 125 31 183 187 190 234 189 126 47 233 79 143 55 59 15 61 230 62 103 87 227 229 199 151 167 91 220 155 93 115 157 107 94 203 211 158 109 171 117 179 110 240 205 217 218 23 39 213 71 121 135 206 118 173 214 174 122 181 7 185 29 182 124 27 186 30 188 51 43 75 83 99 139 147 195 163 57 46 45 19 35 11 67 232 131 78 77 141 3 142 53 58 225 54 60 89 13 101 153 105 14 85 113 197 149 201 165 209 169 228 177 226 102 86 198 150 166 92 156 90 154 25 114 106 108 49 116 202 37 21 41 210 69 73 204 81 97 145 137 133 216 161 193 212 170 172 178 120 17 33 9 5 65 180 129 1 28 184 22 38 70 134 6 26 56 44 52 50 76 140 42 224 74 82 98 88 100 146 104 152 138 84 194 162 148 200 196 112 164 208 168 176 12 24 48 34 18 40 36 10 20 66 72 68 80 136 144 96 130 132 160 192 16 2 8 32 4 64 128 0 

255 254 253 251 247 252 239 246 250 249 245 243 238 223 237 248 244 235 242 222 231 241 236 191 221 234 219 233 230 127 215 240 190 220 229 207 189 227 218 187 232 217 175 126 214 119 143 159 62 94 109 123 173 213 206 199 110 39 107 93 55 157 228 57 125 182 59 46 43 87 169 181 15 45 118 1 17 51 188 90 137 167 86 150 156 25 185 35 73 81 148 60 101 184 171 41 202 113 194 21 92 164 105 120 134 99 129 104 5 225 138 196 201 131 56 172 102 18 75 106 71 85 154 224 168 203 178 140 96 10 100 2 130 205 82 72 208 192 162 193 37 160 0 8 144 153 36 88 64 136 16 32 80 53 4 128 34 66 200 24 52 48 12 74 40 50 20 166 68 132 176 204 84 69 174 108 44 6 180 28 98 117 152 114 9 76 49 212 70 133 7 211 116 210 146 111 112 79 26 27 226 38 198 97 142 145 3 170 161 216 54 33 42 165 22 89 65 19 13 197 149 122 14 158 30 177 186 124 11 209 183 195 179 83 139 58 78 77 67 23 95 61 29 91 115 163 147 121 135 155 141 63 151 47 31 103 

0.000000000000 0.000000000000 0.000000000000 0.000003059400 0.000000000000 0.000139010000 0.000180040000 0.026751000000 0.000000000000 0.000187530000 0.000496240000 0.057720000000 0.003846000000 0.124550000000 0.216080000000 0.679140000000 0.000011448000 0.008246200000 0.015007000000 0.233220000000 0.053439000000 0.368320000000 0.459560000000 0.851200000000 0.155630000000 0.544650000000 0.578560000000 0.903020000000 0.577280000000 0.906200000000 0.872890000000 0.989530000000 0.006355100000 0.131690000000 0.204400000000 0.616890000000 0.288700000000 0.687300000000 0.680950000000 0.941580000000 0.321030000000 0.711290000000 0.693840000000 0.943640000000 0.652860000000 0.938640000000 0.897170000000 0.993100000000 0.305080000000 0.697010000000 0.679350000000 0.939510000000 0.647590000000 0.937190000000 0.894660000000 0.992210000000 0.582980000000 0.917940000000 0.893210000000 0.992250000000 0.815530000000 0.991840000000 0.941790000000 0.999370000000 0.105090000000 0.366180000000 0.370670000000 0.764830000000 0.361730000000 0.748310000000 0.730310000000 0.957630000000 0.357010000000 0.739830000000 0.718540000000 0.951020000000 0.675950000000 0.948500000000 0.904210000000 0.994270000000 0.332360000000 0.713210000000 0.698030000000 0.946170000000 0.669850000000 0.943740000000 0.900200000000 0.993110000000 0.593270000000 0.923140000000 0.896210000000 0.992810000000 0.817280000000 0.992080000000 0.941740000000 0.999340000000 0.293760000000 0.655840000000 0.636880000000 0.925150000000 0.624230000000 0.928960000000 0.889410000000 0.991490000000 0.584070000000 0.920130000000 0.893500000000 0.992180000000 0.815370000000 0.991310000000 0.940260000000 0.999170000000 0.475690000000 0.859500000000 0.856880000000 0.988010000000 0.814100000000 0.991530000000 0.940850000000 0.999150000000 0.696200000000 0.966050000000 0.941100000000 0.999240000000 0.851370000000 0.999240000000 0.951190000000 0.999940000000 0.145010000000 0.378640000000 0.343030000000 0.741870000000 0.326620000000 0.714340000000 0.694440000000 0.948690000000 0.324740000000 0.697070000000 0.673040000000 0.936890000000 0.632930000000 0.931640000000 0.892320000000 0.992300000000 0.309890000000 0.678860000000 0.665130000000 0.934530000000 0.638920000000 0.933030000000 0.889720000000 0.991420000000 0.571140000000 0.911890000000 0.888300000000 0.991210000000 0.811360000000 0.990510000000 0.940200000000 0.999190000000 0.280500000000 0.645990000000 0.628480000000 0.923340000000 0.616510000000 0.925300000000 0.885830000000 0.990780000000 0.576510000000 0.915220000000 0.890830000000 0.991680000000 0.811240000000 0.990290000000 0.939650000000 0.999070000000 0.475310000000 0.853120000000 0.853360000000 0.986730000000 0.809110000000 0.989980000000 0.939290000000 0.998980000000 0.694390000000 0.964590000000 0.939010000000 0.999030000000 0.849750000000 0.998970000000 0.950440000000 0.999920000000 0.226170000000 0.557650000000 0.530970000000 0.882660000000 0.516980000000 0.871970000000 0.839330000000 0.981780000000 0.511610000000 0.878620000000 0.860290000000 0.985930000000 0.794870000000 0.986290000000 0.936090000000 0.998750000000 0.455920000000 0.845740000000 0.846830000000 0.985530000000 0.807550000000 0.989430000000 0.938440000000 0.998870000000 0.692370000000 0.963940000000 0.937920000000 0.998880000000 0.848600000000 0.998770000000 0.949890000000 0.999900000000 0.352220000000 0.748450000000 0.735040000000 0.956010000000 0.743240000000 0.975300000000 0.931590000000 0.998400000000 0.691260000000 0.963530000000 0.938430000000 0.998950000000 0.848130000000 0.998780000000 0.949840000000 0.999890000000 0.528820000000 0.890800000000 0.887580000000 0.997920000000 0.848730000000 0.998910000000 0.950160000000 0.999900000000 0.725290000000 0.971710000000 0.950260000000 0.999910000000 0.858620000000 0.999890000000 0.953370000000 0.999990000000 

0.000000000000 0.000000000000 0.000000000000 0.000001767000 0.000000000000 0.000368810000 0.000661290000 0.066159000000 0.000000000000 0.000313330000 0.002343000000 0.133800000000 0.009826200000 0.267470000000 0.450300000000 0.929540000000 0.000010912000 0.023192000000 0.046986000000 0.478270000000 0.142140000000 0.694850000000 0.828470000000 0.985400000000 0.437500000000 0.905860000000 0.955250000000 0.991640000000 0.978490000000 0.992300000000 0.992120000000 0.992160000000 0.023449000000 0.381030000000 0.567050000000 0.945030000000 0.801960000000 0.982250000000 0.987890000000 0.992330000000 0.925460000000 0.989640000000 0.991060000000 0.992270000000 0.992270000000 0.992280000000 0.992490000000 0.992180000000 0.965820000000 0.991090000000 0.992180000000 0.992220000000 0.992170000000 0.992090000000 0.992130000000 0.992200000000 0.991140000000 0.992300000000 0.992400000000 0.992130000000 0.992510000000 0.992090000000 0.992190000000 0.992180000000 0.502710000000 0.930100000000 0.972500000000 0.991980000000 0.984250000000 0.992480000000 0.992040000000 0.992080000000 0.992490000000 0.991730000000 0.991820000000 0.992240000000 0.992510000000 0.992170000000 0.992470000000 0.992210000000 0.989400000000 0.992230000000 0.990970000000 0.992140000000 0.992080000000 0.992330000000 0.991800000000 0.992160000000 0.992020000000 0.992210000000 0.992370000000 0.992100000000 0.992740000000 0.992190000000 0.992330000000 0.992190000000 0.990590000000 0.992450000000 0.991550000000 0.992030000000 0.992840000000 0.992160000000 0.992190000000 0.992250000000 0.992990000000 0.992030000000 0.992410000000 0.992060000000 0.992770000000 0.992290000000 0.992320000000 0.992190000000 0.990090000000 0.992310000000 0.992960000000 0.992170000000 0.992530000000 0.992130000000 0.992000000000 0.992190000000 0.992790000000 0.992110000000 0.992270000000 0.992210000000 0.992130000000 0.992180000000 0.992120000000 0.992190000000 0.915940000000 0.989540000000 0.991720000000 0.992480000000 0.990900000000 0.992420000000 0.992780000000 0.992110000000 0.989760000000 0.991950000000 0.992250000000 0.992280000000 0.992730000000 0.992260000000 0.992090000000 0.992290000000 0.992290000000 0.991180000000 0.990730000000 0.992230000000 0.991340000000 0.992150000000 0.992110000000 0.992120000000 0.993230000000 0.992140000000 0.992080000000 0.992170000000 0.992120000000 0.992250000000 0.992310000000 0.992170000000 0.992660000000 0.990660000000 0.991500000000 0.992090000000 0.992690000000 0.991980000000 0.992380000000 0.992190000000 0.991770000000 0.992030000000 0.992160000000 0.992230000000 0.992520000000 0.992180000000 0.992060000000 0.992190000000 0.992290000000 0.992570000000 0.992580000000 0.992260000000 0.992150000000 0.992200000000 0.992050000000 0.992180000000 0.992150000000 0.992270000000 0.992230000000 0.992210000000 0.992600000000 0.992200000000 0.992390000000 0.992190000000 0.992970000000 0.990610000000 0.992670000000 0.992070000000 0.991740000000 0.992540000000 0.991650000000 0.992130000000 0.991530000000 0.992330000000 0.992190000000 0.992200000000 0.991970000000 0.992210000000 0.992270000000 0.992200000000 0.993050000000 0.991740000000 0.991860000000 0.992240000000 0.991740000000 0.992350000000 0.992080000000 0.992210000000 0.991230000000 0.992300000000 0.992190000000 0.992190000000 0.992040000000 0.992190000000 0.992350000000 0.992190000000 0.993060000000 0.992460000000 0.992670000000 0.992240000000 0.992300000000 0.992300000000 0.992040000000 0.992200000000 0.992650000000 0.992370000000 0.992090000000 0.992210000000 0.992390000000 0.992150000000 0.991970000000 0.992190000000 0.991840000000 0.992420000000 0.992390000000 0.992200000000 0.992480000000 0.992170000000 0.992260000000 0.992190000000 0.992270000000 0.992240000000 0.992120000000 0.992190000000 0.992320000000 0.992180000000 0.991950000000 0.992190000000 

N_obs: 2000

File Format:
1- most to least reliable channels (taken entropies)
2- most to least reliable channels (taken error probabilities)
3- channels entropies (flipped)
4- channels error probabilities (flipped)
5- number of MontCarlo simulations
