255 254 253 251 247 252 250 239 249 246 245 243 223 238 248 237 191 127 244 235 63 95 159 231 222 111 119 123 207 221 31 242 125 175 215 219 183 187 126 189 190 241 47 79 143 236 55 59 15 61 62 103 87 199 151 167 234 233 91 93 227 155 115 157 107 94 158 229 109 203 117 211 23 39 230 171 71 179 110 135 118 121 205 7 122 206 173 213 217 29 174 27 220 30 181 185 124 214 218 182 186 188 51 43 75 99 83 139 147 195 163 57 240 11 35 19 67 131 45 46 3 77 78 142 141 53 58 13 60 54 14 89 113 101 105 225 153 85 149 197 201 165 209 169 177 102 86 92 232 150 198 166 156 25 90 226 49 154 114 37 228 21 41 73 69 106 81 97 145 116 137 133 108 161 193 17 33 9 5 65 202 204 129 120 210 1 170 178 172 212 28 216 180 184 38 22 70 134 6 26 56 52 44 50 76 140 42 74 98 82 88 100 104 112 152 146 84 138 224 162 148 194 200 196 164 168 208 176 12 24 48 34 18 36 40 10 20 66 72 68 80 136 96 144 130 132 160 192 16 8 32 2 4 64 128 0 

255 254 253 251 247 252 250 239 249 246 245 243 238 223 248 237 244 235 242 222 191 241 231 236 221 234 219 127 233 215 230 190 207 240 220 111 189 229 63 187 93 227 206 182 119 123 183 109 167 218 124 175 117 225 232 217 62 51 126 147 198 79 131 29 122 169 86 161 212 15 6 163 78 165 213 116 184 157 60 153 90 47 43 107 53 9 7 216 106 75 115 158 38 129 110 22 3 193 156 114 44 172 154 210 133 26 108 57 1 84 58 200 138 37 76 65 208 19 140 81 101 102 56 194 5 176 72 99 69 94 132 16 96 36 146 64 162 4 66 0 42 48 32 80 228 2 10 20 8 177 130 144 12 128 149 136 41 192 98 92 104 160 34 137 21 18 52 40 24 224 148 74 145 87 30 202 100 88 68 142 168 112 46 120 196 170 50 82 150 197 28 226 152 201 35 164 70 13 134 83 77 91 195 39 25 118 97 45 203 209 180 49 105 33 181 178 141 54 171 204 166 73 17 205 185 186 89 85 188 214 11 55 155 67 113 174 27 139 173 211 14 23 71 135 59 31 103 121 151 159 95 179 143 125 199 61 

0.000000000000 0.000000000000 0.000000000000 0.000289710000 0.000000000003 0.000849860000 0.001820800000 0.097984000000 0.000001230600 0.004135100000 0.010469000000 0.205370000000 0.044517000000 0.358090000000 0.452390000000 0.849230000000 0.001266100000 0.064968000000 0.118870000000 0.505520000000 0.214240000000 0.626650000000 0.635010000000 0.928930000000 0.300640000000 0.696570000000 0.680130000000 0.940130000000 0.647020000000 0.937100000000 0.898170000000 0.993610000000 0.052415000000 0.301690000000 0.347600000000 0.750740000000 0.376200000000 0.761990000000 0.740270000000 0.959640000000 0.372080000000 0.760830000000 0.739520000000 0.957260000000 0.690790000000 0.953080000000 0.907440000000 0.994790000000 0.344390000000 0.730190000000 0.719000000000 0.951280000000 0.686370000000 0.951150000000 0.905860000000 0.994180000000 0.605140000000 0.930220000000 0.904980000000 0.994250000000 0.824210000000 0.994130000000 0.943960000000 0.999540000000 0.155050000000 0.429660000000 0.410140000000 0.800830000000 0.393350000000 0.779080000000 0.755730000000 0.963900000000 0.385200000000 0.768940000000 0.751270000000 0.959840000000 0.700390000000 0.955490000000 0.910660000000 0.995290000000 0.362760000000 0.747460000000 0.731270000000 0.955670000000 0.697950000000 0.955260000000 0.909280000000 0.994600000000 0.614720000000 0.931750000000 0.906010000000 0.994390000000 0.824680000000 0.993780000000 0.943400000000 0.999470000000 0.296680000000 0.672500000000 0.654380000000 0.933160000000 0.648020000000 0.938700000000 0.898240000000 0.993160000000 0.607580000000 0.929180000000 0.904220000000 0.993940000000 0.822470000000 0.993210000000 0.942490000000 0.999360000000 0.484970000000 0.865180000000 0.865250000000 0.990310000000 0.820990000000 0.993450000000 0.942750000000 0.999350000000 0.704430000000 0.967850000000 0.942760000000 0.999410000000 0.852960000000 0.999400000000 0.951620000000 0.999960000000 0.156100000000 0.398220000000 0.358760000000 0.759820000000 0.340140000000 0.729660000000 0.712170000000 0.953050000000 0.330020000000 0.708480000000 0.687210000000 0.942680000000 0.650630000000 0.939200000000 0.896420000000 0.993010000000 0.316840000000 0.701480000000 0.684860000000 0.942810000000 0.655110000000 0.941500000000 0.897330000000 0.992700000000 0.589960000000 0.921370000000 0.896530000000 0.992680000000 0.817570000000 0.992280000000 0.941790000000 0.999360000000 0.295770000000 0.662310000000 0.646000000000 0.928310000000 0.635550000000 0.935310000000 0.893700000000 0.992370000000 0.595840000000 0.926190000000 0.899750000000 0.993260000000 0.820220000000 0.992340000000 0.941590000000 0.999270000000 0.476670000000 0.860280000000 0.859850000000 0.988790000000 0.817260000000 0.992270000000 0.941250000000 0.999200000000 0.700120000000 0.966220000000 0.941370000000 0.999250000000 0.851450000000 0.999200000000 0.950980000000 0.999940000000 0.240160000000 0.571500000000 0.540540000000 0.887760000000 0.532810000000 0.880500000000 0.845250000000 0.983120000000 0.529180000000 0.888420000000 0.870430000000 0.987830000000 0.803750000000 0.988560000000 0.938410000000 0.999000000000 0.474170000000 0.857040000000 0.856680000000 0.988090000000 0.814940000000 0.991690000000 0.940810000000 0.999140000000 0.695120000000 0.965850000000 0.940020000000 0.999120000000 0.850570000000 0.999040000000 0.950610000000 0.999920000000 0.352680000000 0.751230000000 0.742830000000 0.957490000000 0.747720000000 0.978780000000 0.934820000000 0.998760000000 0.693920000000 0.965860000000 0.940510000000 0.999160000000 0.850680000000 0.999080000000 0.950570000000 0.999910000000 0.533050000000 0.892670000000 0.887700000000 0.998380000000 0.850540000000 0.999140000000 0.950720000000 0.999920000000 0.723430000000 0.971380000000 0.950790000000 0.999930000000 0.859020000000 0.999920000000 0.953430000000 0.999990000000 

0.000000000000 0.000000000000 0.000000000000 0.001080900000 0.000000000001 0.002700800000 0.005305600000 0.227360000000 0.000000794410 0.011695000000 0.025886000000 0.429750000000 0.119860000000 0.674410000000 0.817490000000 0.985270000000 0.003988700000 0.185230000000 0.325850000000 0.844390000000 0.567480000000 0.947440000000 0.972330000000 0.991650000000 0.819310000000 0.981960000000 0.989720000000 0.992190000000 0.990460000000 0.992270000000 0.991610000000 0.992220000000 0.204620000000 0.763490000000 0.884670000000 0.987260000000 0.949380000000 0.991450000000 0.991660000000 0.992040000000 0.975480000000 0.992550000000 0.991980000000 0.991940000000 0.992790000000 0.992090000000 0.992340000000 0.992140000000 0.984050000000 0.990960000000 0.992430000000 0.992390000000 0.992340000000 0.992230000000 0.992270000000 0.992120000000 0.993320000000 0.991810000000 0.992260000000 0.992250000000 0.992330000000 0.992160000000 0.992080000000 0.992200000000 0.781670000000 0.982400000000 0.988500000000 0.992490000000 0.990110000000 0.992470000000 0.992460000000 0.991990000000 0.991290000000 0.991090000000 0.992370000000 0.992350000000 0.993160000000 0.992370000000 0.992190000000 0.992170000000 0.991530000000 0.992730000000 0.992760000000 0.992090000000 0.992390000000 0.992250000000 0.991900000000 0.992240000000 0.991380000000 0.992390000000 0.991980000000 0.992280000000 0.991950000000 0.992180000000 0.991940000000 0.992200000000 0.993040000000 0.992060000000 0.991990000000 0.992080000000 0.992590000000 0.992090000000 0.991990000000 0.992270000000 0.993020000000 0.992260000000 0.992200000000 0.992220000000 0.991810000000 0.992180000000 0.992220000000 0.992200000000 0.993180000000 0.992240000000 0.992370000000 0.992150000000 0.992760000000 0.992130000000 0.992210000000 0.992200000000 0.992920000000 0.992300000000 0.992100000000 0.992180000000 0.991860000000 0.992190000000 0.992060000000 0.992200000000 0.954950000000 0.991800000000 0.993190000000 0.991460000000 0.991240000000 0.991880000000 0.993020000000 0.992240000000 0.991110000000 0.992330000000 0.991540000000 0.991980000000 0.992060000000 0.992090000000 0.992700000000 0.992240000000 0.987410000000 0.992070000000 0.991330000000 0.992110000000 0.992030000000 0.992040000000 0.992360000000 0.992200000000 0.992980000000 0.992160000000 0.992160000000 0.992230000000 0.992170000000 0.992200000000 0.992330000000 0.992180000000 0.993070000000 0.992180000000 0.990330000000 0.992200000000 0.992330000000 0.992000000000 0.992470000000 0.992230000000 0.992220000000 0.991930000000 0.992480000000 0.992110000000 0.992310000000 0.992260000000 0.992160000000 0.992190000000 0.991850000000 0.991950000000 0.992310000000 0.992130000000 0.992050000000 0.992220000000 0.992420000000 0.992170000000 0.992900000000 0.992280000000 0.992170000000 0.992230000000 0.992660000000 0.992190000000 0.992140000000 0.992180000000 0.990070000000 0.991700000000 0.993880000000 0.991990000000 0.992950000000 0.992120000000 0.992110000000 0.992160000000 0.992560000000 0.992380000000 0.992030000000 0.992210000000 0.991750000000 0.992250000000 0.992350000000 0.992190000000 0.992020000000 0.992240000000 0.992340000000 0.992090000000 0.992020000000 0.992190000000 0.992200000000 0.992210000000 0.992330000000 0.992060000000 0.992130000000 0.992180000000 0.992280000000 0.992210000000 0.992370000000 0.992190000000 0.992960000000 0.992230000000 0.991870000000 0.992270000000 0.992740000000 0.992100000000 0.992330000000 0.992210000000 0.992820000000 0.992070000000 0.992210000000 0.992190000000 0.992140000000 0.992210000000 0.992420000000 0.992180000000 0.991940000000 0.992820000000 0.992290000000 0.992200000000 0.992560000000 0.992190000000 0.992030000000 0.992190000000 0.992040000000 0.991950000000 0.992170000000 0.992190000000 0.992070000000 0.992190000000 0.992110000000 0.992190000000 

N_obs: 2000

File Format:
1- most to least reliable channels (taken entropies)
2- most to least reliable channels (taken error probabilities)
3- channels entropies (flipped)
4- channels error probabilities (flipped)
5- number of MontCarlo simulations
