255 254 253 252 251 250 249 248 247 246 245 244 243 242 241 240 239 238 237 236 235 234 233 232 231 230 229 228 227 226 225 223 222 221 220 219 218 217 216 215 214 213 212 211 210 209 208 207 206 205 204 203 202 201 199 198 197 195 191 190 189 188 187 186 185 184 183 182 181 180 179 178 177 175 174 173 172 171 170 169 167 166 165 163 159 158 157 156 155 154 153 151 150 149 147 143 142 141 139 135 127 126 125 124 123 122 121 120 119 118 117 116 115 114 113 111 110 109 108 107 106 105 103 102 101 99 95 94 93 92 91 90 89 87 86 85 83 79 63 62 61 59 55 47 200 196 60 78 77 224 58 194 75 152 176 193 162 54 71 53 148 168 146 161 31 57 145 100 140 138 104 51 137 164 46 97 112 134 98 133 88 45 84 76 131 82 81 74 73 43 192 160 56 30 70 39 52 144 69 29 50 136 49 44 132 27 96 67 42 80 130 41 72 23 38 129 28 37 68 15 48 26 35 66 25 40 22 65 21 19 128 14 36 13 11 7 34 24 33 64 20 18 17 12 10 9 6 5 3 32 16 8 4 2 1 0 

255 254 253 252 251 250 249 248 247 246 245 244 243 242 241 240 239 238 237 236 235 234 233 232 231 230 229 228 227 226 225 223 222 221 220 219 218 217 216 215 214 213 212 211 210 209 208 207 206 205 204 203 202 201 199 198 197 195 191 190 189 188 187 186 185 184 183 182 181 180 179 178 177 175 174 173 172 171 170 169 167 166 165 163 159 158 157 156 155 154 153 151 150 149 147 143 142 141 139 135 127 126 125 124 123 122 121 120 119 118 117 116 115 114 113 111 110 109 108 107 106 105 103 102 101 99 95 94 93 92 91 90 89 87 86 85 83 79 63 62 61 59 55 47 200 196 60 78 77 224 58 194 75 152 176 193 162 54 71 53 148 168 146 161 31 57 145 100 140 138 104 51 137 46 164 97 134 112 98 133 88 45 84 76 131 82 81 74 192 73 43 70 160 39 56 52 30 69 144 50 29 136 44 49 132 96 27 67 42 130 80 41 72 129 38 23 28 37 68 48 26 66 35 15 25 40 65 22 128 36 21 19 14 34 24 13 33 64 11 20 7 18 9 5 17 32 1 6 0 8 2 16 10 4 3 12 

0.000000000000 0.000000000000 0.000000000000 0.000000000000 0.000000000000 0.000000000000 0.000000000000 0.000000000000 0.000000000000 0.000000000000 0.000000000000 0.000000000000 0.000000000000 0.000000000000 0.000000000000 0.000000000000 0.000000000000 0.000000000000 0.000000000000 0.000000000000 0.000000000000 0.000000000000 0.000000000000 0.000000000000 0.000000000000 0.000000000000 0.000000000000 0.000000000000 0.000000000000 0.000000000000 0.000000000000 0.000000000000 0.000000000000 0.000000000000 0.000000000000 0.000000000000 0.000000000000 0.000000000000 0.000000000000 0.000000000000 0.000000000000 0.000000000000 0.000000000000 0.000000000000 0.000000000000 0.000000000000 0.000000000000 0.000000000000 0.000000000000 0.000000000000 0.000000000000 0.000000000000 0.000000000000 0.000000000000 0.000000000000 0.000000000000 0.000000000000 0.000000000000 0.000000000000 0.000000000000 0.000000000000 0.000000000000 0.000000000000 0.000171210000 0.000000000000 0.000000000000 0.000000000000 0.000000000000 0.000000000000 0.000000000000 0.000000000000 0.000000000000 0.000000000000 0.000000000000 0.000000000000 0.000000000000 0.000000000000 0.000000000000 0.000000000000 0.000000000000 0.000000000000 0.000000000000 0.000000000000 0.000000000000 0.000000000000 0.000000000000 0.000000000000 0.000000000002 0.000000000000 0.000000000000 0.000000000000 0.000000007736 0.000000000000 0.000000000000 0.000000000004 0.000608200000 0.000000000000 0.000000000000 0.000000000000 0.000000000000 0.000000000000 0.000000000000 0.000000000000 0.000000000000 0.000000000000 0.000000000000 0.000000000000 0.000000000002 0.000000000000 0.000000000003 0.000000000089 0.001263200000 0.000000000000 0.000000000000 0.000000000000 0.000000000214 0.000000000000 0.000000000473 0.000000002461 0.003422700000 0.000000000000 0.000000058118 0.000000115030 0.008520300000 0.000007868500 0.023007000000 0.062207000000 0.527910000000 0.000000000000 0.000000000000 0.000000000000 0.000000000000 0.000000000000 0.000000000000 0.000000000000 0.000000000000 0.000000000000 0.000000000000 0.000000000000 0.000000000000 0.000000000000 0.000000000000 0.000000000000 0.000000056945 0.000000000000 0.000000000000 0.000000000000 0.000000000000 0.000000000000 0.000000000000 0.000000000000 0.000000001164 0.000000000000 0.000000000000 0.000000000000 0.000000000113 0.000000000000 0.000000077350 0.000000028509 0.009630300000 0.000000000000 0.000000000000 0.000000000000 0.000000000000 0.000000000000 0.000000000000 0.000000000000 0.000000343190 0.000000000000 0.000000000000 0.000000000000 0.000001062400 0.000000000000 0.000015297000 0.000037578000 0.021768000000 0.000000000000 0.000000000000 0.000000000000 0.000001701200 0.000000000000 0.000117850000 0.000145810000 0.054678000000 0.000000000001 0.000806480000 0.001773500000 0.124550000000 0.014205000000 0.253240000000 0.388240000000 0.833160000000 0.000000000000 0.000000000000 0.000000000000 0.000000000000 0.000000000000 0.000000000000 0.000000000020 0.000643570000 0.000000000000 0.000000000001 0.000000000001 0.000936000000 0.000000001818 0.002316500000 0.005434200000 0.175740000000 0.000000000000 0.000000008003 0.000000435350 0.006064900000 0.000158460000 0.015661000000 0.032007000000 0.352360000000 0.000927420000 0.061742000000 0.118520000000 0.556790000000 0.237710000000 0.693990000000 0.745950000000 0.956060000000 0.000000000012 0.000722620000 0.001846100000 0.095635000000 0.008823900000 0.183800000000 0.280310000000 0.735850000000 0.056440000000 0.369250000000 0.453590000000 0.843690000000 0.517980000000 0.870720000000 0.884560000000 0.982460000000 0.165000000000 0.556190000000 0.591910000000 0.902330000000 0.613210000000 0.907930000000 0.914900000000 0.986160000000 0.646200000000 0.923740000000 0.929490000000 0.987940000000 0.939790000000 0.990540000000 0.992100000000 0.998990000000 

0.000000000000 0.000000000000 0.000000000000 0.000000000000 0.000000000000 0.000000000000 0.000000000000 0.000000000000 0.000000000000 0.000000000000 0.000000000000 0.000000000000 0.000000000000 0.000000000000 0.000000000000 0.000000000000 0.000000000000 0.000000000000 0.000000000000 0.000000000000 0.000000000000 0.000000000000 0.000000000000 0.000000000000 0.000000000000 0.000000000000 0.000000000000 0.000000000000 0.000000000000 0.000000000000 0.000000000000 0.000000000000 0.000000000000 0.000000000000 0.000000000000 0.000000000000 0.000000000000 0.000000000000 0.000000000000 0.000000000000 0.000000000000 0.000000000000 0.000000000000 0.000000000000 0.000000000000 0.000000000000 0.000000000000 0.000000000000 0.000000000000 0.000000000000 0.000000000000 0.000000000000 0.000000000000 0.000000000000 0.000000000000 0.000000000000 0.000000000000 0.000000000000 0.000000000000 0.000000000000 0.000000000000 0.000000000000 0.000000000000 0.000239770000 0.000000000000 0.000000000000 0.000000000000 0.000000000000 0.000000000000 0.000000000000 0.000000000000 0.000000000000 0.000000000000 0.000000000000 0.000000000000 0.000000000000 0.000000000000 0.000000000000 0.000000000000 0.000000000000 0.000000000000 0.000000000000 0.000000000000 0.000000000000 0.000000000000 0.000000000000 0.000000000000 0.000000000000 0.000000000000 0.000000000000 0.000000000000 0.000000003319 0.000000000000 0.000000000000 0.000000000001 0.002124500000 0.000000000000 0.000000000000 0.000000000000 0.000000000000 0.000000000000 0.000000000000 0.000000000000 0.000000000000 0.000000000000 0.000000000000 0.000000000000 0.000000000000 0.000000000000 0.000000000001 0.000000000027 0.004895700000 0.000000000000 0.000000000000 0.000000000000 0.000000000069 0.000000000000 0.000000000147 0.000000000862 0.009651300000 0.000000000000 0.000000027522 0.000000055717 0.023497000000 0.000006495400 0.055777000000 0.136990000000 0.818460000000 0.000000000000 0.000000000000 0.000000000000 0.000000000000 0.000000000000 0.000000000000 0.000000000000 0.000000000000 0.000000000000 0.000000000000 0.000000000000 0.000000000000 0.000000000000 0.000000000000 0.000000000000 0.000000029380 0.000000000000 0.000000000000 0.000000000000 0.000000000000 0.000000000000 0.000000000000 0.000000000000 0.000000000376 0.000000000000 0.000000000000 0.000000000000 0.000000000030 0.000000000000 0.000000039303 0.000000011249 0.028604000000 0.000000000000 0.000000000000 0.000000000000 0.000000000000 0.000000000000 0.000000000000 0.000000000000 0.000000195020 0.000000000000 0.000000000000 0.000000000000 0.000000710530 0.000000000000 0.000017711000 0.000051833000 0.056570000000 0.000000000000 0.000000000000 0.000000000000 0.000000986500 0.000000000000 0.000239310000 0.000543020000 0.130460000000 0.000000000000 0.001655000000 0.004641500000 0.283600000000 0.038113000000 0.501750000000 0.695460000000 0.982050000000 0.000000000000 0.000000000000 0.000000000000 0.000000000000 0.000000000000 0.000000000000 0.000000000006 0.002408700000 0.000000000000 0.000000000000 0.000000000000 0.002724500000 0.000000000606 0.005778200000 0.016177000000 0.397550000000 0.000000000000 0.000000003264 0.000000238590 0.015768000000 0.000551960000 0.044296000000 0.079186000000 0.641900000000 0.002265700000 0.160740000000 0.277120000000 0.854390000000 0.548330000000 0.953790000000 0.980960000000 0.996010000000 0.000000000003 0.003306400000 0.008096700000 0.256220000000 0.032753000000 0.431200000000 0.614710000000 0.964010000000 0.183860000000 0.739040000000 0.867930000000 0.991730000000 0.945380000000 0.995730000000 0.995920000000 0.996140000000 0.554010000000 0.953380000000 0.979940000000 0.996200000000 0.989680000000 0.996140000000 0.995850000000 0.996090000000 0.993350000000 0.996060000000 0.995880000000 0.996140000000 0.996140000000 0.996120000000 0.996060000000 0.996080000000 

N_obs: 2000

File Format:
1- most to least reliable channels (taken entropies)
2- most to least reliable channels (taken error probabilities)
3- channels entropies (flipped)
4- channels error probabilities (flipped)
5- number of MontCarlo simulations
