255 254 253 252 251 250 249 248 247 246 245 244 243 242 241 240 239 238 237 236 235 234 233 232 231 230 229 228 227 226 225 224 223 222 221 220 219 218 217 216 215 214 213 212 211 210 209 207 206 205 204 203 202 201 200 199 198 197 196 195 191 190 189 188 187 186 185 184 183 182 181 180 179 178 177 176 175 174 173 172 171 170 169 168 167 166 165 163 159 158 157 156 155 154 153 151 150 149 147 143 142 141 139 135 127 126 125 124 123 122 121 120 119 118 117 116 115 114 113 111 110 109 108 107 106 105 103 102 101 99 95 94 93 92 91 90 89 87 86 85 83 79 78 77 75 71 63 62 61 60 59 58 57 55 54 53 47 31 208 164 162 193 152 51 146 43 194 145 138 45 140 104 137 98 161 133 46 148 112 100 134 97 88 82 131 76 30 74 84 29 73 39 56 52 70 81 44 192 27 69 160 50 144 49 67 42 23 136 41 132 96 130 38 80 37 28 72 129 26 68 15 35 48 25 66 22 40 65 21 36 19 14 128 34 24 13 11 33 7 20 64 18 17 12 10 9 32 6 5 3 16 8 4 2 1 0 

255 254 253 252 251 250 249 248 247 246 245 244 243 242 241 240 239 238 237 236 235 234 233 232 231 230 229 228 227 226 225 224 223 222 221 220 219 218 217 216 215 214 213 212 211 210 209 207 206 205 204 203 202 201 200 199 198 197 196 195 191 190 189 188 187 186 185 184 183 182 181 180 179 178 177 176 175 174 173 172 171 170 169 168 167 166 165 163 159 158 157 156 155 154 153 151 150 149 147 143 142 141 139 135 127 126 125 124 123 122 121 120 119 118 117 116 115 114 113 111 110 109 108 107 106 105 103 102 101 99 95 94 93 92 91 90 89 87 86 85 83 79 78 77 75 71 63 62 61 60 59 58 57 55 54 53 47 31 208 164 193 51 162 152 146 43 194 145 138 45 140 104 137 98 161 133 46 148 112 100 134 97 88 82 131 76 30 74 84 29 73 39 56 52 70 81 160 69 50 27 44 192 42 144 67 49 41 136 23 132 96 130 38 80 37 28 72 129 26 68 35 15 48 25 66 22 40 65 21 36 128 19 14 34 24 33 13 20 64 11 18 7 17 12 32 10 9 6 3 5 16 1 8 4 0 2 

0.000000000000 0.000000000000 0.000000000000 0.000000000000 0.000000000000 0.000000000000 0.000000000000 0.000000000000 0.000000000000 0.000000000000 0.000000000000 0.000000000000 0.000000000000 0.000000000000 0.000000000000 0.000000000000 0.000000000000 0.000000000000 0.000000000000 0.000000000000 0.000000000000 0.000000000000 0.000000000000 0.000000000000 0.000000000000 0.000000000000 0.000000000000 0.000000000000 0.000000000000 0.000000000000 0.000000000000 0.000000000000 0.000000000000 0.000000000000 0.000000000000 0.000000000000 0.000000000000 0.000000000000 0.000000000000 0.000000000000 0.000000000000 0.000000000000 0.000000000000 0.000000000000 0.000000000000 0.000000000000 0.000000000000 0.000000000000 0.000000000000 0.000000000000 0.000000000000 0.000000000000 0.000000000000 0.000000000000 0.000000000000 0.000000000000 0.000000000000 0.000000000000 0.000000000000 0.000000000000 0.000000000000 0.000000000000 0.000000000000 0.000030134000 0.000000000000 0.000000000000 0.000000000000 0.000000000000 0.000000000000 0.000000000000 0.000000000000 0.000000000000 0.000000000000 0.000000000000 0.000000000000 0.000000000000 0.000000000000 0.000000000000 0.000000000000 0.000000000000 0.000000000000 0.000000000000 0.000000000000 0.000000000000 0.000000000000 0.000000000000 0.000000000000 0.000000000000 0.000000000000 0.000000000000 0.000000000000 0.000000000000 0.000000000000 0.000000000000 0.000000000001 0.000113610000 0.000000000000 0.000000000000 0.000000000000 0.000000000000 0.000000000000 0.000000000000 0.000000000000 0.000000000000 0.000000000000 0.000000000000 0.000000000000 0.000000000002 0.000000000000 0.000000000000 0.000000000000 0.000206090000 0.000000000000 0.000000000000 0.000000000000 0.000000000000 0.000000000000 0.000000000000 0.000000000001 0.000505560000 0.000000000000 0.000000000097 0.000000000001 0.001075600000 0.000000004762 0.002779900000 0.008033400000 0.283060000000 0.000000000000 0.000000000000 0.000000000000 0.000000000000 0.000000000000 0.000000000000 0.000000000000 0.000000000000 0.000000000000 0.000000000000 0.000000000000 0.000000000000 0.000000000000 0.000000000000 0.000000000000 0.000000000002 0.000000000000 0.000000000000 0.000000000000 0.000000000000 0.000000000000 0.000000000000 0.000000000000 0.000000000001 0.000000000000 0.000000000000 0.000000000000 0.000000000003 0.000000000000 0.000000000001 0.000000000272 0.001577700000 0.000000000000 0.000000000000 0.000000000000 0.000000000000 0.000000000000 0.000000000000 0.000000000000 0.000000000317 0.000000000000 0.000000000000 0.000000000000 0.000000064635 0.000000000000 0.000000001679 0.000012626000 0.004145600000 0.000000000000 0.000000000000 0.000000000000 0.000000010392 0.000000000000 0.000000039310 0.000000329840 0.007975500000 0.000000000000 0.000004543600 0.000086849000 0.016805000000 0.000284530000 0.048126000000 0.103590000000 0.594450000000 0.000000000000 0.000000000000 0.000000000000 0.000000000000 0.000000000000 0.000000000000 0.000000000000 0.000002634300 0.000000000000 0.000000000000 0.000000000000 0.000004129800 0.000000000000 0.000127270000 0.000251100000 0.035263000000 0.000000000000 0.000000000001 0.000000000000 0.000014462000 0.000000000000 0.000316290000 0.000599150000 0.081650000000 0.000001622800 0.003247800000 0.006462100000 0.175030000000 0.025637000000 0.316110000000 0.446070000000 0.855830000000 0.000000000000 0.000000019262 0.000000322830 0.006655500000 0.000031199000 0.015155000000 0.035836000000 0.354020000000 0.000447830000 0.068383000000 0.127070000000 0.562980000000 0.237770000000 0.694270000000 0.731090000000 0.952940000000 0.021852000000 0.261230000000 0.362560000000 0.785740000000 0.439950000000 0.831860000000 0.841390000000 0.973480000000 0.488230000000 0.861350000000 0.868190000000 0.977220000000 0.887580000000 0.981630000000 0.984650000000 0.998040000000 

0.000000000000 0.000000000000 0.000000000000 0.000000000000 0.000000000000 0.000000000000 0.000000000000 0.000000000000 0.000000000000 0.000000000000 0.000000000000 0.000000000000 0.000000000000 0.000000000000 0.000000000000 0.000000000000 0.000000000000 0.000000000000 0.000000000000 0.000000000000 0.000000000000 0.000000000000 0.000000000000 0.000000000000 0.000000000000 0.000000000000 0.000000000000 0.000000000000 0.000000000000 0.000000000000 0.000000000000 0.000000000000 0.000000000000 0.000000000000 0.000000000000 0.000000000000 0.000000000000 0.000000000000 0.000000000000 0.000000000000 0.000000000000 0.000000000000 0.000000000000 0.000000000000 0.000000000000 0.000000000000 0.000000000000 0.000000000000 0.000000000000 0.000000000000 0.000000000000 0.000000000000 0.000000000000 0.000000000000 0.000000000000 0.000000000000 0.000000000000 0.000000000000 0.000000000000 0.000000000000 0.000000000000 0.000000000000 0.000000000000 0.000524350000 0.000000000000 0.000000000000 0.000000000000 0.000000000000 0.000000000000 0.000000000000 0.000000000000 0.000000000000 0.000000000000 0.000000000000 0.000000000000 0.000000000000 0.000000000000 0.000000000000 0.000000000000 0.000000000000 0.000000000000 0.000000000000 0.000000000000 0.000000000000 0.000000000000 0.000000000000 0.000000000000 0.000000000000 0.000000000000 0.000000000000 0.000000000000 0.000000000000 0.000000000000 0.000000000000 0.000000000000 0.000183410000 0.000000000000 0.000000000000 0.000000000000 0.000000000000 0.000000000000 0.000000000000 0.000000000000 0.000000000000 0.000000000000 0.000000000000 0.000000000000 0.000000000000 0.000000000000 0.000000000000 0.000000000000 0.000573110000 0.000000000000 0.000000000000 0.000000000000 0.000000000000 0.000000000000 0.000000000000 0.000000000000 0.001635200000 0.000000000000 0.000000000030 0.000000000000 0.002387200000 0.000000001898 0.007546200000 0.022871000000 0.553780000000 0.000000000000 0.000000000000 0.000000000000 0.000000000000 0.000000000000 0.000000000000 0.000000000000 0.000000000000 0.000000000000 0.000000000000 0.000000000000 0.000000000000 0.000000000000 0.000000000000 0.000000000000 0.000000000000 0.000000000000 0.000000000000 0.000000000000 0.000000000000 0.000000000000 0.000000000000 0.000000000000 0.000000000000 0.000000000000 0.000000000000 0.000000000000 0.000000000001 0.000000000000 0.000000000000 0.000000000090 0.004497400000 0.000000000000 0.000000000000 0.000000000000 0.000000000000 0.000000000000 0.000000000000 0.000000000000 0.000000000105 0.000000000000 0.000000000000 0.000000000000 0.000000033775 0.000000000000 0.000000000578 0.000015701000 0.009951800000 0.000000000000 0.000000000000 0.000000000000 0.000000004099 0.000000000000 0.000000017722 0.000000200020 0.021177000000 0.000000000000 0.000003388000 0.000267970000 0.045867000000 0.000593090000 0.115290000000 0.239030000000 0.873320000000 0.000000000000 0.000000000000 0.000000000000 0.000000000000 0.000000000000 0.000000000000 0.000000000000 0.000001855300 0.000000000000 0.000000000000 0.000000000000 0.000003278700 0.000000000000 0.000405460000 0.000611850000 0.095681000000 0.000000000000 0.000000000000 0.000000000000 0.000510680000 0.000000000000 0.000561860000 0.001408600000 0.188690000000 0.000001153400 0.009292500000 0.016560000000 0.372570000000 0.073963000000 0.595760000000 0.772840000000 0.988740000000 0.000000000000 0.000000008696 0.000000182980 0.017686000000 0.000485600000 0.045495000000 0.098863000000 0.653630000000 0.002111300000 0.181190000000 0.319920000000 0.872600000000 0.560800000000 0.955040000000 0.980620000000 0.995850000000 0.078179000000 0.592870000000 0.779620000000 0.986360000000 0.904420000000 0.994730000000 0.995550000000 0.996020000000 0.968970000000 0.995600000000 0.995840000000 0.996060000000 0.995790000000 0.996160000000 0.996020000000 0.996090000000 

N_obs: 2000

File Format:
1- most to least reliable channels (taken entropies)
2- most to least reliable channels (taken error probabilities)
3- channels entropies (flipped)
4- channels error probabilities (flipped)
5- number of MontCarlo simulations
