255 254 253 252 251 250 249 247 246 245 243 239 238 237 235 231 223 222 221 191 219 248 241 244 236 242 234 215 230 233 229 190 189 227 207 220 218 217 214 127 187 213 240 232 228 211 183 206 226 188 205 216 225 186 126 175 212 203 185 125 159 182 123 210 119 95 63 111 199 181 209 204 179 174 173 124 224 171 167 202 158 157 184 155 151 143 122 121 117 118 103 115 93 94 107 109 201 87 79 91 110 61 55 47 59 62 31 198 197 180 195 208 178 177 170 172 169 165 166 163 154 149 153 150 156 147 142 141 139 116 120 102 106 114 90 85 86 135 83 92 101 200 108 89 105 53 54 75 113 58 78 51 77 43 99 60 57 71 46 39 45 27 29 30 23 15 196 194 193 176 164 168 148 162 146 152 161 140 145 138 137 84 82 100 52 74 73 76 42 50 134 81 41 133 44 104 88 37 49 38 70 98 35 26 25 69 28 56 21 19 112 22 131 97 67 13 14 11 7 192 136 144 160 72 40 132 36 20 68 80 24 34 18 48 17 33 12 130 66 10 9 129 65 96 6 5 3 16 8 32 4 64 128 2 1 0 

255 254 253 252 251 250 249 247 246 245 243 239 238 237 235 231 223 222 221 191 219 248 241 244 236 242 234 215 230 233 229 190 189 227 220 207 218 217 214 240 187 213 232 127 228 211 206 183 188 226 205 216 225 186 212 203 175 185 126 210 182 125 209 199 181 204 224 159 123 179 202 184 174 201 173 119 124 180 208 198 171 111 158 95 195 197 121 167 122 178 93 155 172 157 115 117 163 62 151 141 107 118 55 101 156 169 91 53 110 51 63 135 23 148 200 79 46 47 58 57 27 164 108 152 49 194 83 138 74 133 89 131 84 100 52 149 69 19 36 11 162 15 7 26 37 41 34 98 102 160 140 161 92 78 105 129 39 106 130 82 67 50 192 25 42 113 99 1 97 68 20 128 70 72 134 28 96 16 132 6 2 9 21 64 147 4 10 0 40 32 18 136 24 66 48 14 12 176 8 137 5 73 3 65 33 56 77 17 85 144 139 13 80 112 44 103 60 22 81 45 168 146 76 166 29 154 165 145 35 116 88 142 30 38 114 86 54 104 193 177 43 71 90 94 196 75 120 153 59 150 31 109 170 143 61 87 

0.000000000000 0.000000000000 0.000000000000 0.000000000000 0.000000000000 0.000000000000 0.000000000000 0.000000000000 0.000000000000 0.000000000000 0.000000000000 0.000000000001 0.000000000000 0.000000000004 0.000000000000 0.001698700000 0.000000000000 0.000000000000 0.000000000000 0.000000000001 0.000000000000 0.000000000007 0.000000000325 0.003675700000 0.000000000000 0.000000000310 0.000000005062 0.007219500000 0.000001595900 0.024482000000 0.055309000000 0.496230000000 0.000000000000 0.000000000000 0.000000000000 0.000011242000 0.000000000000 0.000030905000 0.000077012000 0.049483000000 0.000000000086 0.000920930000 0.001630000000 0.101410000000 0.009751600000 0.208250000000 0.321600000000 0.793860000000 0.000010809000 0.014553000000 0.040235000000 0.371220000000 0.107100000000 0.551080000000 0.640080000000 0.920240000000 0.270280000000 0.706610000000 0.730260000000 0.945170000000 0.752170000000 0.955040000000 0.960210000000 0.994700000000 0.000000000000 0.000000098766 0.000000409380 0.025061000000 0.001305000000 0.059887000000 0.122690000000 0.558920000000 0.012560000000 0.194360000000 0.292690000000 0.733530000000 0.390760000000 0.804110000000 0.818480000000 0.970140000000 0.083243000000 0.434490000000 0.472240000000 0.862830000000 0.511480000000 0.859010000000 0.869850000000 0.978360000000 0.518860000000 0.872660000000 0.870230000000 0.976430000000 0.883910000000 0.980170000000 0.982560000000 0.997590000000 0.186170000000 0.554590000000 0.554740000000 0.892560000000 0.559880000000 0.889230000000 0.890520000000 0.981880000000 0.572450000000 0.891690000000 0.889250000000 0.979760000000 0.898210000000 0.981810000000 0.982940000000 0.997350000000 0.576240000000 0.900860000000 0.904200000000 0.982660000000 0.907780000000 0.983550000000 0.983870000000 0.997290000000 0.919020000000 0.986230000000 0.986770000000 0.997640000000 0.988730000000 0.998260000000 0.998500000000 0.999810000000 0.001300400000 0.076637000000 0.128760000000 0.478370000000 0.207310000000 0.589450000000 0.591830000000 0.916130000000 0.248410000000 0.617640000000 0.614840000000 0.913290000000 0.629670000000 0.917880000000 0.924230000000 0.988450000000 0.265180000000 0.652770000000 0.637160000000 0.921120000000 0.635750000000 0.917720000000 0.922430000000 0.986860000000 0.628160000000 0.916680000000 0.920050000000 0.985610000000 0.926580000000 0.987600000000 0.988970000000 0.998510000000 0.253650000000 0.634740000000 0.633410000000 0.919750000000 0.651460000000 0.918190000000 0.921960000000 0.986880000000 0.641380000000 0.918640000000 0.918480000000 0.985170000000 0.919640000000 0.985490000000 0.986280000000 0.997870000000 0.644480000000 0.924840000000 0.925800000000 0.986030000000 0.923810000000 0.985800000000 0.986030000000 0.997610000000 0.928290000000 0.987600000000 0.987840000000 0.997790000000 0.989200000000 0.998300000000 0.998500000000 0.999800000000 0.264550000000 0.665440000000 0.652810000000 0.926970000000 0.661730000000 0.924480000000 0.928270000000 0.988090000000 0.659700000000 0.923520000000 0.922830000000 0.985730000000 0.925590000000 0.986200000000 0.987300000000 0.998050000000 0.660940000000 0.928450000000 0.930730000000 0.986780000000 0.926070000000 0.986050000000 0.986340000000 0.997620000000 0.929490000000 0.987300000000 0.987190000000 0.997670000000 0.987620000000 0.997950000000 0.998150000000 0.999750000000 0.676140000000 0.935430000000 0.934560000000 0.987870000000 0.934000000000 0.987630000000 0.987810000000 0.997880000000 0.936800000000 0.988590000000 0.988210000000 0.997750000000 0.988420000000 0.998010000000 0.998050000000 0.999710000000 0.943470000000 0.990720000000 0.990570000000 0.998200000000 0.990800000000 0.998320000000 0.998330000000 0.999720000000 0.992000000000 0.998770000000 0.998780000000 0.999780000000 0.998930000000 0.999840000000 0.999860000000 0.999980000000 

0.000000000000 0.000000000000 0.000000000000 0.000000000000 0.000000000000 0.000000000000 0.000000000000 0.000000000000 0.000000000000 0.000000000000 0.000000000000 0.000000000000 0.000000000000 0.000000000001 0.000000000000 0.003847400000 0.000000000000 0.000000000000 0.000000000000 0.000000000000 0.000000000000 0.000000000001 0.000000000096 0.008580200000 0.000000000000 0.000000000086 0.000000001631 0.017268000000 0.000000811140 0.074792000000 0.121160000000 0.776080000000 0.000000000000 0.000000000000 0.000000000000 0.000007932600 0.000000000000 0.000023741000 0.000059486000 0.114960000000 0.000000000024 0.001956700000 0.006898500000 0.231980000000 0.026761000000 0.414740000000 0.615230000000 0.970820000000 0.000008801500 0.045175000000 0.098513000000 0.684650000000 0.283930000000 0.868500000000 0.940270000000 0.995850000000 0.666840000000 0.974300000000 0.990490000000 0.996440000000 0.990370000000 0.995960000000 0.996290000000 0.996070000000 0.000000000000 0.000000041153 0.000000189200 0.072206000000 0.003918900000 0.167870000000 0.350260000000 0.882140000000 0.053533000000 0.514610000000 0.673600000000 0.969210000000 0.859230000000 0.992860000000 0.996340000000 0.996100000000 0.340190000000 0.903370000000 0.953530000000 0.994610000000 0.979490000000 0.996790000000 0.995710000000 0.996170000000 0.990860000000 0.996200000000 0.996210000000 0.995940000000 0.995170000000 0.996020000000 0.996060000000 0.996050000000 0.784210000000 0.986640000000 0.994670000000 0.995690000000 0.994520000000 0.996210000000 0.996490000000 0.995950000000 0.995430000000 0.996690000000 0.995980000000 0.995840000000 0.996090000000 0.996170000000 0.996210000000 0.996120000000 0.996900000000 0.996240000000 0.995470000000 0.996050000000 0.996130000000 0.995970000000 0.996110000000 0.996100000000 0.995830000000 0.996080000000 0.995970000000 0.996090000000 0.995980000000 0.996070000000 0.996070000000 0.996080000000 0.009386800000 0.357150000000 0.528360000000 0.965760000000 0.831720000000 0.991190000000 0.990550000000 0.996450000000 0.959690000000 0.995570000000 0.994910000000 0.996220000000 0.994810000000 0.996260000000 0.996080000000 0.996140000000 0.985800000000 0.995750000000 0.996750000000 0.995940000000 0.995530000000 0.996070000000 0.996070000000 0.996280000000 0.996150000000 0.996050000000 0.995670000000 0.995980000000 0.996080000000 0.996050000000 0.996080000000 0.996090000000 0.987980000000 0.996410000000 0.994430000000 0.996060000000 0.995740000000 0.996410000000 0.995980000000 0.996220000000 0.997640000000 0.996280000000 0.996120000000 0.995980000000 0.995970000000 0.996070000000 0.996150000000 0.996130000000 0.995860000000 0.996070000000 0.996120000000 0.996190000000 0.996450000000 0.995970000000 0.996110000000 0.996080000000 0.996400000000 0.996080000000 0.995990000000 0.996080000000 0.996070000000 0.996100000000 0.996110000000 0.996090000000 0.995830000000 0.995290000000 0.996910000000 0.996150000000 0.996490000000 0.995920000000 0.995930000000 0.996120000000 0.995660000000 0.996280000000 0.995750000000 0.995980000000 0.995770000000 0.996070000000 0.995960000000 0.996100000000 0.995910000000 0.995880000000 0.996160000000 0.996140000000 0.996360000000 0.996080000000 0.996040000000 0.996090000000 0.996070000000 0.996260000000 0.996040000000 0.995990000000 0.996210000000 0.996050000000 0.996110000000 0.996090000000 0.996710000000 0.996250000000 0.996200000000 0.996090000000 0.995940000000 0.996030000000 0.996070000000 0.996100000000 0.995830000000 0.996150000000 0.996090000000 0.996080000000 0.995990000000 0.996090000000 0.996120000000 0.996090000000 0.996020000000 0.996100000000 0.996130000000 0.996100000000 0.996010000000 0.996090000000 0.996090000000 0.996110000000 0.996030000000 0.996090000000 0.996110000000 0.996090000000 0.996110000000 0.996090000000 0.996080000000 0.996090000000 

N_obs: 400

File Format:
1- most to least reliable channels (taken entropies)
2- most to least reliable channels (taken error probabilities)
3- channels entropies (flipped)
4- channels error probabilities (flipped)
5- number of MontCarlo simulations
