255 254 253 252 251 250 249 248 247 246 245 244 243 242 241 240 239 238 237 236 235 234 233 232 231 230 229 228 227 226 225 223 222 221 220 219 218 217 216 215 214 213 212 211 210 209 207 206 205 204 203 202 201 199 198 197 195 191 190 189 188 187 186 185 184 183 182 181 180 179 178 177 175 174 173 172 171 170 169 167 166 165 163 159 158 157 156 155 154 153 151 150 149 147 143 142 141 139 135 127 126 125 124 123 122 121 120 119 118 117 116 115 114 113 111 110 109 108 107 106 105 103 102 101 99 95 94 93 92 91 90 87 79 63 62 61 59 55 47 86 89 85 77 208 200 78 58 196 83 224 75 194 164 31 176 162 152 168 193 148 57 60 71 146 161 54 145 140 53 51 137 138 112 104 133 88 98 46 134 84 100 82 97 45 81 76 43 131 74 192 73 160 30 56 52 39 144 70 29 50 69 136 49 44 96 27 132 67 42 80 130 41 23 72 38 129 28 15 37 68 26 48 35 25 66 22 40 65 21 19 7 11 13 14 128 36 34 33 24 3 17 9 5 20 18 64 6 12 10 1 32 16 8 4 2 0 

255 254 253 252 251 250 249 248 247 246 245 244 243 242 241 240 239 238 237 236 235 234 233 232 231 230 229 228 227 226 225 223 222 221 220 219 218 217 216 215 214 213 212 211 210 209 207 206 205 204 203 202 201 199 198 197 195 191 190 189 188 187 186 185 184 183 182 181 180 179 178 177 175 174 173 172 171 170 169 167 166 165 163 159 158 157 156 155 154 153 151 150 149 147 143 142 141 139 135 127 126 125 124 123 122 121 120 119 118 117 116 115 114 113 111 110 109 108 107 106 105 103 102 101 99 95 94 93 92 91 90 87 79 63 62 61 59 55 47 86 89 85 77 208 200 78 58 196 83 224 75 194 164 31 176 162 152 168 193 148 57 60 71 146 161 145 54 140 53 51 137 138 112 104 133 88 46 98 134 84 82 100 97 76 45 81 74 43 131 192 73 160 56 30 52 144 39 70 29 50 69 136 49 96 44 132 27 67 42 80 130 41 72 129 23 38 28 68 37 48 26 15 66 35 25 40 65 22 128 21 36 19 14 34 24 13 33 64 11 7 20 5 32 16 10 12 1 8 0 2 3 4 18 17 6 9 

0.000000000000 0.000000000000 0.000000000000 0.000000000000 0.000000000000 0.000000000000 0.000000000000 0.000000000000 0.000000000000 0.000000000000 0.000000000000 0.000000000000 0.000000000000 0.000000000000 0.000000000000 0.000000000000 0.000000000000 0.000000000000 0.000000000000 0.000000000000 0.000000000000 0.000000000000 0.000000000000 0.000000000000 0.000000000000 0.000000000000 0.000000000000 0.000000000000 0.000000000000 0.000000000000 0.000000000000 0.000000000001 0.000000000000 0.000000000000 0.000000000000 0.000000000000 0.000000000000 0.000000000000 0.000000000000 0.000000000000 0.000000000000 0.000000000000 0.000000000000 0.000000000000 0.000000000000 0.000000000000 0.000000000000 0.000000000000 0.000000000000 0.000000000000 0.000000000000 0.000000000000 0.000000000000 0.000000000000 0.000000000000 0.000000000000 0.000000000000 0.000000000000 0.000000000000 0.000000000000 0.000000000000 0.000000000002 0.000000000223 0.000775780000 0.000000000000 0.000000000000 0.000000000000 0.000000000000 0.000000000000 0.000000000000 0.000000000000 0.000000000000 0.000000000000 0.000000000000 0.000000000000 0.000000000000 0.000000000000 0.000000000000 0.000000000000 0.000000000012 0.000000000000 0.000000000000 0.000000000000 0.000000000000 0.000000000000 0.000000000000 0.000000000000 0.000000000021 0.000000000000 0.000000000000 0.000000000000 0.000000000006 0.000000000000 0.000000000015 0.000000004773 0.001864200000 0.000000000000 0.000000000000 0.000000000000 0.000000000000 0.000000000000 0.000000000000 0.000000000000 0.000000000017 0.000000000000 0.000000000000 0.000000000000 0.000000000246 0.000000000000 0.000000000818 0.000000011276 0.004485700000 0.000000000000 0.000000000000 0.000000000000 0.000000151610 0.000000000000 0.000000440040 0.000000307000 0.010429000000 0.000000000000 0.000035611000 0.000003583500 0.025681000000 0.000537070000 0.064846000000 0.137960000000 0.637420000000 0.000000000000 0.000000000000 0.000000000000 0.000000000000 0.000000000000 0.000000000000 0.000000000000 0.000000000000 0.000000000000 0.000000000000 0.000000000000 0.000000000000 0.000000000000 0.000000000000 0.000000000000 0.000000512310 0.000000000000 0.000000000000 0.000000000000 0.000000000000 0.000000000000 0.000000000000 0.000000000000 0.000000893670 0.000000000000 0.000000000000 0.000000000000 0.000071687000 0.000000000000 0.000015610000 0.000150500000 0.023618000000 0.000000000000 0.000000000000 0.000000000000 0.000000000000 0.000000000000 0.000000000000 0.000000000000 0.000013138000 0.000000000000 0.000000000000 0.000000000000 0.000044457000 0.000000000001 0.000085599000 0.000275470000 0.050512000000 0.000000000000 0.000000000000 0.000000000000 0.000372660000 0.000000000001 0.000740440000 0.001283800000 0.108780000000 0.000000000371 0.004752200000 0.009938900000 0.226950000000 0.039808000000 0.375760000000 0.493410000000 0.876570000000 0.000000000000 0.000000000000 0.000000000000 0.000000000314 0.000000000000 0.000000000000 0.000000000254 0.002281300000 0.000000000000 0.000000010841 0.000000196780 0.003048800000 0.000000294050 0.006527400000 0.014186000000 0.273890000000 0.000000000000 0.000016135000 0.000169760000 0.019754000000 0.000405110000 0.040570000000 0.080335000000 0.470950000000 0.003423500000 0.126330000000 0.206780000000 0.653770000000 0.316460000000 0.747930000000 0.752300000000 0.964220000000 0.000000000011 0.001960800000 0.004976700000 0.149100000000 0.024562000000 0.265670000000 0.361460000000 0.782890000000 0.090860000000 0.431710000000 0.496430000000 0.864290000000 0.512780000000 0.872830000000 0.844800000000 0.983790000000 0.196760000000 0.566700000000 0.566000000000 0.897100000000 0.555740000000 0.897760000000 0.861450000000 0.986260000000 0.519740000000 0.881570000000 0.863500000000 0.986730000000 0.797070000000 0.986990000000 0.937770000000 0.999020000000 

0.000000000000 0.000000000000 0.000000000000 0.000000000000 0.000000000000 0.000000000000 0.000000000000 0.000000000000 0.000000000000 0.000000000000 0.000000000000 0.000000000000 0.000000000000 0.000000000000 0.000000000000 0.000000000000 0.000000000000 0.000000000000 0.000000000000 0.000000000000 0.000000000000 0.000000000000 0.000000000000 0.000000000000 0.000000000000 0.000000000000 0.000000000000 0.000000000000 0.000000000000 0.000000000000 0.000000000000 0.000000000000 0.000000000000 0.000000000000 0.000000000000 0.000000000000 0.000000000000 0.000000000000 0.000000000000 0.000000000000 0.000000000000 0.000000000000 0.000000000000 0.000000000000 0.000000000000 0.000000000000 0.000000000000 0.000000000000 0.000000000000 0.000000000000 0.000000000000 0.000000000000 0.000000000000 0.000000000000 0.000000000000 0.000000000000 0.000000000000 0.000000000000 0.000000000000 0.000000000000 0.000000000000 0.000000000000 0.000000000064 0.001687500000 0.000000000000 0.000000000000 0.000000000000 0.000000000000 0.000000000000 0.000000000000 0.000000000000 0.000000000000 0.000000000000 0.000000000000 0.000000000000 0.000000000000 0.000000000000 0.000000000000 0.000000000000 0.000000000003 0.000000000000 0.000000000000 0.000000000000 0.000000000000 0.000000000000 0.000000000000 0.000000000000 0.000000000005 0.000000000000 0.000000000000 0.000000000000 0.000000000001 0.000000000000 0.000000000003 0.000000001557 0.003851000000 0.000000000000 0.000000000000 0.000000000000 0.000000000000 0.000000000000 0.000000000000 0.000000000000 0.000000000004 0.000000000000 0.000000000000 0.000000000000 0.000000000065 0.000000000000 0.000000000234 0.000000003980 0.009670400000 0.000000000000 0.000000000000 0.000000000000 0.000000071952 0.000000000000 0.000000205510 0.000000133490 0.026908000000 0.000000000000 0.000034494000 0.000001863000 0.059053000000 0.001263600000 0.137610000000 0.267800000000 0.881600000000 0.000000000000 0.000000000000 0.000000000000 0.000000000000 0.000000000000 0.000000000000 0.000000000000 0.000000000000 0.000000000000 0.000000000000 0.000000000000 0.000000000000 0.000000000000 0.000000000000 0.000000000000 0.000000286630 0.000000000000 0.000000000000 0.000000000000 0.000000000000 0.000000000000 0.000000000000 0.000000000000 0.000000523780 0.000000000000 0.000000000000 0.000000000000 0.000090694000 0.000000000000 0.000016613000 0.000243760000 0.051529000000 0.000000000000 0.000000000000 0.000000000000 0.000000000000 0.000000000000 0.000000000000 0.000000000000 0.000010502000 0.000000000000 0.000000000000 0.000000000000 0.000061990000 0.000000000000 0.000077978000 0.000698270000 0.114130000000 0.000000000000 0.000000000000 0.000000000000 0.000484450000 0.000000000000 0.001090500000 0.002249400000 0.221550000000 0.000000000100 0.011806000000 0.023998000000 0.441300000000 0.094907000000 0.649220000000 0.817760000000 0.985150000000 0.000000000000 0.000000000000 0.000000000000 0.000000000088 0.000000000000 0.000000000000 0.000000000072 0.005519800000 0.000000000000 0.000000004018 0.000000097643 0.006737300000 0.000000124750 0.016984000000 0.031496000000 0.506250000000 0.000000000000 0.000016224000 0.000486100000 0.053393000000 0.001149500000 0.095855000000 0.180300000000 0.763050000000 0.010540000000 0.280970000000 0.443120000000 0.913070000000 0.671630000000 0.968840000000 0.981890000000 0.991980000000 0.000000000002 0.005874200000 0.015204000000 0.351870000000 0.069535000000 0.557910000000 0.728660000000 0.975490000000 0.269170000000 0.819410000000 0.904080000000 0.989950000000 0.955290000000 0.992290000000 0.992300000000 0.992050000000 0.638470000000 0.962410000000 0.981580000000 0.992150000000 0.985590000000 0.992080000000 0.992650000000 0.992190000000 0.989540000000 0.992320000000 0.991870000000 0.992270000000 0.992240000000 0.992230000000 0.992160000000 0.992210000000 

N_obs: 2000

File Format:
1- most to least reliable channels (taken entropies)
2- most to least reliable channels (taken error probabilities)
3- channels entropies (flipped)
4- channels error probabilities (flipped)
5- number of MontCarlo simulations
