255 254 253 252 251 250 249 248 247 246 245 244 243 242 241 239 238 237 236 235 234 233 231 230 223 222 221 220 219 218 215 207 191 190 189 187 183 127 229 217 227 214 175 211 213 206 205 188 203 185 125 182 159 181 186 199 179 228 240 123 226 232 174 216 225 126 212 210 173 119 209 204 171 202 184 124 201 180 122 158 198 111 167 178 121 157 197 224 177 118 172 155 208 117 195 170 95 169 115 200 151 110 63 166 109 120 156 143 196 107 165 31 103 94 47 79 176 93 55 87 154 91 59 61 116 163 62 194 153 15 114 150 135 149 193 113 147 168 139 23 71 39 141 142 108 27 29 99 30 43 75 105 51 106 83 101 45 77 7 102 78 46 53 85 164 89 57 54 86 90 58 92 60 161 162 131 35 19 11 67 152 3 14 145 13 133 137 148 134 25 146 21 37 112 192 69 73 97 41 49 81 138 140 22 38 70 28 26 129 98 104 17 33 9 100 5 65 74 42 76 44 50 82 52 1 84 88 56 6 160 144 136 130 132 12 24 18 34 10 20 66 36 40 68 72 96 80 48 128 16 8 32 2 4 64 0 

255 254 253 252 251 250 249 248 247 246 245 244 243 242 241 239 238 237 236 235 234 233 231 230 223 222 221 220 219 218 215 207 191 190 189 187 183 127 229 227 217 214 175 211 213 206 205 188 203 185 125 182 159 181 186 199 179 228 240 123 226 232 174 216 126 212 225 210 173 204 119 209 171 202 201 184 124 180 198 158 122 167 178 111 197 157 121 224 177 172 118 208 195 155 170 117 200 169 95 115 166 151 110 196 156 120 165 176 109 154 194 143 116 163 63 107 153 168 193 94 114 150 103 93 113 164 149 108 91 147 142 162 62 87 152 106 141 139 79 161 192 105 61 102 59 135 15 92 55 112 101 39 148 21 7 29 44 47 77 86 69 99 46 42 65 37 67 73 22 49 98 131 140 57 41 146 83 1 133 138 26 9 160 132 88 14 43 104 28 38 76 72 3 54 48 52 36 12 64 34 66 130 32 8 16 96 4 0 6 129 128 2 97 13 18 144 35 24 68 33 20 50 89 17 56 82 70 80 75 78 90 84 25 5 40 10 100 136 81 60 145 134 11 31 74 137 45 51 58 71 85 19 53 30 23 27 

0.000000000000 0.000000000000 0.000000000000 0.000000000000 0.000000000000 0.000000000000 0.000000000000 0.000000000000 0.000000000000 0.000000000000 0.000000000000 0.000000000000 0.000000000000 0.000000000000 0.000000000000 0.000000374820 0.000000000000 0.000000000000 0.000000000000 0.000000000000 0.000000000000 0.000000000000 0.000000000000 0.000010128000 0.000000000000 0.000000000000 0.000000000000 0.000000342910 0.000000000000 0.000003661100 0.000024874000 0.026311000000 0.000000000000 0.000000000000 0.000000000000 0.000000000000 0.000000000000 0.000000000000 0.000000000000 0.000022339000 0.000000000000 0.000000000000 0.000000000000 0.000101260000 0.000000000000 0.000135690000 0.000504090000 0.061095000000 0.000000000000 0.000000000000 0.000000000001 0.000886420000 0.000000000012 0.001571100000 0.003144100000 0.138780000000 0.000000048504 0.007384900000 0.016944000000 0.275040000000 0.064588000000 0.433810000000 0.547280000000 0.898520000000 0.000000000000 0.000000000000 0.000000000000 0.000000000008 0.000000000000 0.000000024964 0.000000000164 0.002426900000 0.000000000000 0.000000006052 0.000000017995 0.004898700000 0.000000285420 0.011542000000 0.029558000000 0.347470000000 0.000000000000 0.000011802000 0.000224250000 0.035562000000 0.000945300000 0.066252000000 0.126040000000 0.562130000000 0.009127600000 0.186100000000 0.282250000000 0.727940000000 0.380510000000 0.796310000000 0.787950000000 0.972440000000 0.000000015450 0.006697900000 0.016805000000 0.223900000000 0.049110000000 0.356120000000 0.442450000000 0.835370000000 0.142790000000 0.512600000000 0.546410000000 0.889150000000 0.548610000000 0.893310000000 0.860730000000 0.986800000000 0.232090000000 0.601950000000 0.594540000000 0.908350000000 0.575450000000 0.907470000000 0.870760000000 0.987760000000 0.535240000000 0.890400000000 0.869720000000 0.988010000000 0.800690000000 0.987890000000 0.938770000000 0.999100000000 0.000000000000 0.000054971000 0.000000001082 0.002988000000 0.000000641670 0.006558500000 0.013689000000 0.216960000000 0.000260920000 0.030281000000 0.062007000000 0.378600000000 0.131450000000 0.505260000000 0.547530000000 0.898220000000 0.008420900000 0.143520000000 0.210150000000 0.613470000000 0.280030000000 0.677760000000 0.671800000000 0.940530000000 0.316340000000 0.706560000000 0.687390000000 0.942180000000 0.653030000000 0.940240000000 0.900830000000 0.993980000000 0.074506000000 0.329590000000 0.354010000000 0.754430000000 0.365170000000 0.751270000000 0.728420000000 0.957090000000 0.355150000000 0.745810000000 0.722170000000 0.952190000000 0.678280000000 0.947980000000 0.904490000000 0.994210000000 0.333530000000 0.709980000000 0.696040000000 0.946230000000 0.670950000000 0.945190000000 0.900640000000 0.993330000000 0.593100000000 0.922820000000 0.898940000000 0.993280000000 0.821120000000 0.992950000000 0.943000000000 0.999470000000 0.146050000000 0.404380000000 0.376350000000 0.777720000000 0.368150000000 0.753470000000 0.734020000000 0.957890000000 0.354670000000 0.742300000000 0.720110000000 0.951170000000 0.674140000000 0.946970000000 0.904180000000 0.994210000000 0.332710000000 0.719690000000 0.692620000000 0.946290000000 0.666580000000 0.945280000000 0.900970000000 0.993150000000 0.593390000000 0.922730000000 0.897760000000 0.993000000000 0.817530000000 0.992240000000 0.941930000000 0.999340000000 0.294760000000 0.661170000000 0.641060000000 0.928500000000 0.627300000000 0.930940000000 0.890750000000 0.991700000000 0.583370000000 0.920400000000 0.897620000000 0.992890000000 0.817770000000 0.991960000000 0.941200000000 0.999250000000 0.479380000000 0.860390000000 0.861140000000 0.989070000000 0.818670000000 0.992680000000 0.942100000000 0.999290000000 0.701750000000 0.967350000000 0.942570000000 0.999400000000 0.852910000000 0.999390000000 0.951560000000 0.999960000000 

0.000000000000 0.000000000000 0.000000000000 0.000000000000 0.000000000000 0.000000000000 0.000000000000 0.000000000000 0.000000000000 0.000000000000 0.000000000000 0.000000000000 0.000000000000 0.000000000000 0.000000000000 0.000000190600 0.000000000000 0.000000000000 0.000000000000 0.000000000000 0.000000000000 0.000000000000 0.000000000000 0.000007628500 0.000000000000 0.000000000000 0.000000000000 0.000000150050 0.000000000000 0.000002150700 0.000480210000 0.059290000000 0.000000000000 0.000000000000 0.000000000000 0.000000000000 0.000000000000 0.000000000000 0.000000000000 0.000020862000 0.000000000000 0.000000000000 0.000000000000 0.000140040000 0.000000000000 0.000626600000 0.002393700000 0.131940000000 0.000000000000 0.000000000000 0.000000000000 0.001863500000 0.000000000003 0.004145800000 0.007233400000 0.269850000000 0.000000019420 0.017270000000 0.038212000000 0.485890000000 0.138570000000 0.704470000000 0.844400000000 0.987570000000 0.000000000000 0.000000000000 0.000000000000 0.000000000002 0.000000000000 0.000000010240 0.000000000044 0.008179200000 0.000000000000 0.000000002143 0.000000006817 0.010751000000 0.000000126420 0.026057000000 0.063453000000 0.595110000000 0.000000000000 0.000009109100 0.000642510000 0.082116000000 0.002727500000 0.151050000000 0.274510000000 0.829730000000 0.024266000000 0.404230000000 0.566190000000 0.947030000000 0.766290000000 0.979270000000 0.986710000000 0.992110000000 0.000000005028 0.018850000000 0.042546000000 0.492860000000 0.141600000000 0.676820000000 0.820080000000 0.982770000000 0.411980000000 0.893380000000 0.947240000000 0.991300000000 0.971700000000 0.992070000000 0.992400000000 0.992210000000 0.735720000000 0.977250000000 0.985730000000 0.992010000000 0.985960000000 0.992080000000 0.992470000000 0.992320000000 0.990220000000 0.992420000000 0.992080000000 0.992110000000 0.991980000000 0.992180000000 0.992200000000 0.992200000000 0.000000000000 0.000104490000 0.000000000335 0.010326000000 0.000000309460 0.023759000000 0.042688000000 0.502420000000 0.001877500000 0.095055000000 0.181050000000 0.747720000000 0.386280000000 0.885740000000 0.942550000000 0.991130000000 0.027891000000 0.417720000000 0.602930000000 0.954590000000 0.782010000000 0.983970000000 0.987720000000 0.992130000000 0.921600000000 0.989450000000 0.991130000000 0.992310000000 0.991820000000 0.991960000000 0.992210000000 0.992190000000 0.334750000000 0.860570000000 0.936610000000 0.990610000000 0.968110000000 0.992260000000 0.992230000000 0.992110000000 0.980860000000 0.991790000000 0.992620000000 0.992260000000 0.992070000000 0.992240000000 0.992350000000 0.992250000000 0.986400000000 0.992260000000 0.991720000000 0.992140000000 0.992260000000 0.992470000000 0.991940000000 0.992140000000 0.992610000000 0.992250000000 0.991810000000 0.992230000000 0.991890000000 0.992170000000 0.991890000000 0.992170000000 0.772780000000 0.979900000000 0.987910000000 0.992390000000 0.989670000000 0.992590000000 0.992030000000 0.992240000000 0.990610000000 0.992150000000 0.992650000000 0.992160000000 0.992580000000 0.992230000000 0.991960000000 0.992150000000 0.991690000000 0.991870000000 0.992470000000 0.991680000000 0.992120000000 0.991890000000 0.992060000000 0.992260000000 0.991140000000 0.992130000000 0.991890000000 0.992160000000 0.992230000000 0.992170000000 0.992230000000 0.992180000000 0.992460000000 0.992710000000 0.991590000000 0.992130000000 0.993230000000 0.992080000000 0.992260000000 0.992230000000 0.992840000000 0.991950000000 0.991460000000 0.992230000000 0.992630000000 0.992210000000 0.992240000000 0.992180000000 0.990550000000 0.992120000000 0.992210000000 0.992170000000 0.992450000000 0.992270000000 0.992100000000 0.992180000000 0.991540000000 0.992190000000 0.992260000000 0.992190000000 0.992140000000 0.992200000000 0.992080000000 0.992190000000 

N_obs: 2000

File Format:
1- most to least reliable channels (taken entropies)
2- most to least reliable channels (taken error probabilities)
3- channels entropies (flipped)
4- channels error probabilities (flipped)
5- number of MontCarlo simulations
