255 254 253 252 251 250 249 247 246 245 243 239 238 237 235 231 223 222 221 219 215 191 248 207 244 241 236 190 189 233 242 187 234 229 220 230 227 217 127 218 183 213 214 211 240 206 232 188 205 228 186 175 226 126 203 216 185 225 125 182 212 181 210 123 199 159 209 179 204 174 119 173 202 184 124 63 111 95 171 201 224 122 31 158 180 167 121 143 157 198 47 155 151 79 55 59 118 87 115 61 103 117 178 91 107 197 62 93 109 15 110 94 195 208 177 172 135 23 39 71 170 163 27 29 169 30 139 147 165 7 51 43 166 75 141 83 200 142 99 149 45 153 120 156 77 46 150 53 154 78 57 54 85 101 113 58 89 105 102 114 86 116 60 131 19 35 11 90 67 106 92 108 193 196 3 14 13 194 176 161 25 137 133 145 37 21 41 49 69 73 81 97 134 22 38 28 70 168 17 33 129 9 5 65 162 26 164 1 138 140 146 148 152 50 44 42 76 52 74 82 56 6 98 84 100 88 104 112 192 12 24 160 136 34 18 130 132 144 10 36 20 40 66 48 72 68 80 96 16 8 32 4 128 2 64 0 

255 254 253 252 251 250 249 247 246 245 243 239 238 237 235 231 223 222 221 219 215 191 248 207 244 241 236 190 189 233 242 187 234 220 229 230 227 217 127 218 183 213 214 211 240 232 206 205 188 228 186 175 226 216 203 185 126 225 212 182 125 181 210 199 123 209 204 159 179 174 202 184 173 119 224 124 201 180 171 198 122 158 208 178 197 111 121 167 157 177 172 195 118 200 95 155 170 117 151 63 169 115 196 143 120 110 166 156 176 107 109 93 47 163 165 141 154 30 153 194 149 55 15 135 113 51 193 147 94 29 77 67 103 14 53 19 46 150 45 102 37 99 60 69 134 44 23 13 21 133 57 148 74 164 140 145 137 82 112 161 22 138 43 65 136 192 48 25 24 130 18 42 160 144 73 66 128 4 98 40 97 2 132 108 9 16 32 64 56 0 20 8 70 85 96 50 12 88 36 104 72 38 168 10 80 35 34 116 5 1 68 33 84 52 146 131 100 3 26 75 101 59 129 106 6 162 81 11 114 28 49 54 31 90 17 152 76 27 139 41 89 142 71 91 105 86 92 58 87 39 7 83 78 79 61 62 

0.000000000000 0.000000000000 0.000000000000 0.000000000000 0.000000000000 0.000000000000 0.000000000000 0.000000000000 0.000000000000 0.000000000000 0.000000000000 0.000000000000 0.000000000000 0.000000000058 0.000000000001 0.000456330000 0.000000000000 0.000000000000 0.000000000000 0.000000000001 0.000000000000 0.000000000077 0.000000000049 0.000792820000 0.000000000000 0.000000010879 0.000000000448 0.002074200000 0.000000074652 0.005804500000 0.012335000000 0.279440000000 0.000000000000 0.000000000000 0.000000000000 0.000000000467 0.000000000000 0.000000319590 0.000000086797 0.007606300000 0.000000000000 0.000051596000 0.000016392000 0.017305000000 0.000120900000 0.038150000000 0.084588000000 0.517020000000 0.000000000000 0.000615730000 0.001688500000 0.090628000000 0.006607400000 0.172170000000 0.271290000000 0.736760000000 0.048187000000 0.361680000000 0.462240000000 0.852840000000 0.511800000000 0.877640000000 0.850980000000 0.985650000000 0.000000000000 0.000000000001 0.000000000002 0.001310000000 0.000000000072 0.002684600000 0.007855900000 0.172480000000 0.000007824800 0.014577000000 0.032202000000 0.317590000000 0.087701000000 0.457660000000 0.535400000000 0.890330000000 0.003328200000 0.096512000000 0.167890000000 0.576220000000 0.255350000000 0.673130000000 0.685420000000 0.943680000000 0.327080000000 0.724600000000 0.711220000000 0.949240000000 0.674670000000 0.947280000000 0.905630000000 0.994740000000 0.054778000000 0.311850000000 0.359660000000 0.763710000000 0.380770000000 0.774960000000 0.757770000000 0.962630000000 0.383280000000 0.772710000000 0.751940000000 0.960310000000 0.702340000000 0.957200000000 0.911570000000 0.995470000000 0.354200000000 0.740180000000 0.730410000000 0.956720000000 0.698650000000 0.956380000000 0.910580000000 0.994920000000 0.616910000000 0.936000000000 0.910920000000 0.995380000000 0.829970000000 0.995370000000 0.945490000000 0.999650000000 0.000000290390 0.006229300000 0.013120000000 0.177580000000 0.044661000000 0.296520000000 0.349620000000 0.762460000000 0.122840000000 0.429200000000 0.438480000000 0.822270000000 0.435390000000 0.819740000000 0.801510000000 0.975520000000 0.194350000000 0.497280000000 0.479960000000 0.850800000000 0.459990000000 0.838610000000 0.807270000000 0.975030000000 0.437960000000 0.819550000000 0.800720000000 0.972420000000 0.742310000000 0.970930000000 0.924470000000 0.997400000000 0.205670000000 0.505450000000 0.478610000000 0.849720000000 0.458800000000 0.832580000000 0.806510000000 0.974960000000 0.433210000000 0.819800000000 0.798080000000 0.971880000000 0.735760000000 0.968270000000 0.920650000000 0.996730000000 0.387490000000 0.776030000000 0.765950000000 0.965100000000 0.728800000000 0.966460000000 0.918670000000 0.996190000000 0.640010000000 0.942560000000 0.917840000000 0.996240000000 0.834180000000 0.996130000000 0.946170000000 0.999690000000 0.193830000000 0.477600000000 0.436310000000 0.824940000000 0.420270000000 0.802190000000 0.779050000000 0.969360000000 0.398900000000 0.791260000000 0.772960000000 0.965270000000 0.721770000000 0.963160000000 0.916560000000 0.996150000000 0.376350000000 0.767070000000 0.754760000000 0.963230000000 0.724210000000 0.965010000000 0.916540000000 0.995900000000 0.631460000000 0.939540000000 0.914860000000 0.995780000000 0.830880000000 0.995310000000 0.945110000000 0.999600000000 0.311500000000 0.693620000000 0.679300000000 0.940050000000 0.674820000000 0.949180000000 0.906690000000 0.994700000000 0.626510000000 0.939410000000 0.915050000000 0.995800000000 0.830840000000 0.995340000000 0.944810000000 0.999560000000 0.492550000000 0.870130000000 0.875260000000 0.992980000000 0.832310000000 0.995760000000 0.945570000000 0.999590000000 0.712720000000 0.969750000000 0.945600000000 0.999650000000 0.855300000000 0.999650000000 0.952220000000 0.999980000000 

0.000000000000 0.000000000000 0.000000000000 0.000000000000 0.000000000000 0.000000000000 0.000000000000 0.000000000000 0.000000000000 0.000000000000 0.000000000000 0.000000000000 0.000000000000 0.000000000015 0.000000000000 0.000554490000 0.000000000000 0.000000000000 0.000000000000 0.000000000000 0.000000000000 0.000000000021 0.000000000012 0.001085000000 0.000000000000 0.000000003964 0.000000000120 0.006128500000 0.000000029126 0.011815000000 0.027287000000 0.503430000000 0.000000000000 0.000000000000 0.000000000000 0.000000000119 0.000000000000 0.000000159940 0.000000034383 0.016192000000 0.000000000000 0.000098090000 0.000012960000 0.037409000000 0.000208620000 0.083026000000 0.175260000000 0.776230000000 0.000000000000 0.001554500000 0.003373500000 0.198140000000 0.018066000000 0.344530000000 0.518830000000 0.935660000000 0.128470000000 0.664200000000 0.808870000000 0.985020000000 0.917430000000 0.991150000000 0.991460000000 0.992130000000 0.000000000000 0.000000000000 0.000000000000 0.004669100000 0.000000000018 0.008435700000 0.020821000000 0.369980000000 0.000004603600 0.040344000000 0.083003000000 0.600890000000 0.229010000000 0.783160000000 0.884920000000 0.988450000000 0.008870000000 0.247280000000 0.414050000000 0.900120000000 0.648230000000 0.963550000000 0.978870000000 0.992230000000 0.856700000000 0.987720000000 0.990030000000 0.992030000000 0.989670000000 0.992310000000 0.992070000000 0.992160000000 0.215840000000 0.766110000000 0.881610000000 0.988120000000 0.949430000000 0.990760000000 0.991090000000 0.992440000000 0.973200000000 0.991820000000 0.991150000000 0.992030000000 0.991600000000 0.992250000000 0.992040000000 0.992170000000 0.985060000000 0.992610000000 0.990570000000 0.992040000000 0.992490000000 0.992110000000 0.992050000000 0.992130000000 0.991430000000 0.991960000000 0.992000000000 0.992180000000 0.992260000000 0.992150000000 0.992290000000 0.992170000000 0.000000146760 0.025440000000 0.054878000000 0.504140000000 0.174970000000 0.729460000000 0.855800000000 0.985710000000 0.494890000000 0.923870000000 0.964730000000 0.992230000000 0.980740000000 0.992330000000 0.991430000000 0.992070000000 0.819990000000 0.986120000000 0.988690000000 0.992180000000 0.988510000000 0.992290000000 0.992670000000 0.992210000000 0.991770000000 0.991840000000 0.992280000000 0.992270000000 0.991910000000 0.992180000000 0.992180000000 0.992200000000 0.938960000000 0.991630000000 0.989050000000 0.992710000000 0.992650000000 0.992410000000 0.992550000000 0.992210000000 0.992750000000 0.992680000000 0.992200000000 0.992250000000 0.992780000000 0.992060000000 0.992320000000 0.992230000000 0.992950000000 0.992920000000 0.991680000000 0.992460000000 0.992280000000 0.992030000000 0.992170000000 0.992220000000 0.992650000000 0.992200000000 0.991940000000 0.992240000000 0.991720000000 0.992170000000 0.992130000000 0.992190000000 0.973580000000 0.993840000000 0.993460000000 0.991930000000 0.992290000000 0.992730000000 0.992020000000 0.992190000000 0.991270000000 0.992380000000 0.991780000000 0.992250000000 0.991440000000 0.992200000000 0.992370000000 0.992130000000 0.989630000000 0.991800000000 0.991830000000 0.991980000000 0.992110000000 0.992150000000 0.992530000000 0.992180000000 0.992760000000 0.992220000000 0.991860000000 0.992210000000 0.992230000000 0.992230000000 0.992240000000 0.992190000000 0.992400000000 0.991070000000 0.991660000000 0.992360000000 0.992480000000 0.992280000000 0.992140000000 0.992140000000 0.991990000000 0.992080000000 0.992000000000 0.992190000000 0.991790000000 0.992150000000 0.992430000000 0.992180000000 0.991400000000 0.991780000000 0.991990000000 0.992200000000 0.992330000000 0.992230000000 0.992180000000 0.992190000000 0.992770000000 0.992290000000 0.992240000000 0.992180000000 0.992270000000 0.992180000000 0.992240000000 0.992190000000 

N_obs: 2000

File Format:
1- most to least reliable channels (taken entropies)
2- most to least reliable channels (taken error probabilities)
3- channels entropies (flipped)
4- channels error probabilities (flipped)
5- number of MontCarlo simulations
