255 254 253 252 251 250 249 248 247 246 245 244 243 242 241 239 238 237 236 235 234 233 231 230 229 227 223 222 221 220 219 218 217 215 214 213 207 206 191 190 189 187 183 175 127 205 211 126 186 125 188 203 159 185 182 181 179 199 174 240 228 119 123 232 173 212 225 210 216 226 204 171 209 202 111 201 167 184 198 158 124 180 157 122 121 197 178 118 177 155 172 117 224 170 195 95 208 169 115 151 110 166 200 109 156 120 165 63 196 154 143 107 176 116 94 163 153 194 103 93 114 150 31 91 168 79 47 87 55 193 59 61 62 113 149 108 147 15 142 164 135 106 141 139 105 39 23 71 99 102 101 27 162 29 75 92 83 43 30 51 152 77 89 161 45 85 78 90 53 46 86 7 57 54 58 60 131 112 148 192 35 145 19 67 11 146 133 137 3 13 14 134 140 138 97 25 104 69 21 37 73 41 81 49 100 70 22 98 38 28 26 74 82 129 76 42 84 50 17 44 88 9 33 65 5 160 52 56 1 6 144 132 130 136 12 18 24 96 34 66 10 20 68 72 36 40 80 48 128 16 8 32 2 4 64 0 

255 254 253 252 251 250 249 248 247 246 245 244 243 242 241 239 238 237 236 235 234 233 231 230 229 227 223 222 221 220 219 218 217 215 214 213 207 206 191 190 189 187 183 175 127 205 211 126 186 125 188 203 159 185 182 181 179 199 174 240 228 119 123 232 173 212 210 225 216 226 204 171 202 201 209 198 184 111 180 124 158 167 197 157 122 178 121 118 177 155 172 224 195 117 170 208 169 115 95 151 110 166 200 156 109 165 120 196 154 176 116 107 143 194 163 153 63 94 168 114 150 193 103 93 113 149 108 164 91 147 106 142 162 152 105 62 87 141 161 192 61 102 92 139 79 148 112 101 59 135 99 146 55 90 31 104 47 89 145 23 85 160 45 57 140 71 131 29 60 81 138 38 3 83 51 43 88 133 52 13 41 44 1 66 137 49 34 132 50 5 42 53 75 56 11 20 97 65 16 12 48 14 68 26 8 0 2 98 32 80 17 40 64 128 4 96 18 37 129 100 72 74 22 144 36 21 69 136 10 130 33 24 9 84 19 27 86 6 7 77 82 73 76 39 25 134 35 28 67 46 15 70 78 58 54 30 

0.000000000000 0.000000000000 0.000000000000 0.000000000000 0.000000000000 0.000000000000 0.000000000000 0.000000000000 0.000000000000 0.000000000000 0.000000000000 0.000000000000 0.000000000000 0.000000000000 0.000000000000 0.000000001311 0.000000000000 0.000000000000 0.000000000000 0.000000000000 0.000000000000 0.000000000000 0.000000000000 0.000000018615 0.000000000000 0.000000000000 0.000000000000 0.000000007747 0.000000000000 0.000004738100 0.000000893460 0.008037200000 0.000000000000 0.000000000000 0.000000000000 0.000000000000 0.000000000000 0.000000000000 0.000000000000 0.000001983500 0.000000000000 0.000000000000 0.000000000000 0.000000133940 0.000000000000 0.000000893750 0.000077682000 0.020383000000 0.000000000000 0.000000000000 0.000000000000 0.000014980000 0.000000000000 0.000091028000 0.000134240000 0.046434000000 0.000000000002 0.000298420000 0.001191900000 0.104100000000 0.010090000000 0.214900000000 0.339260000000 0.800830000000 0.000000000000 0.000000000000 0.000000000000 0.000000000000 0.000000000000 0.000000000000 0.000000000000 0.000288590000 0.000000000000 0.000000000000 0.000000000000 0.000588640000 0.000000000002 0.001774300000 0.003108400000 0.148000000000 0.000000000000 0.000000000066 0.000000031175 0.004398700000 0.000016205000 0.009901400000 0.022250000000 0.296690000000 0.000226080000 0.044356000000 0.085661000000 0.484170000000 0.184700000000 0.623390000000 0.669580000000 0.941400000000 0.000000000000 0.000316090000 0.000839660000 0.063089000000 0.003700700000 0.117080000000 0.196580000000 0.653880000000 0.030721000000 0.280840000000 0.371590000000 0.790370000000 0.430090000000 0.826920000000 0.810820000000 0.976640000000 0.126210000000 0.472440000000 0.506190000000 0.866150000000 0.513050000000 0.872360000000 0.841930000000 0.982380000000 0.488240000000 0.858780000000 0.839460000000 0.981860000000 0.781120000000 0.982130000000 0.934070000000 0.998590000000 0.000000000000 0.000000000000 0.000000000000 0.000357500000 0.000000015402 0.000970660000 0.001165300000 0.075226000000 0.000000008063 0.002697000000 0.007110800000 0.149260000000 0.023440000000 0.254680000000 0.352010000000 0.781310000000 0.000098009000 0.031267000000 0.061306000000 0.378460000000 0.132830000000 0.491860000000 0.531630000000 0.887260000000 0.219520000000 0.599310000000 0.603670000000 0.912280000000 0.587690000000 0.913310000000 0.879030000000 0.990580000000 0.017455000000 0.179310000000 0.242050000000 0.638240000000 0.293260000000 0.682900000000 0.669330000000 0.940300000000 0.319960000000 0.697280000000 0.676690000000 0.938160000000 0.642840000000 0.933200000000 0.893920000000 0.992580000000 0.302860000000 0.678560000000 0.664670000000 0.934670000000 0.635790000000 0.932020000000 0.890150000000 0.991390000000 0.577300000000 0.912850000000 0.888200000000 0.991380000000 0.811340000000 0.990920000000 0.941040000000 0.999290000000 0.097775000000 0.343810000000 0.342120000000 0.742590000000 0.340430000000 0.722540000000 0.705770000000 0.951000000000 0.331480000000 0.712840000000 0.690440000000 0.943940000000 0.650090000000 0.939090000000 0.897280000000 0.993100000000 0.318760000000 0.696360000000 0.675330000000 0.940010000000 0.645260000000 0.935690000000 0.893890000000 0.991980000000 0.572360000000 0.913880000000 0.889530000000 0.991470000000 0.810820000000 0.990600000000 0.940540000000 0.999210000000 0.288460000000 0.646770000000 0.628370000000 0.920080000000 0.607330000000 0.923010000000 0.883290000000 0.990380000000 0.572650000000 0.913010000000 0.888540000000 0.991250000000 0.811240000000 0.990190000000 0.939570000000 0.999090000000 0.469680000000 0.852780000000 0.852590000000 0.987090000000 0.813020000000 0.991200000000 0.940530000000 0.999150000000 0.698500000000 0.966300000000 0.941140000000 0.999260000000 0.851780000000 0.999250000000 0.951330000000 0.999950000000 

0.000000000000 0.000000000000 0.000000000000 0.000000000000 0.000000000000 0.000000000000 0.000000000000 0.000000000000 0.000000000000 0.000000000000 0.000000000000 0.000000000000 0.000000000000 0.000000000000 0.000000000000 0.000000000392 0.000000000000 0.000000000000 0.000000000000 0.000000000000 0.000000000000 0.000000000000 0.000000000000 0.000000007377 0.000000000000 0.000000000000 0.000000000000 0.000000002589 0.000000000000 0.000003908900 0.000000502090 0.017665000000 0.000000000000 0.000000000000 0.000000000000 0.000000000000 0.000000000000 0.000000000000 0.000000000000 0.000001394200 0.000000000000 0.000000000000 0.000000000000 0.000000053220 0.000000000000 0.000000459280 0.000267480000 0.044261000000 0.000000000000 0.000000000000 0.000000000000 0.000009890400 0.000000000000 0.000122830000 0.000236500000 0.108090000000 0.000000000000 0.000505550000 0.002924600000 0.217130000000 0.020877000000 0.397000000000 0.588900000000 0.961230000000 0.000000000000 0.000000000000 0.000000000000 0.000000000000 0.000000000000 0.000000000000 0.000000000000 0.000858140000 0.000000000000 0.000000000000 0.000000000000 0.001010800000 0.000000000000 0.004356300000 0.007380300000 0.308050000000 0.000000000000 0.000000000015 0.000000012068 0.011349000000 0.000017328000 0.021386000000 0.051706000000 0.541380000000 0.001303200000 0.105370000000 0.186630000000 0.758530000000 0.406080000000 0.898920000000 0.950830000000 0.991070000000 0.000000000000 0.001236200000 0.003248800000 0.156630000000 0.010897000000 0.269000000000 0.431990000000 0.916110000000 0.083033000000 0.585390000000 0.737440000000 0.975080000000 0.875350000000 0.987330000000 0.990240000000 0.992240000000 0.395110000000 0.885020000000 0.947970000000 0.991650000000 0.970410000000 0.991840000000 0.992080000000 0.992250000000 0.983530000000 0.992570000000 0.991990000000 0.992090000000 0.991770000000 0.992270000000 0.992220000000 0.992200000000 0.000000000000 0.000000000000 0.000000000000 0.001215600000 0.000000006050 0.003430800000 0.004629700000 0.200860000000 0.000000002720 0.007329500000 0.021194000000 0.362030000000 0.062962000000 0.564290000000 0.721200000000 0.975630000000 0.001001300000 0.102670000000 0.184640000000 0.747340000000 0.390280000000 0.883110000000 0.926760000000 0.989990000000 0.669860000000 0.968910000000 0.978810000000 0.992220000000 0.985060000000 0.992190000000 0.992160000000 0.992210000000 0.077251000000 0.535390000000 0.713010000000 0.969390000000 0.855990000000 0.988860000000 0.990100000000 0.991990000000 0.939380000000 0.992310000000 0.990880000000 0.992310000000 0.991960000000 0.992390000000 0.991820000000 0.992200000000 0.973210000000 0.992840000000 0.992380000000 0.992430000000 0.992130000000 0.992230000000 0.992420000000 0.992230000000 0.991760000000 0.992770000000 0.992250000000 0.992190000000 0.992630000000 0.992070000000 0.992160000000 0.992200000000 0.493870000000 0.927740000000 0.967200000000 0.991810000000 0.982980000000 0.992860000000 0.991240000000 0.992130000000 0.988090000000 0.992860000000 0.992120000000 0.992010000000 0.991970000000 0.992100000000 0.992080000000 0.992180000000 0.990030000000 0.992700000000 0.991160000000 0.992050000000 0.991970000000 0.992120000000 0.992020000000 0.992200000000 0.992440000000 0.991900000000 0.992220000000 0.992240000000 0.992590000000 0.992090000000 0.992280000000 0.992190000000 0.989410000000 0.992960000000 0.991790000000 0.992610000000 0.992310000000 0.992190000000 0.992470000000 0.992280000000 0.990780000000 0.992230000000 0.992240000000 0.992150000000 0.992310000000 0.992220000000 0.992200000000 0.992160000000 0.992740000000 0.992180000000 0.992020000000 0.992160000000 0.992140000000 0.992250000000 0.992310000000 0.992190000000 0.992350000000 0.992350000000 0.992120000000 0.992210000000 0.991950000000 0.992190000000 0.992060000000 0.992190000000 

N_obs: 2000

File Format:
1- most to least reliable channels (taken entropies)
2- most to least reliable channels (taken error probabilities)
3- channels entropies (flipped)
4- channels error probabilities (flipped)
5- number of MontCarlo simulations
