255 254 253 252 251 250 249 248 247 246 245 244 243 242 241 240 239 238 237 236 235 234 233 232 231 230 229 228 227 226 225 223 222 221 220 219 218 217 216 215 214 213 212 211 210 209 207 206 205 204 203 202 201 199 198 197 195 191 190 189 188 187 186 185 184 183 182 181 180 179 178 177 175 174 173 172 171 170 169 167 166 165 163 159 158 157 156 155 154 153 151 150 149 147 143 127 126 125 124 123 122 121 120 119 118 117 115 111 110 109 107 103 95 94 93 91 87 63 62 116 113 141 114 79 108 61 142 59 139 106 105 92 101 224 208 99 102 89 200 55 168 176 86 193 164 135 85 194 90 161 196 152 162 83 146 148 145 78 112 140 60 77 104 138 47 58 57 137 100 75 98 88 54 134 97 192 84 53 133 160 31 82 71 51 144 46 81 76 131 45 74 56 136 43 73 52 96 30 132 70 39 29 50 69 27 80 23 130 49 15 44 67 129 42 72 41 38 37 28 35 26 25 68 21 22 19 14 13 48 11 66 7 65 128 40 36 34 33 24 20 18 12 17 10 9 6 5 3 64 32 8 16 4 2 1 0 

255 254 253 252 251 250 249 248 247 246 245 244 243 242 241 240 239 238 237 236 235 234 233 232 231 230 229 228 227 226 225 223 222 221 220 219 218 217 216 215 214 213 212 211 210 209 207 206 205 204 203 202 201 199 198 197 195 191 190 189 188 187 186 185 184 183 182 181 180 179 178 177 175 174 173 172 171 170 169 167 166 165 163 159 158 157 156 155 154 153 151 150 149 147 143 127 126 125 124 123 122 121 120 119 118 117 115 111 110 109 107 103 95 94 93 91 87 63 62 116 113 141 114 79 108 61 142 59 139 106 105 92 101 224 208 99 102 89 200 55 168 176 193 86 164 135 85 194 90 161 152 196 162 83 146 148 145 78 112 140 104 60 77 47 137 138 57 100 58 75 98 88 134 54 192 97 84 133 53 160 82 71 31 51 144 81 131 46 76 45 136 74 56 73 96 52 43 132 70 30 50 80 69 130 39 29 49 44 129 67 72 27 42 41 23 68 38 15 28 48 35 37 66 128 26 65 14 25 13 34 40 22 33 12 17 6 20 10 64 2 32 8 5 9 0 4 1 16 24 36 11 18 21 19 3 7 

0.000000000000 0.000000000000 0.000000000000 0.000000000000 0.000000000000 0.000000000000 0.000000000000 0.000000000000 0.000000000000 0.000000000000 0.000000000000 0.000000000000 0.000000000000 0.000000000000 0.000000000000 0.000000000000 0.000000000000 0.000000000000 0.000000000000 0.000000000000 0.000000000000 0.000000000000 0.000000000000 0.000000000000 0.000000000000 0.000000000000 0.000000000000 0.000000000000 0.000000000000 0.000000000000 0.000000000000 0.000000000007 0.000000000000 0.000000000000 0.000000000000 0.000000000000 0.000000000000 0.000000000000 0.000000000000 0.000000000000 0.000000000000 0.000000000000 0.000000000000 0.000000000000 0.000000000000 0.000000000000 0.000000000000 0.000000000009 0.000000000000 0.000000000000 0.000000000000 0.000000000000 0.000000000000 0.000000000000 0.000000000000 0.000000001579 0.000000000000 0.000000000000 0.000000000000 0.000000345120 0.000000000000 0.000000054045 0.000000005700 0.005606500000 0.000000000000 0.000000000000 0.000000000000 0.000000000000 0.000000000000 0.000000000000 0.000000000000 0.000000000000 0.000000000000 0.000000000000 0.000000000000 0.000000000000 0.000000000000 0.000000000000 0.000000000000 0.000000002146 0.000000000000 0.000000000000 0.000000000000 0.000000000000 0.000000000000 0.000000000000 0.000000000000 0.000000002111 0.000000000000 0.000000000000 0.000000000000 0.000000007339 0.000000000000 0.000000603800 0.000000260380 0.013661000000 0.000000000000 0.000000000000 0.000000000000 0.000000000000 0.000000000000 0.000000000000 0.000000000000 0.000000358570 0.000000000000 0.000000000000 0.000000000000 0.000001928900 0.000000000000 0.000001825800 0.000052931000 0.034631000000 0.000000000000 0.000000000000 0.000000000000 0.000229160000 0.000000000000 0.000418330000 0.000990130000 0.090169000000 0.000000015048 0.004266700000 0.008650700000 0.218210000000 0.044108000000 0.402990000000 0.537300000000 0.898090000000 0.000000000000 0.000000000000 0.000000000000 0.000000000000 0.000000000000 0.000000000000 0.000000000000 0.000000000000 0.000000000000 0.000000000000 0.000000000000 0.000000000000 0.000000000000 0.000000000000 0.000000000000 0.000136720000 0.000000000000 0.000000000000 0.000000000000 0.000000000000 0.000000000000 0.000000000000 0.000000000001 0.000352020000 0.000000000000 0.000000000311 0.000000000005 0.001141800000 0.000000000031 0.001810800000 0.005277300000 0.190400000000 0.000000000000 0.000000000000 0.000000000000 0.000000000004 0.000000000000 0.000000063595 0.000000001449 0.003032600000 0.000000000000 0.000000005548 0.000000053909 0.006512500000 0.000001195700 0.016190000000 0.035790000000 0.383310000000 0.000000000000 0.000107940000 0.000312910000 0.043734000000 0.001635800000 0.085567000000 0.156200000000 0.621430000000 0.017501000000 0.239380000000 0.346190000000 0.787730000000 0.457410000000 0.849930000000 0.867770000000 0.981090000000 0.000000000000 0.000000000000 0.000000000000 0.000233520000 0.000000000000 0.000800870000 0.000952340000 0.087457000000 0.000000001892 0.003466100000 0.008149300000 0.173120000000 0.027021000000 0.303740000000 0.406830000000 0.829360000000 0.000430390000 0.035262000000 0.066597000000 0.424260000000 0.150610000000 0.566860000000 0.623320000000 0.921320000000 0.255760000000 0.680790000000 0.701370000000 0.939880000000 0.717210000000 0.945830000000 0.952800000000 0.993500000000 0.014308000000 0.199860000000 0.284000000000 0.711330000000 0.355470000000 0.763950000000 0.774980000000 0.961070000000 0.395440000000 0.793460000000 0.793350000000 0.961110000000 0.803330000000 0.963370000000 0.966840000000 0.995080000000 0.413780000000 0.814590000000 0.819870000000 0.966770000000 0.829850000000 0.968100000000 0.969710000000 0.995070000000 0.850570000000 0.974660000000 0.976350000000 0.995950000000 0.979430000000 0.996950000000 0.997390000000 0.999670000000 

0.000000000000 0.000000000000 0.000000000000 0.000000000000 0.000000000000 0.000000000000 0.000000000000 0.000000000000 0.000000000000 0.000000000000 0.000000000000 0.000000000000 0.000000000000 0.000000000000 0.000000000000 0.000000000000 0.000000000000 0.000000000000 0.000000000000 0.000000000000 0.000000000000 0.000000000000 0.000000000000 0.000000000000 0.000000000000 0.000000000000 0.000000000000 0.000000000000 0.000000000000 0.000000000000 0.000000000000 0.000000000002 0.000000000000 0.000000000000 0.000000000000 0.000000000000 0.000000000000 0.000000000000 0.000000000000 0.000000000000 0.000000000000 0.000000000000 0.000000000000 0.000000000000 0.000000000000 0.000000000000 0.000000000000 0.000000000002 0.000000000000 0.000000000000 0.000000000000 0.000000000000 0.000000000000 0.000000000000 0.000000000000 0.000000000537 0.000000000000 0.000000000000 0.000000000000 0.000000218080 0.000000000000 0.000000026427 0.000000002036 0.013273000000 0.000000000000 0.000000000000 0.000000000000 0.000000000000 0.000000000000 0.000000000000 0.000000000000 0.000000000000 0.000000000000 0.000000000000 0.000000000000 0.000000000000 0.000000000000 0.000000000000 0.000000000000 0.000000000815 0.000000000000 0.000000000000 0.000000000000 0.000000000000 0.000000000000 0.000000000000 0.000000000000 0.000000000753 0.000000000000 0.000000000000 0.000000000000 0.000000002651 0.000000000000 0.000000361220 0.000000136760 0.035638000000 0.000000000000 0.000000000000 0.000000000000 0.000000000000 0.000000000000 0.000000000000 0.000000000000 0.000000208470 0.000000000000 0.000000000000 0.000000000000 0.000001370500 0.000000000000 0.000001204200 0.000120090000 0.083392000000 0.000000000000 0.000000000000 0.000000000000 0.000625890000 0.000000000000 0.002194400000 0.002147500000 0.203450000000 0.000000005923 0.010977000000 0.023442000000 0.432920000000 0.109030000000 0.691750000000 0.859320000000 0.993030000000 0.000000000000 0.000000000000 0.000000000000 0.000000000000 0.000000000000 0.000000000000 0.000000000000 0.000000000000 0.000000000000 0.000000000000 0.000000000000 0.000000000000 0.000000000000 0.000000000000 0.000000000000 0.000476740000 0.000000000000 0.000000000000 0.000000000000 0.000000000000 0.000000000000 0.000000000000 0.000000000000 0.000697610000 0.000000000000 0.000000000104 0.000000000001 0.003251900000 0.000000000008 0.006264200000 0.013913000000 0.405720000000 0.000000000000 0.000000000000 0.000000000000 0.000000000001 0.000000000000 0.000000033185 0.000000000501 0.010439000000 0.000000000000 0.000000002202 0.000000025939 0.016970000000 0.000000696430 0.044402000000 0.092653000000 0.678160000000 0.000000000000 0.000313820000 0.000780710000 0.116190000000 0.004651600000 0.203530000000 0.364130000000 0.894810000000 0.053311000000 0.513320000000 0.686440000000 0.976290000000 0.867230000000 0.992340000000 0.994750000000 0.996080000000 0.000000000000 0.000000000000 0.000000000000 0.000726700000 0.000000000000 0.003671600000 0.003177800000 0.229980000000 0.000000000687 0.011190000000 0.026981000000 0.411960000000 0.082759000000 0.617480000000 0.783560000000 0.986180000000 0.001772800000 0.111010000000 0.193970000000 0.784790000000 0.430330000000 0.912850000000 0.963350000000 0.995860000000 0.730050000000 0.980800000000 0.991930000000 0.996130000000 0.991740000000 0.995820000000 0.995920000000 0.996080000000 0.065326000000 0.591100000000 0.764470000000 0.985380000000 0.900710000000 0.993880000000 0.995520000000 0.996120000000 0.967640000000 0.995880000000 0.996170000000 0.996070000000 0.996170000000 0.996140000000 0.996060000000 0.996120000000 0.985070000000 0.995420000000 0.995800000000 0.996050000000 0.996140000000 0.996070000000 0.996100000000 0.996090000000 0.996390000000 0.996060000000 0.996090000000 0.996100000000 0.996200000000 0.996080000000 0.996120000000 0.996100000000 

N_obs: 2000

File Format:
1- most to least reliable channels (taken entropies)
2- most to least reliable channels (taken error probabilities)
3- channels entropies (flipped)
4- channels error probabilities (flipped)
5- number of MontCarlo simulations
