255 254 253 252 251 250 249 248 247 246 245 244 243 242 241 240 239 238 237 236 235 234 233 231 230 229 227 223 222 221 220 219 218 217 215 214 213 211 207 206 205 203 199 191 190 189 188 187 186 185 183 182 181 179 175 174 173 171 159 127 126 125 123 119 111 232 228 167 157 216 212 225 226 202 155 210 204 124 209 158 201 121 180 198 117 197 184 118 178 151 177 195 122 170 115 172 95 166 169 109 110 165 224 156 208 107 154 163 200 143 153 120 196 116 150 94 63 176 194 103 114 149 93 168 193 113 108 164 147 91 106 142 162 105 152 141 62 87 161 102 61 92 148 139 79 101 59 112 55 90 47 31 192 135 146 99 89 145 86 104 140 85 83 60 78 77 75 160 71 138 58 57 54 53 100 51 43 137 45 46 39 30 29 27 23 134 15 133 98 131 97 88 144 84 82 81 76 74 73 70 69 52 67 56 50 42 41 44 38 37 49 136 26 28 25 22 35 21 19 14 13 132 11 7 130 96 129 80 72 68 66 36 40 20 65 24 34 18 48 17 33 12 10 9 6 5 3 128 16 64 8 32 4 2 1 0 

255 254 253 252 251 250 249 248 247 246 245 244 243 242 241 240 239 238 237 236 235 234 233 231 230 229 227 223 222 221 220 219 218 217 215 214 213 211 207 206 205 203 199 191 190 189 188 187 186 185 183 182 181 179 175 174 173 171 159 127 126 125 123 119 111 232 228 167 157 216 212 225 226 202 155 210 204 124 209 158 201 121 180 198 117 197 184 118 178 151 177 195 122 170 115 172 95 166 169 109 165 224 110 208 156 163 107 154 200 143 153 120 196 116 150 176 194 94 103 149 114 63 168 93 193 113 108 164 147 106 142 91 162 152 105 141 161 102 62 87 148 92 139 101 112 61 192 146 90 79 99 145 135 89 104 59 140 160 86 138 85 55 60 100 137 83 78 47 134 98 88 144 58 77 31 97 57 133 75 71 131 84 30 51 53 82 81 136 74 130 132 45 129 54 27 21 72 70 56 42 13 67 22 128 24 49 32 3 9 14 8 40 16 2 64 4 96 0 1 36 34 80 17 20 18 33 7 25 66 6 35 10 12 48 65 11 39 5 41 38 68 28 44 19 26 46 37 52 69 50 76 29 43 15 73 23 

0.000000000000 0.000000000000 0.000000000000 0.000000000000 0.000000000000 0.000000000000 0.000000000000 0.000000000000 0.000000000000 0.000000000000 0.000000000000 0.000000000000 0.000000000000 0.000000000000 0.000000000000 0.000000000000 0.000000000000 0.000000000000 0.000000000000 0.000000000000 0.000000000000 0.000000000000 0.000000000000 0.000000000000 0.000000000000 0.000000000000 0.000000000000 0.000000000000 0.000000000000 0.000000000000 0.000000000000 0.000182930000 0.000000000000 0.000000000000 0.000000000000 0.000000000000 0.000000000000 0.000000000000 0.000000000000 0.000000000000 0.000000000000 0.000000000000 0.000000000000 0.000000000000 0.000000000000 0.000000000000 0.000000000001 0.000304710000 0.000000000000 0.000000000000 0.000000000000 0.000000000000 0.000000000000 0.000000000000 0.000000000004 0.000602380000 0.000000000000 0.000000000018 0.000000000052 0.001935300000 0.000000014550 0.004796700000 0.012552000000 0.310600000000 0.000000000000 0.000000000000 0.000000000000 0.000000000000 0.000000000000 0.000000000000 0.000000000000 0.000000000078 0.000000000000 0.000000000000 0.000000000000 0.000000000013 0.000000000000 0.000000000249 0.000000006671 0.004201500000 0.000000000000 0.000000000000 0.000000000000 0.000000305760 0.000000000000 0.000000088393 0.000023159000 0.010557000000 0.000000000000 0.000002467800 0.000095293000 0.026510000000 0.000485630000 0.063392000000 0.131310000000 0.622800000000 0.000000000000 0.000000000003 0.000000000000 0.000228110000 0.000000000000 0.000463110000 0.000758480000 0.087705000000 0.000000001588 0.002938600000 0.007498300000 0.189150000000 0.030169000000 0.335080000000 0.451440000000 0.857860000000 0.000659860000 0.043945000000 0.090339000000 0.496620000000 0.196650000000 0.636890000000 0.692710000000 0.941470000000 0.324520000000 0.751180000000 0.767740000000 0.957450000000 0.793960000000 0.963700000000 0.969370000000 0.995980000000 0.000000000000 0.000000000000 0.000000000000 0.000000000000 0.000000000000 0.000000024324 0.000000000008 0.000892730000 0.000000000000 0.000000000199 0.000000000031 0.002640900000 0.000000096734 0.007423500000 0.015275000000 0.263670000000 0.000000000000 0.000086893000 0.000032099000 0.016688000000 0.000326950000 0.041022000000 0.080052000000 0.479610000000 0.005081300000 0.138550000000 0.226560000000 0.677830000000 0.339180000000 0.768410000000 0.794830000000 0.967240000000 0.000000486970 0.003526800000 0.008958800000 0.167110000000 0.036213000000 0.285300000000 0.374390000000 0.803810000000 0.105190000000 0.459320000000 0.505550000000 0.872250000000 0.544740000000 0.882950000000 0.896560000000 0.984360000000 0.198120000000 0.588540000000 0.603590000000 0.907390000000 0.605500000000 0.908660000000 0.911110000000 0.985630000000 0.626420000000 0.917870000000 0.921800000000 0.986260000000 0.931000000000 0.988850000000 0.990390000000 0.998720000000 0.003675300000 0.098005000000 0.158170000000 0.548110000000 0.243300000000 0.637360000000 0.650650000000 0.931640000000 0.281990000000 0.672590000000 0.673940000000 0.930840000000 0.686440000000 0.933590000000 0.940730000000 0.991100000000 0.295770000000 0.695610000000 0.694170000000 0.936530000000 0.691410000000 0.934040000000 0.936400000000 0.989510000000 0.705800000000 0.939490000000 0.940420000000 0.989360000000 0.945630000000 0.990840000000 0.991730000000 0.998830000000 0.302170000000 0.716880000000 0.720860000000 0.943530000000 0.724850000000 0.942140000000 0.943920000000 0.990650000000 0.728960000000 0.944690000000 0.946230000000 0.990110000000 0.948170000000 0.990860000000 0.991420000000 0.998720000000 0.757210000000 0.954220000000 0.955770000000 0.991900000000 0.957710000000 0.992400000000 0.992630000000 0.998770000000 0.963630000000 0.994200000000 0.994340000000 0.999010000000 0.995160000000 0.999280000000 0.999390000000 0.999920000000 

0.000000000000 0.000000000000 0.000000000000 0.000000000000 0.000000000000 0.000000000000 0.000000000000 0.000000000000 0.000000000000 0.000000000000 0.000000000000 0.000000000000 0.000000000000 0.000000000000 0.000000000000 0.000000000000 0.000000000000 0.000000000000 0.000000000000 0.000000000000 0.000000000000 0.000000000000 0.000000000000 0.000000000000 0.000000000000 0.000000000000 0.000000000000 0.000000000000 0.000000000000 0.000000000000 0.000000000000 0.000324410000 0.000000000000 0.000000000000 0.000000000000 0.000000000000 0.000000000000 0.000000000000 0.000000000000 0.000000000000 0.000000000000 0.000000000000 0.000000000000 0.000000000000 0.000000000000 0.000000000000 0.000000000000 0.000488800000 0.000000000000 0.000000000000 0.000000000000 0.000000000000 0.000000000000 0.000000000000 0.000000000001 0.001631300000 0.000000000000 0.000000000005 0.000000000015 0.004707300000 0.000000005845 0.013512000000 0.030939000000 0.582280000000 0.000000000000 0.000000000000 0.000000000000 0.000000000000 0.000000000000 0.000000000000 0.000000000000 0.000000000023 0.000000000000 0.000000000000 0.000000000000 0.000000000003 0.000000000000 0.000000000073 0.000000002639 0.010863000000 0.000000000000 0.000000000000 0.000000000000 0.000000189050 0.000000000000 0.000000038536 0.000035554000 0.027466000000 0.000000000000 0.000001669200 0.000304830000 0.066444000000 0.001001200000 0.145740000000 0.279720000000 0.885730000000 0.000000000000 0.000000000001 0.000000000000 0.000907530000 0.000000000000 0.001609700000 0.002748000000 0.207060000000 0.000000000598 0.009218200000 0.020350000000 0.390620000000 0.079212000000 0.619240000000 0.778690000000 0.986900000000 0.002039900000 0.120310000000 0.226320000000 0.813840000000 0.479680000000 0.937050000000 0.971320000000 0.995860000000 0.786820000000 0.985250000000 0.992890000000 0.996000000000 0.994330000000 0.995980000000 0.996000000000 0.996070000000 0.000000000000 0.000000000000 0.000000000000 0.000000000000 0.000000000000 0.000000011551 0.000000000002 0.003423500000 0.000000000000 0.000000000060 0.000000000008 0.008456600000 0.000000049495 0.021103000000 0.046726000000 0.560230000000 0.000000000000 0.000410470000 0.000044262000 0.051577000000 0.001561600000 0.114770000000 0.209770000000 0.804650000000 0.017283000000 0.356240000000 0.545700000000 0.953790000000 0.769880000000 0.985420000000 0.992630000000 0.996090000000 0.000000320190 0.013958000000 0.030637000000 0.428940000000 0.126430000000 0.653730000000 0.797840000000 0.985890000000 0.385030000000 0.890680000000 0.944960000000 0.994960000000 0.977490000000 0.995760000000 0.995820000000 0.996100000000 0.722620000000 0.977910000000 0.989010000000 0.996230000000 0.993140000000 0.995920000000 0.996410000000 0.996030000000 0.993900000000 0.996040000000 0.996220000000 0.996150000000 0.996060000000 0.996110000000 0.996130000000 0.996090000000 0.021891000000 0.379680000000 0.572400000000 0.953460000000 0.812120000000 0.987160000000 0.992670000000 0.996050000000 0.945780000000 0.996000000000 0.995140000000 0.996210000000 0.995100000000 0.996220000000 0.996070000000 0.996120000000 0.979810000000 0.996180000000 0.996000000000 0.996170000000 0.996300000000 0.996050000000 0.996140000000 0.996080000000 0.996140000000 0.996150000000 0.996200000000 0.996100000000 0.996110000000 0.996100000000 0.996100000000 0.996070000000 0.989280000000 0.995090000000 0.996270000000 0.996170000000 0.996020000000 0.996180000000 0.996110000000 0.996070000000 0.996570000000 0.996070000000 0.996020000000 0.996100000000 0.996170000000 0.996100000000 0.996100000000 0.996080000000 0.996320000000 0.996080000000 0.996060000000 0.996110000000 0.996130000000 0.996110000000 0.996080000000 0.996080000000 0.996100000000 0.996110000000 0.996140000000 0.996090000000 0.996070000000 0.996090000000 0.996100000000 0.996100000000 

N_obs: 2000

File Format:
1- most to least reliable channels (taken entropies)
2- most to least reliable channels (taken error probabilities)
3- channels entropies (flipped)
4- channels error probabilities (flipped)
5- number of MontCarlo simulations
