255 254 253 252 251 250 249 247 245 239 223 246 243 237 238 235 231 222 221 191 244 248 241 219 242 236 234 233 215 230 229 190 220 218 189 207 227 127 240 217 187 214 232 213 183 228 63 126 175 188 159 95 125 211 119 111 123 206 31 226 205 186 216 203 47 79 143 199 185 55 225 59 61 151 167 87 103 15 179 182 62 155 181 91 171 157 93 107 115 173 158 109 94 117 174 212 121 110 118 122 124 39 23 71 135 210 29 209 27 7 30 195 51 43 139 147 75 163 204 83 99 201 197 45 141 46 202 77 57 78 198 142 53 184 11 35 54 19 165 58 67 149 131 153 177 85 169 89 101 60 3 105 224 150 166 113 102 86 178 180 154 90 14 13 156 170 92 106 172 114 108 116 25 120 193 37 49 21 41 69 73 137 145 133 81 161 97 17 33 9 5 65 28 129 208 1 38 22 70 134 26 194 6 200 196 50 44 56 140 76 52 42 138 146 74 162 82 148 164 98 152 84 168 88 100 176 104 112 12 24 34 18 192 36 48 10 40 20 66 136 72 68 144 130 132 80 160 96 16 8 32 2 4 64 128 0 

255 254 253 252 251 250 249 247 245 239 223 246 243 237 238 235 231 222 221 191 244 248 241 219 242 236 234 233 215 230 229 220 190 218 189 227 240 207 217 214 232 127 187 213 228 183 188 211 226 206 216 126 205 225 186 175 212 125 185 203 182 159 210 199 123 181 209 204 224 179 119 124 174 111 184 63 79 167 173 95 202 62 122 118 201 39 61 23 157 116 163 14 102 121 19 93 58 77 139 158 101 114 35 29 106 105 135 180 45 13 149 89 78 65 133 28 198 169 49 46 73 37 120 52 117 71 155 131 196 108 98 168 86 161 70 17 69 146 11 5 1 94 137 82 150 74 83 97 151 33 192 18 10 75 107 24 145 48 172 160 148 113 20 80 84 66 76 140 8 164 68 4 64 32 144 100 96 36 112 92 0 2 130 128 194 16 136 129 50 138 9 40 81 34 42 12 132 176 162 72 134 41 88 193 110 208 38 25 53 6 109 21 22 153 44 15 104 56 152 171 30 170 142 54 26 200 177 85 43 3 57 195 27 166 67 178 156 165 154 60 99 141 59 90 147 91 47 87 103 7 197 143 31 55 115 51 

0.000000000000 0.000000000000 0.000000000000 0.000000000000 0.000000000000 0.000000000000 0.000000000000 0.000006767400 0.000000000000 0.000000000000 0.000000000000 0.000003185900 0.000000000000 0.000157840000 0.000058391000 0.038205000000 0.000000000000 0.000000000000 0.000000000000 0.000231730000 0.000000000000 0.000494150000 0.000770020000 0.093359000000 0.000000001352 0.003096100000 0.005987800000 0.195600000000 0.032977000000 0.336720000000 0.461540000000 0.859480000000 0.000000000000 0.000000014716 0.000000022758 0.009932600000 0.000081075000 0.017843000000 0.044695000000 0.383460000000 0.001462600000 0.079548000000 0.143900000000 0.584460000000 0.251150000000 0.688510000000 0.712020000000 0.951580000000 0.029580000000 0.269190000000 0.357660000000 0.778370000000 0.415780000000 0.810650000000 0.790990000000 0.971480000000 0.428140000000 0.815430000000 0.793390000000 0.971940000000 0.741630000000 0.970730000000 0.924500000000 0.997470000000 0.000000921910 0.009216700000 0.021142000000 0.236840000000 0.064771000000 0.375230000000 0.442520000000 0.836020000000 0.166410000000 0.519420000000 0.529550000000 0.876600000000 0.519200000000 0.875350000000 0.847510000000 0.984500000000 0.232180000000 0.584140000000 0.558980000000 0.894400000000 0.536290000000 0.884210000000 0.848030000000 0.983560000000 0.496780000000 0.866850000000 0.841830000000 0.981930000000 0.775690000000 0.980480000000 0.931660000000 0.998240000000 0.237970000000 0.567130000000 0.541320000000 0.884120000000 0.526110000000 0.878200000000 0.846010000000 0.982820000000 0.490470000000 0.864670000000 0.842270000000 0.981820000000 0.772800000000 0.979660000000 0.930220000000 0.998000000000 0.427570000000 0.815750000000 0.808650000000 0.976650000000 0.771720000000 0.979430000000 0.930160000000 0.997840000000 0.669340000000 0.955710000000 0.930710000000 0.998080000000 0.843310000000 0.998030000000 0.949090000000 0.999850000000 0.036297000000 0.211480000000 0.246400000000 0.626280000000 0.264360000000 0.620890000000 0.602920000000 0.919420000000 0.260780000000 0.610410000000 0.576700000000 0.905500000000 0.556960000000 0.900360000000 0.867310000000 0.988100000000 0.262660000000 0.603350000000 0.574740000000 0.901700000000 0.552220000000 0.892320000000 0.857380000000 0.984880000000 0.502460000000 0.872180000000 0.851770000000 0.984010000000 0.782270000000 0.982680000000 0.933630000000 0.998500000000 0.242570000000 0.575480000000 0.550920000000 0.889870000000 0.530810000000 0.881500000000 0.850320000000 0.983820000000 0.499980000000 0.872220000000 0.847970000000 0.982910000000 0.778740000000 0.980850000000 0.931240000000 0.998100000000 0.424450000000 0.815330000000 0.812170000000 0.977050000000 0.773740000000 0.980100000000 0.930020000000 0.997870000000 0.666860000000 0.955430000000 0.929480000000 0.997940000000 0.842250000000 0.997830000000 0.948570000000 0.999830000000 0.209840000000 0.522990000000 0.486920000000 0.857130000000 0.464740000000 0.842240000000 0.812560000000 0.975940000000 0.459890000000 0.840330000000 0.819640000000 0.977200000000 0.758920000000 0.975370000000 0.926820000000 0.997590000000 0.417880000000 0.810430000000 0.807460000000 0.975620000000 0.767220000000 0.978260000000 0.928380000000 0.997620000000 0.663670000000 0.953580000000 0.926800000000 0.997540000000 0.840270000000 0.997340000000 0.947710000000 0.999780000000 0.333510000000 0.721200000000 0.708600000000 0.948640000000 0.713280000000 0.963310000000 0.919390000000 0.996770000000 0.663720000000 0.953870000000 0.927280000000 0.997650000000 0.840500000000 0.997370000000 0.947600000000 0.999760000000 0.505680000000 0.881740000000 0.883630000000 0.995720000000 0.840130000000 0.997620000000 0.947960000000 0.999770000000 0.718080000000 0.970830000000 0.948110000000 0.999800000000 0.857230000000 0.999800000000 0.952820000000 0.999990000000 

0.000000000000 0.000000000000 0.000000000000 0.000000000000 0.000000000000 0.000000000000 0.000000000000 0.000004680000 0.000000000000 0.000000000000 0.000000000000 0.000001810000 0.000000000000 0.000222420000 0.000055074000 0.084615000000 0.000000000000 0.000000000000 0.000000000000 0.000675280000 0.000000000000 0.001123200000 0.001925100000 0.189990000000 0.000000000419 0.008335200000 0.014455000000 0.372920000000 0.082144000000 0.586480000000 0.766170000000 0.981490000000 0.000000000000 0.000000005672 0.000000008167 0.023585000000 0.000164510000 0.044629000000 0.107330000000 0.664800000000 0.004825400000 0.183830000000 0.318750000000 0.863280000000 0.572630000000 0.947640000000 0.972480000000 0.992290000000 0.092729000000 0.604760000000 0.762010000000 0.979390000000 0.896670000000 0.990480000000 0.990970000000 0.992370000000 0.957800000000 0.992000000000 0.992800000000 0.992050000000 0.992440000000 0.992190000000 0.992270000000 0.992150000000 0.000000524250 0.031360000000 0.076026000000 0.571980000000 0.218480000000 0.774810000000 0.886650000000 0.989090000000 0.554350000000 0.943340000000 0.972030000000 0.991910000000 0.982870000000 0.992500000000 0.992380000000 0.992220000000 0.829390000000 0.987490000000 0.989690000000 0.992160000000 0.992360000000 0.992370000000 0.992000000000 0.992060000000 0.989560000000 0.992480000000 0.992540000000 0.992180000000 0.991530000000 0.992230000000 0.992070000000 0.992160000000 0.947330000000 0.991780000000 0.991460000000 0.992510000000 0.992050000000 0.992550000000 0.992320000000 0.992350000000 0.992140000000 0.992130000000 0.991940000000 0.992170000000 0.992700000000 0.992090000000 0.992160000000 0.992180000000 0.992800000000 0.992370000000 0.992620000000 0.992170000000 0.991760000000 0.992200000000 0.992120000000 0.992190000000 0.991900000000 0.992230000000 0.991960000000 0.992210000000 0.992050000000 0.992190000000 0.992190000000 0.992190000000 0.202720000000 0.753590000000 0.876900000000 0.986260000000 0.959330000000 0.990610000000 0.991650000000 0.992040000000 0.983060000000 0.990900000000 0.992040000000 0.991460000000 0.992980000000 0.991780000000 0.992170000000 0.992190000000 0.987650000000 0.992270000000 0.992300000000 0.992050000000 0.992160000000 0.991830000000 0.991840000000 0.992340000000 0.992770000000 0.991600000000 0.991780000000 0.992180000000 0.992610000000 0.992060000000 0.992140000000 0.992180000000 0.989750000000 0.992110000000 0.991690000000 0.992190000000 0.992710000000 0.992690000000 0.991940000000 0.992250000000 0.992760000000 0.992070000000 0.992390000000 0.992170000000 0.992130000000 0.992120000000 0.992200000000 0.992170000000 0.989180000000 0.991940000000 0.991750000000 0.992170000000 0.992160000000 0.992130000000 0.992020000000 0.992230000000 0.992040000000 0.992070000000 0.992090000000 0.992180000000 0.992500000000 0.992170000000 0.991950000000 0.992180000000 0.989140000000 0.990570000000 0.991370000000 0.992600000000 0.992660000000 0.991720000000 0.992430000000 0.992340000000 0.992920000000 0.992370000000 0.992290000000 0.992040000000 0.993150000000 0.992200000000 0.992010000000 0.992160000000 0.992710000000 0.992020000000 0.991920000000 0.992330000000 0.992400000000 0.992210000000 0.992240000000 0.992200000000 0.991050000000 0.992290000000 0.992030000000 0.992180000000 0.991780000000 0.992200000000 0.992140000000 0.992180000000 0.992910000000 0.992360000000 0.991800000000 0.991990000000 0.992460000000 0.992370000000 0.992290000000 0.992160000000 0.991420000000 0.992300000000 0.992300000000 0.992170000000 0.991670000000 0.992150000000 0.992080000000 0.992190000000 0.992330000000 0.991590000000 0.991930000000 0.992210000000 0.992100000000 0.992160000000 0.992200000000 0.992180000000 0.992790000000 0.992290000000 0.992110000000 0.992180000000 0.992420000000 0.992190000000 0.992110000000 0.992190000000 

N_obs: 2000

File Format:
1- most to least reliable channels (taken entropies)
2- most to least reliable channels (taken error probabilities)
3- channels entropies (flipped)
4- channels error probabilities (flipped)
5- number of MontCarlo simulations
