255 254 253 252 251 250 249 248 247 246 245 244 243 242 241 240 239 238 237 236 235 234 233 232 231 230 229 228 227 226 225 223 222 221 220 219 218 217 216 215 214 213 212 211 210 209 207 206 205 204 203 202 201 199 198 197 195 191 190 189 188 187 186 185 184 183 182 181 180 179 178 177 175 174 173 172 171 170 169 167 165 159 158 157 156 155 151 143 127 126 125 124 123 122 121 119 118 117 115 111 110 109 107 103 95 94 93 63 166 87 163 154 91 153 150 149 147 120 116 113 114 108 62 141 208 101 200 224 142 106 176 196 194 61 79 168 105 92 193 59 139 164 102 99 162 152 161 90 135 86 89 148 146 85 55 145 112 140 104 83 60 138 78 100 58 137 77 192 47 98 57 88 134 160 97 75 54 84 133 31 53 144 82 71 131 51 46 81 76 136 45 56 43 74 39 30 29 96 27 23 73 15 132 52 70 69 50 67 49 130 80 44 129 42 41 38 37 35 28 26 25 22 21 19 72 14 13 11 7 68 66 65 48 128 40 36 34 20 33 18 24 17 12 10 9 6 5 3 64 32 16 8 4 2 1 0 

255 254 253 252 251 250 249 248 247 246 245 244 243 242 241 240 239 238 237 236 235 234 233 232 231 230 229 228 227 226 225 223 222 221 220 219 218 217 216 215 214 213 212 211 210 209 207 206 205 204 203 202 201 199 198 197 195 191 190 189 188 187 186 185 184 183 182 181 180 179 178 177 175 174 173 172 171 170 169 167 165 159 158 157 156 155 151 143 127 126 125 124 123 122 121 119 118 117 115 111 110 109 107 103 95 94 93 63 166 87 163 154 91 153 150 149 147 120 116 113 114 108 62 141 208 101 200 224 142 176 106 196 194 61 79 168 105 92 193 59 139 164 99 102 135 152 86 89 90 162 161 148 146 85 145 55 112 140 104 83 138 60 100 78 137 58 77 192 98 47 88 57 134 160 97 75 84 54 133 144 82 53 71 31 131 81 76 136 46 51 56 74 45 96 132 73 52 43 70 30 130 80 50 39 69 29 129 44 49 67 27 72 23 42 15 41 38 28 68 37 22 66 25 26 128 14 65 17 33 48 6 4 9 8 24 20 10 1 2 16 64 0 34 5 32 19 18 3 11 12 36 21 40 35 13 7 

0.000000000000 0.000000000000 0.000000000000 0.000000000000 0.000000000000 0.000000000000 0.000000000000 0.000000000000 0.000000000000 0.000000000000 0.000000000000 0.000000000000 0.000000000000 0.000000000000 0.000000000000 0.000000000000 0.000000000000 0.000000000000 0.000000000000 0.000000000000 0.000000000000 0.000000000000 0.000000000000 0.000000000000 0.000000000000 0.000000000000 0.000000000000 0.000000000000 0.000000000000 0.000000000000 0.000000000000 0.000000021060 0.000000000000 0.000000000000 0.000000000000 0.000000000000 0.000000000000 0.000000000000 0.000000000000 0.000000000000 0.000000000000 0.000000000000 0.000000000000 0.000000000000 0.000000000000 0.000000000000 0.000000000000 0.000000001072 0.000000000000 0.000000000000 0.000000000000 0.000000000000 0.000000000000 0.000000000000 0.000000000000 0.000000019403 0.000000000000 0.000000000000 0.000000000000 0.000000253170 0.000000000000 0.000000296690 0.000012589000 0.020755000000 0.000000000000 0.000000000000 0.000000000000 0.000000000000 0.000000000000 0.000000000000 0.000000000000 0.000000000000 0.000000000000 0.000000000000 0.000000000000 0.000000000000 0.000000000000 0.000000000000 0.000000000000 0.000000185410 0.000000000000 0.000000000000 0.000000000000 0.000000000000 0.000000000000 0.000000000000 0.000000000000 0.000001158800 0.000000000000 0.000000000000 0.000000000000 0.000029559000 0.000000000000 0.000140350000 0.000157740000 0.052034000000 0.000000000000 0.000000000000 0.000000000000 0.000000000000 0.000000000000 0.000000000000 0.000000000000 0.000146160000 0.000000000000 0.000000000000 0.000000000000 0.000453420000 0.000000000000 0.000863390000 0.002196300000 0.132260000000 0.000000000000 0.000000045884 0.000000000590 0.003525200000 0.000025583000 0.006747700000 0.016548000000 0.307670000000 0.000181270000 0.046768000000 0.099147000000 0.532950000000 0.225250000000 0.702230000000 0.756850000000 0.959560000000 0.000000000000 0.000000000000 0.000000000000 0.000000000000 0.000000000000 0.000000000000 0.000000000000 0.000000000001 0.000000000000 0.000000000000 0.000000000000 0.000000000006 0.000000000000 0.000000000024 0.000000000022 0.002236600000 0.000000000000 0.000000000000 0.000000000000 0.000000000078 0.000000000000 0.000000156870 0.000002600600 0.004851200000 0.000000000000 0.000063607000 0.000000015676 0.010349000000 0.000090010000 0.026994000000 0.059266000000 0.460740000000 0.000000000000 0.000000000000 0.000000000000 0.000007923700 0.000000000000 0.000163100000 0.000330770000 0.034436000000 0.000000000000 0.000233900000 0.001087100000 0.074540000000 0.005118200000 0.145030000000 0.244110000000 0.721950000000 0.000000538090 0.008228700000 0.017258000000 0.254030000000 0.059332000000 0.396120000000 0.494960000000 0.872240000000 0.169550000000 0.585330000000 0.632020000000 0.920240000000 0.667550000000 0.931210000000 0.941610000000 0.992130000000 0.000000000000 0.000000000105 0.000000374630 0.006352700000 0.000015810000 0.016003000000 0.034044000000 0.334440000000 0.001490000000 0.066344000000 0.119390000000 0.533700000000 0.225950000000 0.656640000000 0.695470000000 0.943760000000 0.023022000000 0.232250000000 0.317490000000 0.747420000000 0.384650000000 0.791230000000 0.802940000000 0.965950000000 0.418110000000 0.815010000000 0.820740000000 0.967130000000 0.834970000000 0.970800000000 0.974920000000 0.996510000000 0.110660000000 0.429450000000 0.457960000000 0.846150000000 0.477120000000 0.848160000000 0.854610000000 0.975670000000 0.487860000000 0.855980000000 0.858290000000 0.973850000000 0.867220000000 0.975490000000 0.977860000000 0.996660000000 0.515900000000 0.875000000000 0.879990000000 0.977910000000 0.885670000000 0.979170000000 0.980190000000 0.996760000000 0.900990000000 0.983480000000 0.984480000000 0.997340000000 0.986660000000 0.997990000000 0.998300000000 0.999790000000 

0.000000000000 0.000000000000 0.000000000000 0.000000000000 0.000000000000 0.000000000000 0.000000000000 0.000000000000 0.000000000000 0.000000000000 0.000000000000 0.000000000000 0.000000000000 0.000000000000 0.000000000000 0.000000000000 0.000000000000 0.000000000000 0.000000000000 0.000000000000 0.000000000000 0.000000000000 0.000000000000 0.000000000000 0.000000000000 0.000000000000 0.000000000000 0.000000000000 0.000000000000 0.000000000000 0.000000000000 0.000000009114 0.000000000000 0.000000000000 0.000000000000 0.000000000000 0.000000000000 0.000000000000 0.000000000000 0.000000000000 0.000000000000 0.000000000000 0.000000000000 0.000000000000 0.000000000000 0.000000000000 0.000000000000 0.000000000336 0.000000000000 0.000000000000 0.000000000000 0.000000000000 0.000000000000 0.000000000000 0.000000000000 0.000000007697 0.000000000000 0.000000000000 0.000000000000 0.000000145420 0.000000000000 0.000000148980 0.000011447000 0.056661000000 0.000000000000 0.000000000000 0.000000000000 0.000000000000 0.000000000000 0.000000000000 0.000000000000 0.000000000000 0.000000000000 0.000000000000 0.000000000000 0.000000000000 0.000000000000 0.000000000000 0.000000000000 0.000000083872 0.000000000000 0.000000000000 0.000000000000 0.000000000000 0.000000000000 0.000000000000 0.000000000000 0.000000705320 0.000000000000 0.000000000000 0.000000000000 0.000030333000 0.000000000000 0.000846500000 0.000950040000 0.127710000000 0.000000000000 0.000000000000 0.000000000000 0.000000000000 0.000000000000 0.000000000000 0.000000000000 0.000314500000 0.000000000000 0.000000000000 0.000000000000 0.001279100000 0.000000000000 0.002995600000 0.004837900000 0.291440000000 0.000000000000 0.000000022040 0.000000000193 0.008489000000 0.000027983000 0.019764000000 0.040489000000 0.574330000000 0.000279640000 0.119040000000 0.226070000000 0.826160000000 0.503540000000 0.946270000000 0.981030000000 0.995950000000 0.000000000000 0.000000000000 0.000000000000 0.000000000000 0.000000000000 0.000000000000 0.000000000000 0.000000000000 0.000000000000 0.000000000000 0.000000000000 0.000000000001 0.000000000000 0.000000000007 0.000000000006 0.006427000000 0.000000000000 0.000000000000 0.000000000000 0.000000000023 0.000000000000 0.000000085745 0.000002233300 0.014001000000 0.000000000000 0.000276080000 0.000000005767 0.026963000000 0.000172950000 0.067279000000 0.141900000000 0.773060000000 0.000000000000 0.000000000000 0.000000000000 0.000007350500 0.000000000000 0.000844740000 0.000800850000 0.093244000000 0.000000000000 0.000557850000 0.003075400000 0.186130000000 0.014744000000 0.326140000000 0.512280000000 0.951760000000 0.000000320170 0.027169000000 0.054875000000 0.539030000000 0.168250000000 0.730730000000 0.864430000000 0.991550000000 0.469540000000 0.927070000000 0.968130000000 0.995830000000 0.985650000000 0.995930000000 0.996010000000 0.996100000000 0.000000000000 0.000000000029 0.000000229940 0.025855000000 0.000018954000 0.048594000000 0.109620000000 0.674380000000 0.004986000000 0.200710000000 0.329810000000 0.870500000000 0.599710000000 0.959380000000 0.984310000000 0.996060000000 0.092689000000 0.597380000000 0.766340000000 0.984210000000 0.907520000000 0.993970000000 0.995380000000 0.996230000000 0.966830000000 0.995540000000 0.995830000000 0.996190000000 0.996240000000 0.996100000000 0.996050000000 0.996110000000 0.491630000000 0.928810000000 0.972550000000 0.995750000000 0.986060000000 0.995940000000 0.995930000000 0.996090000000 0.992760000000 0.995900000000 0.996190000000 0.996090000000 0.996130000000 0.996140000000 0.996030000000 0.996100000000 0.994610000000 0.996000000000 0.996300000000 0.996180000000 0.996170000000 0.996090000000 0.996080000000 0.996080000000 0.996340000000 0.996070000000 0.996100000000 0.996080000000 0.996150000000 0.996090000000 0.996090000000 0.996100000000 

N_obs: 2000

File Format:
1- most to least reliable channels (taken entropies)
2- most to least reliable channels (taken error probabilities)
3- channels entropies (flipped)
4- channels error probabilities (flipped)
5- number of MontCarlo simulations
