255 254 253 252 251 250 249 248 247 246 245 244 243 242 241 240 239 238 237 236 235 234 233 232 231 230 229 228 227 226 225 223 222 221 220 219 218 217 216 215 214 213 212 211 210 209 207 206 205 204 203 202 201 199 198 197 195 191 190 189 188 187 186 185 184 183 182 181 180 179 178 177 175 174 173 172 171 170 169 167 166 165 163 159 158 157 156 155 154 153 151 150 149 147 143 142 141 139 135 127 126 125 124 123 122 121 120 119 118 117 116 115 114 113 111 110 109 108 107 106 105 103 102 101 99 95 94 93 92 91 90 89 87 86 85 83 79 78 77 63 62 61 60 59 58 55 54 47 31 75 57 53 51 168 176 200 196 224 164 193 46 194 148 161 152 45 71 208 162 112 43 140 146 145 104 137 98 100 133 134 138 97 88 84 81 82 74 29 39 76 131 56 30 73 69 50 160 52 70 27 192 44 49 144 42 67 136 96 41 23 132 80 38 130 28 37 72 129 26 68 15 35 48 25 66 22 40 65 21 36 19 14 128 13 34 7 11 24 33 20 64 18 17 3 9 12 5 10 6 32 1 16 8 4 2 0 

255 254 253 252 251 250 249 248 247 246 245 244 243 242 241 240 239 238 237 236 235 234 233 232 231 230 229 228 227 226 225 223 222 221 220 219 218 217 216 215 214 213 212 211 210 209 207 206 205 204 203 202 201 199 198 197 195 191 190 189 188 187 186 185 184 183 182 181 180 179 178 177 175 174 173 172 171 170 169 167 166 165 163 159 158 157 156 155 154 153 151 150 149 147 143 142 141 139 135 127 126 125 124 123 122 121 120 119 118 117 116 115 114 113 111 110 109 108 107 106 105 103 102 101 99 95 94 93 92 91 90 89 87 86 85 83 79 78 77 63 62 61 60 59 58 55 54 47 31 75 57 53 51 168 176 200 196 224 164 193 46 194 148 161 152 45 71 208 162 112 43 140 146 145 104 137 98 100 133 134 138 97 88 84 81 82 74 29 39 76 131 56 73 30 69 160 50 52 44 70 192 27 49 42 144 136 67 132 41 96 23 80 38 130 37 28 72 129 26 68 48 35 15 25 66 22 40 65 21 36 128 19 14 34 24 13 33 20 64 11 7 18 17 12 32 10 9 3 6 16 0 5 8 2 1 4 

0.000000000000 0.000000000000 0.000000000000 0.000000000000 0.000000000000 0.000000000000 0.000000000000 0.000000000000 0.000000000000 0.000000000000 0.000000000000 0.000000000000 0.000000000000 0.000000000000 0.000000000000 0.000000000000 0.000000000000 0.000000000000 0.000000000000 0.000000000000 0.000000000000 0.000000000000 0.000000000000 0.000000000000 0.000000000000 0.000000000000 0.000000000000 0.000000000000 0.000000000000 0.000000000000 0.000000000000 0.000000000000 0.000000000000 0.000000000000 0.000000000000 0.000000000000 0.000000000000 0.000000000000 0.000000000000 0.000000000000 0.000000000000 0.000000000000 0.000000000000 0.000000000000 0.000000000000 0.000000000000 0.000000000000 0.000000000001 0.000000000000 0.000000000000 0.000000000000 0.000000000000 0.000000000000 0.000000000000 0.000000000000 0.000000000000 0.000000000000 0.000000000000 0.000000000000 0.000000000000 0.000000000000 0.000000000000 0.000000000000 0.000292180000 0.000000000000 0.000000000000 0.000000000000 0.000000000000 0.000000000000 0.000000000000 0.000000000000 0.000000000000 0.000000000000 0.000000000000 0.000000000000 0.000000000000 0.000000000000 0.000000000000 0.000000000000 0.000000000000 0.000000000000 0.000000000000 0.000000000000 0.000000000000 0.000000000000 0.000000000000 0.000000000000 0.000000000000 0.000000000000 0.000000000000 0.000000000000 0.000000000000 0.000000000000 0.000000000001 0.000000000000 0.000159960000 0.000000000000 0.000000000000 0.000000000000 0.000000000000 0.000000000000 0.000000000000 0.000000000000 0.000000000000 0.000000000000 0.000000000000 0.000000000000 0.000000000000 0.000000000000 0.000000000052 0.000000000054 0.000925600000 0.000000000000 0.000000000000 0.000000000000 0.000000000008 0.000000000000 0.000000004652 0.000000000588 0.001750800000 0.000000000000 0.000000004348 0.000000001780 0.003932200000 0.000004967500 0.011709000000 0.030348000000 0.398750000000 0.000000000000 0.000000000000 0.000000000000 0.000000000000 0.000000000000 0.000000000000 0.000000000000 0.000000000000 0.000000000000 0.000000000000 0.000000000000 0.000000000000 0.000000000000 0.000000000000 0.000000000000 0.000000000001 0.000000000000 0.000000000000 0.000000000000 0.000000000000 0.000000000000 0.000000000000 0.000000000000 0.000000000146 0.000000000000 0.000000000000 0.000000000000 0.000000001106 0.000000000000 0.000000000995 0.000000037115 0.003647700000 0.000000000000 0.000000000000 0.000000000000 0.000000000000 0.000000000000 0.000000000000 0.000000000000 0.000000187340 0.000000000000 0.000000000000 0.000000000000 0.000000551480 0.000000000000 0.000000646110 0.000000640570 0.008914600000 0.000000000000 0.000000000000 0.000000000000 0.000004220200 0.000000000000 0.000002556200 0.000046088000 0.020857000000 0.000000000000 0.000247220000 0.000099325000 0.047500000000 0.001417900000 0.101840000000 0.197950000000 0.690160000000 0.000000000000 0.000000000000 0.000000000000 0.000000000000 0.000000000000 0.000000000000 0.000000000000 0.000010907000 0.000000000000 0.000000000000 0.000000000000 0.000198390000 0.000000000000 0.000152600000 0.000514900000 0.066178000000 0.000000000000 0.000000000000 0.000000000000 0.000467610000 0.000000000003 0.001170400000 0.003761300000 0.143670000000 0.000003528700 0.009615600000 0.020037000000 0.272240000000 0.065699000000 0.436560000000 0.534830000000 0.891850000000 0.000000000000 0.000041912000 0.000002998200 0.019821000000 0.000267180000 0.038350000000 0.078413000000 0.462220000000 0.003787200000 0.124810000000 0.208640000000 0.654510000000 0.317530000000 0.739950000000 0.746230000000 0.961990000000 0.051293000000 0.334990000000 0.411240000000 0.808700000000 0.452850000000 0.830960000000 0.807190000000 0.974870000000 0.444020000000 0.831810000000 0.814720000000 0.976210000000 0.761000000000 0.976480000000 0.929430000000 0.998120000000 

0.000000000000 0.000000000000 0.000000000000 0.000000000000 0.000000000000 0.000000000000 0.000000000000 0.000000000000 0.000000000000 0.000000000000 0.000000000000 0.000000000000 0.000000000000 0.000000000000 0.000000000000 0.000000000000 0.000000000000 0.000000000000 0.000000000000 0.000000000000 0.000000000000 0.000000000000 0.000000000000 0.000000000000 0.000000000000 0.000000000000 0.000000000000 0.000000000000 0.000000000000 0.000000000000 0.000000000000 0.000000000000 0.000000000000 0.000000000000 0.000000000000 0.000000000000 0.000000000000 0.000000000000 0.000000000000 0.000000000000 0.000000000000 0.000000000000 0.000000000000 0.000000000000 0.000000000000 0.000000000000 0.000000000000 0.000000000000 0.000000000000 0.000000000000 0.000000000000 0.000000000000 0.000000000000 0.000000000000 0.000000000000 0.000000000000 0.000000000000 0.000000000000 0.000000000000 0.000000000000 0.000000000000 0.000000000000 0.000000000000 0.001007500000 0.000000000000 0.000000000000 0.000000000000 0.000000000000 0.000000000000 0.000000000000 0.000000000000 0.000000000000 0.000000000000 0.000000000000 0.000000000000 0.000000000000 0.000000000000 0.000000000000 0.000000000000 0.000000000000 0.000000000000 0.000000000000 0.000000000000 0.000000000000 0.000000000000 0.000000000000 0.000000000000 0.000000000000 0.000000000000 0.000000000000 0.000000000000 0.000000000000 0.000000000000 0.000000000000 0.000000000000 0.000161970000 0.000000000000 0.000000000000 0.000000000000 0.000000000000 0.000000000000 0.000000000000 0.000000000000 0.000000000000 0.000000000000 0.000000000000 0.000000000000 0.000000000000 0.000000000000 0.000000000013 0.000000000013 0.002373700000 0.000000000000 0.000000000000 0.000000000000 0.000000000002 0.000000000000 0.000000001603 0.000000000166 0.004162200000 0.000000000000 0.000000001399 0.000000000542 0.008490800000 0.000003745300 0.029632000000 0.065237000000 0.664050000000 0.000000000000 0.000000000000 0.000000000000 0.000000000000 0.000000000000 0.000000000000 0.000000000000 0.000000000000 0.000000000000 0.000000000000 0.000000000000 0.000000000000 0.000000000000 0.000000000000 0.000000000000 0.000000000000 0.000000000000 0.000000000000 0.000000000000 0.000000000000 0.000000000000 0.000000000000 0.000000000000 0.000000000040 0.000000000000 0.000000000000 0.000000000000 0.000000000346 0.000000000000 0.000000000285 0.000000015101 0.008852500000 0.000000000000 0.000000000000 0.000000000000 0.000000000000 0.000000000000 0.000000000000 0.000000000000 0.000000086964 0.000000000000 0.000000000000 0.000000000000 0.000000279810 0.000000000000 0.000000352500 0.000000339680 0.022888000000 0.000000000000 0.000000000000 0.000000000000 0.000002837500 0.000000000000 0.000001374100 0.000047938000 0.049518000000 0.000000000000 0.000988700000 0.000089465000 0.108740000000 0.004590600000 0.210600000000 0.381270000000 0.915910000000 0.000000000000 0.000000000000 0.000000000000 0.000000000000 0.000000000000 0.000000000000 0.000000000000 0.000008068800 0.000000000000 0.000000000000 0.000000000000 0.000378210000 0.000000000000 0.000226490000 0.001075900000 0.145610000000 0.000000000000 0.000000000000 0.000000000000 0.000912000000 0.000000000000 0.002092600000 0.008729400000 0.290640000000 0.000002734100 0.024011000000 0.046206000000 0.509680000000 0.148750000000 0.728140000000 0.859260000000 0.988590000000 0.000000000000 0.000052892000 0.000001996200 0.048802000000 0.001038800000 0.094254000000 0.187520000000 0.752810000000 0.012154000000 0.281540000000 0.456160000000 0.914020000000 0.696550000000 0.969740000000 0.983690000000 0.992080000000 0.161920000000 0.705670000000 0.842360000000 0.984710000000 0.934730000000 0.990810000000 0.991350000000 0.992230000000 0.968740000000 0.992000000000 0.992210000000 0.992370000000 0.991890000000 0.992310000000 0.992330000000 0.992180000000 

N_obs: 2000

File Format:
1- most to least reliable channels (taken entropies)
2- most to least reliable channels (taken error probabilities)
3- channels entropies (flipped)
4- channels error probabilities (flipped)
5- number of MontCarlo simulations
