255 254 253 252 251 250 249 248 247 246 245 244 243 242 241 239 238 237 236 235 234 233 231 230 229 227 223 222 221 220 219 218 217 215 214 213 207 191 190 189 187 183 127 175 206 205 211 203 188 185 186 232 126 182 228 240 125 181 216 199 226 225 179 212 210 159 123 204 174 202 209 173 201 184 119 124 171 198 180 224 197 158 122 178 167 111 208 121 157 177 172 195 118 95 155 63 200 117 170 151 115 169 110 143 196 109 166 107 120 156 103 94 87 93 91 79 59 165 62 61 47 55 31 176 163 154 194 116 153 150 193 149 147 114 113 141 142 139 168 135 108 106 102 105 101 92 90 86 99 85 89 78 83 77 75 58 60 53 51 164 71 45 54 43 46 57 39 30 27 29 23 162 15 161 152 192 148 146 145 140 138 137 134 112 133 131 100 84 104 82 76 98 74 73 52 42 41 81 88 44 50 37 70 38 97 69 49 35 26 25 56 28 67 21 19 22 14 13 11 7 160 144 136 132 130 72 129 36 40 68 20 80 34 24 18 33 17 48 66 12 96 65 10 9 6 5 3 128 16 32 8 64 4 2 1 0 

255 254 253 252 251 250 249 248 247 246 245 244 243 242 241 239 238 237 236 235 234 233 231 230 229 227 223 222 221 220 219 218 217 215 214 213 207 191 190 189 187 183 127 175 206 205 211 203 188 185 186 232 126 182 228 240 125 181 216 199 226 225 179 212 159 123 202 209 210 204 174 173 201 184 171 119 198 180 124 224 197 158 178 122 167 208 177 157 172 121 195 111 200 118 170 155 117 169 196 166 151 95 115 156 176 120 110 165 194 63 143 154 163 109 116 193 168 153 107 94 114 150 91 113 147 59 93 61 79 149 164 87 103 62 162 31 108 161 57 77 92 141 47 139 112 145 101 50 26 39 142 71 69 138 35 11 88 27 43 30 41 14 23 70 66 132 130 100 49 51 104 13 68 83 17 98 16 12 65 106 6 38 64 128 1 52 0 24 74 40 8 73 86 9 36 2 5 10 4 18 80 160 129 3 76 20 22 72 32 48 96 58 136 33 133 21 81 44 134 84 131 89 34 7 25 146 105 144 19 29 28 56 37 137 85 97 152 46 140 82 90 42 67 60 192 148 99 135 15 78 45 54 53 102 55 75 

0.000000000000 0.000000000000 0.000000000000 0.000000000000 0.000000000000 0.000000000000 0.000000000000 0.000000000000 0.000000000000 0.000000000000 0.000000000000 0.000000000000 0.000000000000 0.000000000000 0.000000000000 0.000000088866 0.000000000000 0.000000000000 0.000000000000 0.000000000000 0.000000000000 0.000000000000 0.000000000000 0.000000010688 0.000000000000 0.000000000000 0.000000000000 0.000000054159 0.000000000000 0.000002577800 0.000006051400 0.027744000000 0.000000000000 0.000000000000 0.000000000000 0.000000000000 0.000000000000 0.000000000000 0.000000000000 0.000001224600 0.000000000000 0.000000000000 0.000000000000 0.000010675000 0.000000000000 0.000095167000 0.001198500000 0.068051000000 0.000000000000 0.000000000000 0.000000000000 0.000483040000 0.000000000001 0.000819860000 0.004682100000 0.193690000000 0.000002200800 0.014926000000 0.034158000000 0.384930000000 0.119110000000 0.593800000000 0.688470000000 0.936820000000 0.000000000000 0.000000000000 0.000000000000 0.000000000028 0.000000000000 0.000000000816 0.000000000697 0.007057700000 0.000000000000 0.000000052597 0.000000529600 0.018763000000 0.000007628200 0.044235000000 0.081546000000 0.519120000000 0.000000000000 0.000526040000 0.002452800000 0.101750000000 0.012054000000 0.196570000000 0.297470000000 0.755430000000 0.055353000000 0.393800000000 0.482410000000 0.857430000000 0.543790000000 0.886370000000 0.902970000000 0.986220000000 0.000108080000 0.035301000000 0.075064000000 0.429630000000 0.162480000000 0.576610000000 0.632960000000 0.921610000000 0.269500000000 0.672740000000 0.689090000000 0.937050000000 0.705380000000 0.937090000000 0.947040000000 0.992090000000 0.324730000000 0.736350000000 0.736180000000 0.947520000000 0.746260000000 0.950400000000 0.952210000000 0.992280000000 0.769000000000 0.956770000000 0.958680000000 0.992870000000 0.964820000000 0.994540000000 0.995290000000 0.999370000000 0.000000000000 0.000000015680 0.000000404560 0.011290000000 0.000403710000 0.039232000000 0.074108000000 0.425210000000 0.007695300000 0.134530000000 0.195730000000 0.632600000000 0.294240000000 0.710040000000 0.734160000000 0.957230000000 0.061718000000 0.314900000000 0.385160000000 0.796170000000 0.408360000000 0.813470000000 0.817830000000 0.969690000000 0.431880000000 0.815720000000 0.822520000000 0.967890000000 0.836070000000 0.971330000000 0.975280000000 0.996570000000 0.145470000000 0.446760000000 0.451960000000 0.831660000000 0.458100000000 0.833430000000 0.839430000000 0.973180000000 0.448140000000 0.833930000000 0.837230000000 0.968760000000 0.843760000000 0.971110000000 0.973150000000 0.995980000000 0.459600000000 0.842350000000 0.844120000000 0.971150000000 0.848830000000 0.971440000000 0.971560000000 0.995190000000 0.857750000000 0.974610000000 0.975770000000 0.995740000000 0.977790000000 0.996450000000 0.996840000000 0.999580000000 0.177890000000 0.483990000000 0.488450000000 0.854270000000 0.481440000000 0.850120000000 0.861880000000 0.976810000000 0.499280000000 0.859790000000 0.855400000000 0.972470000000 0.857010000000 0.974090000000 0.976270000000 0.996410000000 0.492420000000 0.860690000000 0.858960000000 0.973700000000 0.860470000000 0.972800000000 0.973030000000 0.995480000000 0.862410000000 0.975160000000 0.974200000000 0.995360000000 0.976270000000 0.996030000000 0.996340000000 0.999490000000 0.509720000000 0.873020000000 0.877190000000 0.977070000000 0.875400000000 0.976740000000 0.976740000000 0.996060000000 0.882690000000 0.979010000000 0.978320000000 0.995950000000 0.978440000000 0.996210000000 0.996360000000 0.999440000000 0.891520000000 0.981560000000 0.981890000000 0.996550000000 0.982730000000 0.996940000000 0.996990000000 0.999500000000 0.984800000000 0.997610000000 0.997720000000 0.999600000000 0.997950000000 0.999690000000 0.999740000000 0.999970000000 

0.000000000000 0.000000000000 0.000000000000 0.000000000000 0.000000000000 0.000000000000 0.000000000000 0.000000000000 0.000000000000 0.000000000000 0.000000000000 0.000000000000 0.000000000000 0.000000000000 0.000000000000 0.000000040348 0.000000000000 0.000000000000 0.000000000000 0.000000000000 0.000000000000 0.000000000000 0.000000000000 0.000000003598 0.000000000000 0.000000000000 0.000000000000 0.000000019858 0.000000000000 0.000001636200 0.000004270100 0.061448000000 0.000000000000 0.000000000000 0.000000000000 0.000000000000 0.000000000000 0.000000000000 0.000000000000 0.000000656150 0.000000000000 0.000000000000 0.000000000000 0.000007192600 0.000000000000 0.002488800000 0.002188100000 0.170780000000 0.000000000000 0.000000000000 0.000000000000 0.002639800000 0.000000000000 0.000912840000 0.010792000000 0.383470000000 0.000001326700 0.036543000000 0.086485000000 0.681110000000 0.279340000000 0.874570000000 0.960610000000 0.996360000000 0.000000000000 0.000000000000 0.000000000000 0.000000000007 0.000000000000 0.000000000251 0.000000000201 0.019309000000 0.000000000000 0.000000019183 0.000000238930 0.044743000000 0.000004685200 0.119530000000 0.204760000000 0.821050000000 0.000000000000 0.004608100000 0.008795300000 0.229260000000 0.026298000000 0.449170000000 0.627170000000 0.966070000000 0.163620000000 0.734000000000 0.866940000000 0.993790000000 0.937740000000 0.994680000000 0.995100000000 0.996110000000 0.000106260000 0.111610000000 0.218330000000 0.801280000000 0.464860000000 0.928760000000 0.974190000000 0.996260000000 0.765910000000 0.988380000000 0.993380000000 0.996380000000 0.990350000000 0.996170000000 0.995830000000 0.996180000000 0.920160000000 0.995940000000 0.995600000000 0.996270000000 0.995720000000 0.995960000000 0.996240000000 0.996130000000 0.996450000000 0.996150000000 0.996140000000 0.996030000000 0.996150000000 0.996040000000 0.996120000000 0.996080000000 0.000000000000 0.000000005870 0.000000190500 0.052905000000 0.000542360000 0.135540000000 0.242300000000 0.828510000000 0.030719000000 0.410430000000 0.565410000000 0.955640000000 0.791900000000 0.986270000000 0.990200000000 0.995740000000 0.289380000000 0.840850000000 0.940880000000 0.995060000000 0.974450000000 0.996070000000 0.996180000000 0.996050000000 0.994030000000 0.996740000000 0.995870000000 0.996050000000 0.996440000000 0.996060000000 0.996250000000 0.996130000000 0.782310000000 0.983230000000 0.991880000000 0.995470000000 0.990020000000 0.996310000000 0.996150000000 0.995980000000 0.994010000000 0.996100000000 0.996250000000 0.996150000000 0.996060000000 0.996280000000 0.996150000000 0.996110000000 0.992310000000 0.996610000000 0.995340000000 0.996120000000 0.996760000000 0.996090000000 0.996100000000 0.996120000000 0.995950000000 0.996010000000 0.995960000000 0.996060000000 0.996320000000 0.996010000000 0.996070000000 0.996080000000 0.910310000000 0.994340000000 0.991940000000 0.996330000000 0.991470000000 0.996130000000 0.995220000000 0.996230000000 0.996740000000 0.996660000000 0.996710000000 0.996090000000 0.996050000000 0.995890000000 0.996050000000 0.996130000000 0.995620000000 0.996270000000 0.996620000000 0.996150000000 0.995980000000 0.996310000000 0.995990000000 0.996090000000 0.995940000000 0.996080000000 0.996240000000 0.996100000000 0.995960000000 0.996160000000 0.996140000000 0.996130000000 0.994730000000 0.995990000000 0.996200000000 0.996230000000 0.995980000000 0.995930000000 0.996170000000 0.996090000000 0.996010000000 0.996120000000 0.996140000000 0.996120000000 0.996180000000 0.996110000000 0.996060000000 0.996070000000 0.996570000000 0.996000000000 0.996060000000 0.996070000000 0.995970000000 0.996110000000 0.996100000000 0.996090000000 0.996160000000 0.996070000000 0.996110000000 0.996110000000 0.996120000000 0.996110000000 0.996080000000 0.996090000000 

N_obs: 400

File Format:
1- most to least reliable channels (taken entropies)
2- most to least reliable channels (taken error probabilities)
3- channels entropies (flipped)
4- channels error probabilities (flipped)
5- number of MontCarlo simulations
