31 30 29 28 27 26 25 24 23 22 21 19 15 14 13 11 7 20 18 10 6 9 12 17 5 3 16 4 8 2 1 0 

31 30 29 28 27 26 25 24 23 22 21 19 15 14 13 11 7 20 18 10 6 9 12 17 5 3 16 4 8 2 1 0 

0.000000000000 0.000000000000 0.000000000000 0.000000000000 0.000000000000 0.000000000000 0.000000000000 0.000000000000 0.000000000000 0.000000000000 0.000000000000 0.000000000000 0.000000000000 0.000000000000 0.000000000000 0.000028323000 0.000000000000 0.000000000000 0.000000000000 0.000000000000 0.000000000000 0.000000000000 0.000000000000 0.000051202000 0.000000000000 0.000000000000 0.000000000000 0.000045060000 0.000000000001 0.000155180000 0.000345350000 0.079287000000 

0.000000000000 0.000000000000 0.000000000000 0.000000000000 0.000000000000 0.000000000000 0.000000000000 0.000000000000 0.000000000000 0.000000000000 0.000000000000 0.000000000000 0.000000000000 0.000000000000 0.000000000000 0.000062121000 0.000000000000 0.000000000000 0.000000000000 0.000000000000 0.000000000000 0.000000000000 0.000000000000 0.000145630000 0.000000000000 0.000000000000 0.000000000000 0.000123810000 0.000000000000 0.000371850000 0.000685090000 0.190080000000 

N_obs: 16000

File Format:
1- most to least reliable channels (taken entropies)
2- most to least reliable channels (taken error probabilities)
3- channels entropies (flipped)
4- channels error probabilities (flipped)
5- number of MontCarlo simulations
