31 30 29 27 23 28 26 25 15 22 21 19 24 14 13 11 20 7 18 17 12 10 9 6 5 3 16 8 4 2 1 0 

31 30 29 27 23 28 26 25 15 22 21 19 24 14 20 13 11 18 17 7 12 10 9 6 3 16 8 1 2 0 4 5 

0.000000000000 0.000000000006 0.000000001586 0.000988310000 0.000000085607 0.002682600000 0.008437800000 0.258510000000 0.000259520000 0.035992000000 0.075435000000 0.516040000000 0.214540000000 0.698400000000 0.751560000000 0.956230000000 0.025363000000 0.302000000000 0.415860000000 0.826390000000 0.495440000000 0.861720000000 0.866710000000 0.977890000000 0.535180000000 0.880020000000 0.883340000000 0.978750000000 0.892010000000 0.981420000000 0.983610000000 0.997690000000 

0.000000000000 0.000000000001 0.000000000606 0.002540200000 0.000000048482 0.007768900000 0.021609000000 0.499660000000 0.000545100000 0.088777000000 0.170610000000 0.797310000000 0.468100000000 0.941800000000 0.976130000000 0.996000000000 0.082078000000 0.644330000000 0.816940000000 0.990820000000 0.937520000000 0.995260000000 0.995810000000 0.996030000000 0.979460000000 0.995830000000 0.996160000000 0.996130000000 0.995920000000 0.996090000000 0.996080000000 0.996110000000 

N_obs: 3200

File Format:
1- most to least reliable channels (taken entropies)
2- most to least reliable channels (taken error probabilities)
3- channels entropies (flipped)
4- channels error probabilities (flipped)
5- number of MontCarlo simulations
