0   5.7431906462e-01   3.7781625986e-01   570399
1   4.6413745731e-02   2.4352673441e-02   968956
2   1.9656341523e-02   9.7397742793e-03   986917
3   1.5634510419e-05   7.6081646512e-06   999993
4   8.3198519424e-03   4.0039438754e-03   994614
5   2.7346507068e-06   1.1430512359e-06   999998
6   1.5917439669e-06   4.1442143583e-07   999999
7   9.9999999748e-07   0.0000000000e+00   999999
8   3.7266765721e-03   1.7448696308e-03   997562
9   2.2703281957e-06   1.7654548401e-07   999998
10   2.0272664187e-06   4.1328803491e-08   999998
11   1.9999999950e-06   0.0000000000e+00   999998
12   2.0309228148e-06   4.1097383274e-08   999998
13   1.9999999950e-06   0.0000000000e+00   999998
14   1.9999999950e-06   0.0000000000e+00   999998
15   1.9999999950e-06   0.0000000000e+00   999998
16   1.7276785802e-03   7.9604936764e-04   998863
17   7.3042070881e-07   1.4619013200e-07   999999
18   9.9609614779e-08   8.3232308157e-08   1000000
19   0.0000000000e+00   0.0000000000e+00   1000000
20   1.1272073053e-08   1.5232918926e-08   1000000
21   0.0000000000e+00   0.0000000000e+00   1000000
22   0.0000000000e+00   0.0000000000e+00   1000000
23   0.0000000000e+00   0.0000000000e+00   1000000
24   -6.2584876517e-12   9.7090793738e-11   1000000
25   0.0000000000e+00   0.0000000000e+00   1000000
26   0.0000000000e+00   0.0000000000e+00   1000000
27   0.0000000000e+00   0.0000000000e+00   1000000
28   0.0000000000e+00   0.0000000000e+00   1000000
29   0.0000000000e+00   0.0000000000e+00   1000000
30   0.0000000000e+00   0.0000000000e+00   1000000
31   0.0000000000e+00   0.0000000000e+00   1000000
32   8.2345929695e-04   3.8039273932e-04   999459
33   1.0313038956e-06   3.4017642037e-08   999999
34   9.9968542600e-07   7.2393861739e-11   999999
35   9.9999999748e-07   0.0000000000e+00   999999
36   1.0005086324e-06   1.0862475364e-09   999999
37   9.9999999748e-07   0.0000000000e+00   999999
38   9.9999999748e-07   0.0000000000e+00   999999
39   9.9999999748e-07   0.0000000000e+00   999999
40   1.0000177326e-06   5.1372805315e-11   999999
41   9.9999999748e-07   0.0000000000e+00   999999
42   9.9999999748e-07   0.0000000000e+00   999999
43   9.9999999748e-07   0.0000000000e+00   999999
44   9.9999999748e-07   0.0000000000e+00   999999
45   9.9999999748e-07   0.0000000000e+00   999999
46   9.9999999748e-07   0.0000000000e+00   999999
47   9.9999999748e-07   0.0000000000e+00   999999
48   2.0000006771e-06   2.3678925574e-12   999998
49   1.9999999950e-06   0.0000000000e+00   999998
50   1.9999999950e-06   0.0000000000e+00   999998
51   1.9999999950e-06   0.0000000000e+00   999998
52   1.9999999950e-06   0.0000000000e+00   999999
53   1.9999999950e-06   0.0000000000e+00   999998
54   1.9999999950e-06   0.0000000000e+00   999998
55   1.9999999950e-06   0.0000000000e+00   999998
56   1.9999999950e-06   0.0000000000e+00   999998
57   1.9999999950e-06   0.0000000000e+00   999998
58   1.9999999950e-06   0.0000000000e+00   999998
59   1.9999999950e-06   0.0000000000e+00   999999
60   1.9999999950e-06   0.0000000000e+00   999998
61   1.9999999950e-06   0.0000000000e+00   999998
62   1.9999999950e-06   0.0000000000e+00   999998
63   1.9999999950e-06   0.0000000000e+00   999998
64   3.9509532508e-04   1.7923233099e-04   999743
65   2.0000022687e-06   1.1114414077e-11   999998
66   3.0000001061e-06   1.2345680982e-19   999997
67   3.0000001061e-06   0.0000000000e+00   999997
68   2.0000004497e-06   2.1403404223e-12   999998
69   1.9999999950e-06   0.0000000000e+00   999998
70   1.9999999950e-06   0.0000000000e+00   999998
71   1.9999999950e-06   0.0000000000e+00   999998
72   1.9999999950e-06   2.6708236317e-13   999998
73   1.9999999950e-06   0.0000000000e+00   999998
74   1.9999999950e-06   0.0000000000e+00   999998
75   1.9999999950e-06   0.0000000000e+00   999998
76   1.9999999950e-06   0.0000000000e+00   999998
77   1.9999999950e-06   0.0000000000e+00   999998
78   1.9999999950e-06   0.0000000000e+00   999998
79   1.9999999950e-06   0.0000000000e+00   999998
80   2.0000047698e-06   1.5104273735e-11   999998
81   1.9999999950e-06   0.0000000000e+00   999998
82   1.9999999950e-06   0.0000000000e+00   999998
83   1.9999999950e-06   0.0000000000e+00   999998
84   1.9999999950e-06   0.0000000000e+00   999998
85   1.9999999950e-06   0.0000000000e+00   999998
86   1.9999999950e-06   0.0000000000e+00   999998
87   1.9999999950e-06   0.0000000000e+00   999998
88   1.9999999950e-06   0.0000000000e+00   999998
89   1.9999999950e-06   0.0000000000e+00   999998
90   1.9999999950e-06   0.0000000000e+00   999998
91   1.9999999950e-06   0.0000000000e+00   999998
92   1.9999999950e-06   0.0000000000e+00   999998
93   1.9999999950e-06   0.0000000000e+00   999998
94   1.9999999950e-06   0.0000000000e+00   999998
95   1.9999999950e-06   0.0000000000e+00   999998
96   1.9999999950e-06   0.0000000000e+00   999998
97   1.9999999950e-06   0.0000000000e+00   999998
98   1.9999999950e-06   0.0000000000e+00   999998
99   1.9999999950e-06   0.0000000000e+00   999998
100   1.9999999950e-06   0.0000000000e+00   999998
101   1.9999999950e-06   0.0000000000e+00   999998
102   1.9999999950e-06   0.0000000000e+00   999998
103   1.9999999950e-06   0.0000000000e+00   999998
104   1.9999999950e-06   0.0000000000e+00   999998
105   1.9999999950e-06   0.0000000000e+00   999998
106   1.9999999950e-06   0.0000000000e+00   999998
107   1.9999999950e-06   0.0000000000e+00   999998
108   1.9999999950e-06   0.0000000000e+00   999998
109   1.9999999950e-06   0.0000000000e+00   999998
110   1.9999999950e-06   0.0000000000e+00   999998
111   1.9999999950e-06   0.0000000000e+00   999998
112   1.9999999950e-06   0.0000000000e+00   999998
113   1.9999999950e-06   0.0000000000e+00   999998
114   1.9999999950e-06   0.0000000000e+00   999998
115   1.9999999950e-06   0.0000000000e+00   999998
116   1.9999999950e-06   0.0000000000e+00   999998
117   1.9999999950e-06   0.0000000000e+00   999998
118   1.9999999950e-06   0.0000000000e+00   999998
119   1.9999999950e-06   0.0000000000e+00   999998
120   1.9999999950e-06   0.0000000000e+00   999999
121   1.9999999950e-06   0.0000000000e+00   999998
122   1.9999999950e-06   0.0000000000e+00   999998
123   1.9999999950e-06   0.0000000000e+00   999998
124   1.9999999950e-06   0.0000000000e+00   999998
125   1.9999999950e-06   0.0000000000e+00   999998
126   1.9999999950e-06   0.0000000000e+00   999998
127   1.9999999950e-06   0.0000000000e+00   999998
128   1.9211630570e-04   8.6839201686e-05   999876
129   4.0000008994e-06   5.3342621119e-12   999996
130   3.9999999899e-06   8.4952406438e-13   999996
131   3.9999999899e-06   0.0000000000e+00   999996
132   4.0000031731e-06   1.1586054165e-11   999996
133   3.9999999899e-06   0.0000000000e+00   999996
134   3.9999999899e-06   0.0000000000e+00   999996
135   3.9999999899e-06   0.0000000000e+00   999996
136   3.9999999899e-06   0.0000000000e+00   999996
137   3.9999999899e-06   0.0000000000e+00   999996
138   3.9999999899e-06   0.0000000000e+00   999997
139   3.9999999899e-06   0.0000000000e+00   999996
140   3.9999999899e-06   0.0000000000e+00   999996
141   3.9999999899e-06   0.0000000000e+00   999996
142   3.9999999899e-06   0.0000000000e+00   999996
143   3.9999999899e-06   0.0000000000e+00   999996
144   3.9999999899e-06   0.0000000000e+00   999996
145   3.9999999899e-06   0.0000000000e+00   999996
146   3.9999999899e-06   0.0000000000e+00   999996
147   3.9999999899e-06   0.0000000000e+00   999996
148   3.9999999899e-06   0.0000000000e+00   999996
149   3.9999999899e-06   0.0000000000e+00   999996
150   3.9999999899e-06   0.0000000000e+00   999996
151   3.9999999899e-06   0.0000000000e+00   999996
152   3.9999999899e-06   0.0000000000e+00   999996
153   3.9999999899e-06   0.0000000000e+00   999996
154   3.9999999899e-06   0.0000000000e+00   999996
155   3.9999999899e-06   0.0000000000e+00   999996
156   3.9999999899e-06   0.0000000000e+00   999996
157   3.9999999899e-06   0.0000000000e+00   999997
158   3.9999999899e-06   0.0000000000e+00   999996
159   3.9999999899e-06   0.0000000000e+00   999996
160   3.9999999899e-06   0.0000000000e+00   999996
161   3.9999999899e-06   0.0000000000e+00   999996
162   3.9999999899e-06   0.0000000000e+00   999996
163   3.9999999899e-06   0.0000000000e+00   999996
164   3.9999999899e-06   0.0000000000e+00   999996
165   3.9999999899e-06   0.0000000000e+00   999996
166   3.9999999899e-06   0.0000000000e+00   999996
167   3.9999999899e-06   0.0000000000e+00   999996
168   3.9999999899e-06   0.0000000000e+00   999996
169   3.9999999899e-06   0.0000000000e+00   999996
170   3.9999999899e-06   0.0000000000e+00   999996
171   3.9999999899e-06   0.0000000000e+00   999996
172   3.9999999899e-06   0.0000000000e+00   999996
173   3.9999999899e-06   0.0000000000e+00   999997
174   3.9999999899e-06   0.0000000000e+00   999996
175   3.9999999899e-06   0.0000000000e+00   999996
176   3.9999999899e-06   0.0000000000e+00   999996
177   3.9999999899e-06   0.0000000000e+00   999996
178   3.9999999899e-06   0.0000000000e+00   999996
179   3.9999999899e-06   0.0000000000e+00   999996
180   3.9999999899e-06   0.0000000000e+00   999996
181   3.9999999899e-06   0.0000000000e+00   999996
182   3.9999999899e-06   0.0000000000e+00   999996
183   3.9999999899e-06   0.0000000000e+00   999996
184   3.9999999899e-06   0.0000000000e+00   999996
185   3.9999999899e-06   0.0000000000e+00   999996
186   3.9999999899e-06   0.0000000000e+00   999996
187   3.9999999899e-06   0.0000000000e+00   999996
188   3.9999999899e-06   0.0000000000e+00   999996
189   3.9999999899e-06   0.0000000000e+00   999996
190   3.9999999899e-06   0.0000000000e+00   999996
191   3.9999999899e-06   0.0000000000e+00   999996
192   3.9999999899e-06   0.0000000000e+00   999996
193   3.9999999899e-06   0.0000000000e+00   999996
194   3.9999999899e-06   0.0000000000e+00   999996
195   3.9999999899e-06   0.0000000000e+00   999996
196   3.9999999899e-06   0.0000000000e+00   999997
197   3.9999999899e-06   0.0000000000e+00   999996
198   3.9999999899e-06   0.0000000000e+00   999996
199   3.9999999899e-06   0.0000000000e+00   999996
200   3.9999999899e-06   0.0000000000e+00   999997
201   3.9999999899e-06   0.0000000000e+00   999997
202   3.9999999899e-06   0.0000000000e+00   999996
203   3.9999999899e-06   0.0000000000e+00   999996
204   3.9999999899e-06   0.0000000000e+00   999996
205   3.9999999899e-06   0.0000000000e+00   999996
206   3.9999999899e-06   0.0000000000e+00   999996
207   3.9999999899e-06   0.0000000000e+00   999996
208   3.9999999899e-06   0.0000000000e+00   999996
209   3.9999999899e-06   0.0000000000e+00   999996
210   3.9999999899e-06   0.0000000000e+00   999996
211   3.9999999899e-06   0.0000000000e+00   999996
212   3.9999999899e-06   0.0000000000e+00   999996
213   3.9999999899e-06   0.0000000000e+00   999996
214   3.9999999899e-06   0.0000000000e+00   999996
215   3.9999999899e-06   0.0000000000e+00   999996
216   3.9999999899e-06   0.0000000000e+00   999996
217   3.9999999899e-06   0.0000000000e+00   999996
218   3.9999999899e-06   0.0000000000e+00   999996
219   3.9999999899e-06   0.0000000000e+00   999997
220   3.9999999899e-06   0.0000000000e+00   999996
221   3.9999999899e-06   0.0000000000e+00   999996
222   3.9999999899e-06   0.0000000000e+00   999996
223   3.9999999899e-06   0.0000000000e+00   999996
224   3.9999999899e-06   0.0000000000e+00   999996
225   3.9999999899e-06   0.0000000000e+00   999996
226   3.9999999899e-06   0.0000000000e+00   999996
227   3.9999999899e-06   0.0000000000e+00   999996
228   3.9999999899e-06   0.0000000000e+00   999996
229   3.9999999899e-06   0.0000000000e+00   999997
230   3.9999999899e-06   0.0000000000e+00   999996
231   3.9999999899e-06   0.0000000000e+00   999996
232   3.9999999899e-06   0.0000000000e+00   999996
233   3.9999999899e-06   0.0000000000e+00   999996
234   3.9999999899e-06   0.0000000000e+00   999996
235   3.9999999899e-06   0.0000000000e+00   999997
236   3.9999999899e-06   0.0000000000e+00   999996
237   3.9999999899e-06   0.0000000000e+00   999996
238   3.9999999899e-06   0.0000000000e+00   999996
239   3.9999999899e-06   0.0000000000e+00   999996
240   3.9999999899e-06   0.0000000000e+00   999996
241   3.9999999899e-06   0.0000000000e+00   999996
242   3.9999999899e-06   0.0000000000e+00   999996
243   3.9999999899e-06   0.0000000000e+00   999996
244   3.9999999899e-06   0.0000000000e+00   999996
245   3.9999999899e-06   0.0000000000e+00   999996
246   3.9999999899e-06   0.0000000000e+00   999996
247   3.9999999899e-06   0.0000000000e+00   999996
248   3.9999999899e-06   0.0000000000e+00   999996
249   3.9999999899e-06   0.0000000000e+00   999996
250   3.9999999899e-06   0.0000000000e+00   999996
251   3.9999999899e-06   0.0000000000e+00   999996
252   3.9999999899e-06   0.0000000000e+00   999996
253   3.9999999899e-06   0.0000000000e+00   999996
254   3.9999999899e-06   0.0000000000e+00   999996
255   3.9999999899e-06   0.0000000000e+00   999996
