0   9.8437565565e-01   1.0000000000e+00   15680
1   9.8437565565e-01   1.0000000000e+00   15630
2   9.8437565565e-01   1.0000000000e+00   15761
3   9.8437565565e-01   1.0000000000e+00   15535
4   9.8437565565e-01   1.0000000000e+00   15567
5   9.8437565565e-01   1.0000000000e+00   15398
6   9.8437565565e-01   1.0000000000e+00   15668
7   9.8437565565e-01   1.0000000000e+00   15474
8   9.8437565565e-01   1.0000000000e+00   15643
9   9.8437565565e-01   1.0000000000e+00   15489
10   9.8437565565e-01   1.0000000000e+00   15442
11   9.8437565565e-01   1.0000000000e+00   15559
12   9.8437565565e-01   1.0000000000e+00   15666
13   9.8437565565e-01   1.0000000000e+00   15695
14   9.8437565565e-01   1.0000000000e+00   15838
15   9.8437529802e-01   1.0000000000e+00   15389
16   9.8437565565e-01   1.0000000000e+00   15668
17   9.8437565565e-01   1.0000000000e+00   15452
18   9.8437565565e-01   1.0000000000e+00   15710
19   9.8437565565e-01   1.0000000000e+00   15549
20   9.8437565565e-01   1.0000000000e+00   15631
21   9.8437565565e-01   1.0000000000e+00   15441
22   9.8437565565e-01   1.0000000000e+00   15496
23   9.8437529802e-01   1.0000000000e+00   15628
24   9.8437565565e-01   1.0000000000e+00   15967
25   9.8437565565e-01   1.0000000000e+00   15825
26   9.8437565565e-01   1.0000000000e+00   15610
27   9.8437517881e-01   1.0000000000e+00   15594
28   9.8437565565e-01   1.0000000000e+00   15627
29   9.8437476158e-01   9.9999994040e-01   15863
30   9.8437380791e-01   9.9999988079e-01   15561
31   9.8316693306e-01   9.9244850874e-01   30395
32   9.8437565565e-01   1.0000000000e+00   15663
33   9.8437565565e-01   1.0000000000e+00   15482
34   9.8437565565e-01   1.0000000000e+00   15813
35   9.8437565565e-01   1.0000000000e+00   15681
36   9.8437565565e-01   1.0000000000e+00   15656
37   9.8437565565e-01   1.0000000000e+00   15617
38   9.8437565565e-01   1.0000000000e+00   15851
39   9.8437452316e-01   9.9999988079e-01   15829
40   9.8437565565e-01   1.0000000000e+00   15585
41   9.8437565565e-01   1.0000000000e+00   15694
42   9.8437565565e-01   1.0000000000e+00   15890
43   9.8437333107e-01   9.9999958277e-01   15764
44   9.8437565565e-01   1.0000000000e+00   15668
45   9.8437231779e-01   9.9999743700e-01   15881
46   9.8437058926e-01   9.9999457598e-01   15914
47   9.8143172264e-01   9.8346441984e-01   41214
48   9.8437565565e-01   1.0000000000e+00   15708
49   9.8437565565e-01   1.0000000000e+00   15519
50   9.8437565565e-01   1.0000000000e+00   15519
51   9.8436856270e-01   9.9998760223e-01   16090
52   9.8437565565e-01   1.0000000000e+00   15500
53   9.8436397314e-01   9.9996900558e-01   16291
54   9.8435479403e-01   9.9992364645e-01   16735
55   9.7613948584e-01   9.6210914850e-01   62366
56   9.8437559605e-01   1.0000000000e+00   15566
57   9.8431271315e-01   9.9965697527e-01   17605
58   9.8423540592e-01   9.9920457602e-01   18898
59   9.5800441504e-01   9.1181200743e-01   108206
60   9.8316651583e-01   9.9435639381e-01   26906
61   9.0291792154e-01   8.0867773294e-01   199492
62   7.9809105396e-01   6.5807956457e-01   330317
63   2.1233814955e-01   1.2929110229e-01   848644
64   9.8437565565e-01   1.0000000000e+00   15683
65   9.8437565565e-01   1.0000000000e+00   15596
66   9.8437565565e-01   1.0000000000e+00   15485
67   9.8437565565e-01   1.0000000000e+00   15682
68   9.8437565565e-01   1.0000000000e+00   15678
69   9.8437565565e-01   1.0000000000e+00   15863
70   9.8437565565e-01   1.0000000000e+00   15682
71   9.8435264826e-01   9.9990797043e-01   16414
72   9.8437565565e-01   1.0000000000e+00   15799
73   9.8437565565e-01   1.0000000000e+00   15634
74   9.8437565565e-01   1.0000000000e+00   15708
75   9.8433530331e-01   9.9979573488e-01   17195
76   9.8437559605e-01   1.0000000000e+00   15751
77   9.8429018259e-01   9.9952888489e-01   17956
78   9.8418360949e-01   9.9889516830e-01   19608
79   9.5284903049e-01   8.9656287432e-01   120929
80   9.8437565565e-01   1.0000000000e+00   15619
81   9.8437535763e-01   1.0000000000e+00   15740
82   9.8437535763e-01   1.0000000000e+00   15529
83   9.8411476612e-01   9.9850422144e-01   20350
84   9.8437517881e-01   9.9999988079e-01   15669
85   9.8374283314e-01   9.9670863152e-01   24164
86   9.8277175426e-01   9.9256300926e-01   29687
87   8.8860350847e-01   7.8090655804e-01   221668
88   9.8436880112e-01   9.9997413158e-01   15893
89   9.7992354631e-01   9.8211401701e-01   42015
90   9.7268480062e-01   9.6185302734e-01   63163
91   7.3351013660e-01   5.8661532402e-01   398309
92   9.3445754051e-01   8.7828224897e-01   140463
93   5.0978308916e-01   3.6781528592e-01   606856
94   3.3921802044e-01   2.2180306911e-01   750199
95   1.6494017094e-02   8.7944958359e-03   988815
96   9.8437565565e-01   1.0000000000e+00   15687
97   9.8436802626e-01   9.9997353554e-01   15845
98   9.8436123133e-01   9.9994248152e-01   16078
99   9.7773909569e-01   9.7343623638e-01   51904
100   9.8430263996e-01   9.9961847067e-01   17107
101   9.6655738354e-01   9.4333016872e-01   81526
102   9.3876332045e-01   8.8627243042e-01   133676
103   5.2635592222e-01   3.8048574328e-01   592600
104   9.8299157619e-01   9.9419873953e-01   25712
105   9.0072566271e-01   8.1676828861e-01   194850
106   8.0978381634e-01   6.8925547600e-01   308298
107   2.4796223640e-01   1.6077110171e-01   818905
108   6.3345497847e-01   4.8095348477e-01   495450
109   9.9115937948e-02   5.8765619993e-02   930562
110   5.1655940711e-02   2.8828334063e-02   964632
111   2.0646878693e-04   1.0330088844e-04   999860
112   9.6257251501e-01   9.3573963642e-01   86779
113   6.4871251583e-01   4.9839830399e-01   480766
114   4.7145405412e-01   3.3037370443e-01   641196
115   4.0951393545e-02   2.3132467642e-02   971845
116   2.8819942474e-01   1.8037778139e-01   791890
117   1.0239856318e-02   5.4041775875e-03   993144
118   4.9073998816e-03   2.5208510924e-03   996772
119   9.8622683709e-07   8.0930118429e-07   1000000
120   1.5394540131e-01   8.7714262307e-02   893634
121   1.9816183485e-03   9.8224426620e-04   998673
122   9.0507610003e-04   4.6035752166e-04   999433
123   9.1373922317e-11   2.8799931884e-10   1000000
124   4.6122333151e-04   2.1887637558e-04   999689
125   6.8843361567e-11   1.7741505487e-10   1000000
126   9.1791149334e-12   2.9853935296e-11   1000000
127   0.0000000000e+00   0.0000000000e+00   1000000
128   9.8437565565e-01   1.0000000000e+00   15643
129   9.8437565565e-01   1.0000000000e+00   15585
130   9.8437565565e-01   1.0000000000e+00   15699
131   9.8437303305e-01   9.9999725819e-01   15665
132   9.8437565565e-01   1.0000000000e+00   15749
133   9.8437243700e-01   9.9999475479e-01   15964
134   9.8437047005e-01   9.9998772144e-01   15884
135   9.8103052378e-01   9.8362922668e-01   40686
136   9.8437565565e-01   1.0000000000e+00   15705
137   9.8436236382e-01   9.9995380640e-01   16184
138   9.8435330391e-01   9.9989771843e-01   16358
139   9.7534352541e-01   9.6409362555e-01   61434
140   9.8423177004e-01   9.9926131964e-01   17919
141   9.5859968662e-01   9.2199426889e-01   101477
142   9.1792172194e-01   8.4472256899e-01   170296
143   4.4590294361e-01   3.0799010396e-01   662847
144   9.8437529802e-01   9.9999994040e-01   15692
145   9.8408734798e-01   9.9849253893e-01   19708
146   9.8367607594e-01   9.9671274424e-01   23062
147   9.2460829020e-01   8.5144734383e-01   163847
148   9.8017179966e-01   9.8474848270e-01   38109
149   8.3676820993e-01   7.2195988894e-01   279323
150   7.0756238699e-01   5.6518197060e-01   420207
151   1.4801988006e-01   9.0812109411e-02   894546
152   9.5274192095e-01   9.1557568312e-01   105332
153   5.9522074461e-01   4.4878107309e-01   529127
154   4.2143893242e-01   2.9062917829e-01   682066
155   3.1239423901e-02   1.7410552129e-02   978514
156   2.5442871451e-01   1.5811739862e-01   816917
157   7.7822748572e-03   4.0653245524e-03   994790
158   3.7534751464e-03   1.9201854011e-03   997536
159   3.2848174669e-07   2.9631721077e-07   1000000
160   9.8434442282e-01   9.9984252453e-01   16273
161   9.7335183620e-01   9.6135044098e-01   62814
162   9.5557236671e-01   9.2059552670e-01   100669
163   6.0721981525e-01   4.5763742924e-01   519394
164   8.8591718674e-01   7.9492259026e-01   213131
165   3.7122297287e-01   2.5368267298e-01   721606
166   2.3003150523e-01   1.4448545873e-01   834324
167   6.5337517299e-03   3.5039386712e-03   995593
168   7.1465635300e-01   5.6086307764e-01   418513
169   1.4335681498e-01   8.6545139551e-02   898721
170   7.5756900012e-02   4.2841792107e-02   947987
171   4.9288629089e-04   2.4079509603e-04   999668
172   3.7900500000e-02   2.0434135571e-02   974452
173   9.4499817351e-05   4.6290504542e-05   999942
174   5.4664425988e-05   2.5780818760e-05   999964
175   0.0000000000e+00   2.3545548700e-15   1000000
176   4.7351625562e-01   3.1736743450e-01   646246
177   3.5266876221e-02   1.9128974527e-02   976132
178   1.6786510125e-02   8.7840817869e-03   988857
179   1.9819242880e-05   7.6854812505e-06   999984
180   8.0266082659e-03   4.0513374843e-03   994717
181   2.8859296890e-06   1.3789347122e-06   999998
182   1.5311181869e-06   4.8384123374e-07   999999
183   0.0000000000e+00   0.0000000000e+00   1000000
184   3.8872989826e-03   1.9341347506e-03   997472
185   4.5711308871e-07   2.9423688375e-07   1000000
186   9.3747374308e-08   1.0919462312e-07   1000000
187   0.0000000000e+00   0.0000000000e+00   1000000
188   2.1724891042e-07   1.3731454374e-07   1000000
189   0.0000000000e+00   0.0000000000e+00   1000000
190   0.0000000000e+00   0.0000000000e+00   1000000
191   0.0000000000e+00   0.0000000000e+00   1000000
192   9.7981101274e-01   9.8142164946e-01   41483
193   8.2065922022e-01   6.8813401461e-01   304271
194   6.7080509663e-01   5.1561456919e-01   461762
195   1.1648321152e-01   6.9141373038e-02   917955
196   4.5565417409e-01   3.0755755305e-01   659371
197   3.3734060824e-02   1.8485845998e-02   977185
198   1.6274908558e-02   8.6059365422e-03   989163
199   1.3709277482e-05   6.8308363552e-06   999993
200   2.5727152824e-01   1.5302158892e-01   818941
201   6.6795079038e-03   3.3872311469e-03   995536
202   3.1099170446e-03   1.5589544782e-03   997992
203   1.0863965372e-07   1.4408831817e-07   1000000
204   1.5020112041e-03   7.4211118044e-04   999006
205   1.0011956419e-06   2.9708369098e-09   999999
206   1.0007316860e-06   1.7713838174e-09   999999
207   9.9999999748e-07   0.0000000000e+00   999999
208   1.3045004010e-01   7.0875212550e-02   911391
209   1.1652022367e-03   5.6072196458e-04   999230
210   5.1831064047e-04   2.5604828261e-04   999666
211   2.1755694468e-11   6.8929646713e-11   1000000
212   2.4159568420e-04   1.2364127906e-04   999854
213   1.7285347416e-12   3.1834423986e-11   1000000
214   5.9604644625e-14   2.5275048439e-13   1000000
215   0.0000000000e+00   0.0000000000e+00   1000000
216   1.1970879132e-04   5.8516990975e-05   999923
217   0.0000000000e+00   1.7249050766e-13   1000000
218   0.0000000000e+00   7.4014885287e-21   1000000
219   0.0000000000e+00   0.0000000000e+00   1000000
220   0.0000000000e+00   0.0000000000e+00   1000000
221   0.0000000000e+00   0.0000000000e+00   1000000
222   0.0000000000e+00   0.0000000000e+00   1000000
223   0.0000000000e+00   0.0000000000e+00   1000000
224   6.3479892910e-02   3.2717708498e-02   957715
225   1.8841169367e-04   9.2945992947e-05   999882
226   9.5563293144e-05   4.4024243834e-05   999935
227   1.0000005659e-06   2.2766994453e-12   999999
228   3.9500682760e-05   2.1733447284e-05   999981
229   0.0000000000e+00   5.7091884117e-16   1000000
230   0.0000000000e+00   0.0000000000e+00   1000000
231   0.0000000000e+00   0.0000000000e+00   1000000
232   1.5414178051e-05   9.5235973276e-06   999992
233   0.0000000000e+00   3.2696163287e-17   1000000
234   0.0000000000e+00   0.0000000000e+00   1000000
235   0.0000000000e+00   0.0000000000e+00   1000000
236   0.0000000000e+00   0.0000000000e+00   1000000
237   0.0000000000e+00   0.0000000000e+00   1000000
238   0.0000000000e+00   0.0000000000e+00   1000000
239   0.0000000000e+00   0.0000000000e+00   1000000
240   7.6202677519e-06   4.9577729442e-06   999999
241   0.0000000000e+00   3.1604199265e-18   1000000
242   0.0000000000e+00   0.0000000000e+00   1000000
243   0.0000000000e+00   0.0000000000e+00   1000000
244   0.0000000000e+00   0.0000000000e+00   1000000
245   0.0000000000e+00   0.0000000000e+00   1000000
246   0.0000000000e+00   0.0000000000e+00   1000000
247   0.0000000000e+00   0.0000000000e+00   1000000
248   0.0000000000e+00   0.0000000000e+00   1000000
249   0.0000000000e+00   0.0000000000e+00   1000000
250   0.0000000000e+00   0.0000000000e+00   1000000
251   0.0000000000e+00   0.0000000000e+00   1000000
252   0.0000000000e+00   0.0000000000e+00   1000000
253   0.0000000000e+00   0.0000000000e+00   1000000
254   0.0000000000e+00   0.0000000000e+00   1000000
255   0.0000000000e+00   0.0000000000e+00   1000000
256   9.8437565565e-01   1.0000000000e+00   15559
257   9.8437315226e-01   9.9999761581e-01   15688
258   9.8437231779e-01   9.9999558926e-01   15574
259   9.8214137554e-01   9.8829233646e-01   34996
260   9.8436290026e-01   9.9994862080e-01   15993
261   9.7800523043e-01   9.7333836555e-01   51790
262   9.6587002277e-01   9.4087624550e-01   83357
263   6.6264635324e-01   5.0071871281e-01   472097
264   9.8399966955e-01   9.9814498425e-01   20353
265   9.4135749340e-01   8.8526356220e-01   133777
266   8.8152688742e-01   7.8629833460e-01   221786
267   3.5769915581e-01   2.4083684385e-01   733693
268   7.3168134689e-01   5.8255773783e-01   399124
269   1.5836781263e-01   9.6486352384e-02   887914
270   8.4281951189e-02   4.7837387770e-02   941932
271   5.7839578949e-04   2.9028247809e-04   999620
272   9.7272318602e-01   9.6007823944e-01   63050
273   7.2819328308e-01   5.7913166285e-01   404658
274   5.5489325523e-01   4.0238273144e-01   569051
275   6.4438492060e-02   3.7022154778e-02   955473
276   3.5214695334e-01   2.2614771128e-01   742969
277   1.6806371510e-02   8.9891189709e-03   988687
278   8.0405818298e-03   4.1701938026e-03   994702
279   3.6920966977e-06   2.0055783807e-06   999998
280   1.9113624096e-01   1.1026638746e-01   866905
281   3.2306439243e-03   1.6178307123e-03   997862
282   1.5572811244e-03   7.5862585800e-04   998945
283   4.9741267105e-08   5.5175302549e-08   1000000
284   7.2184065357e-04   3.5917281639e-04   999545
285   1.8835068227e-10   4.9808696057e-10   1000000
286   5.8985949458e-09   9.4636707360e-09   1000000
287   0.0000000000e+00   0.0000000000e+00   1000000
288   8.6765146255e-01   7.4427676201e-01   250809
289   2.9955351353e-01   1.9040419161e-01   782468
290   1.6570292413e-01   9.6241600811e-02   884440
291   2.4828421883e-03   1.2691376032e-03   998391
292   8.1294603646e-02   4.3671388179e-02   944929
293   4.3257797370e-04   2.0167671028e-04   999695
294   2.1744836704e-04   1.0269084305e-04   999848
295   -7.1525576260e-13   1.6213045446e-12   1000000
296   3.7812050432e-02   1.9392659888e-02   975168
297   6.3631618104e-05   3.2705072954e-05   999964
298   4.0629325667e-05   1.7685699277e-05   999975
299   0.0000000000e+00   1.5795282465e-16   1000000
300   2.0361379939e-05   9.2546051746e-06   999988
301   0.0000000000e+00   7.0585753580e-18   1000000
302   9.9999999748e-07   0.0000000000e+00   999999
303   9.9999999748e-07   0.0000000000e+00   999999
304   1.7881214619e-02   8.8676847517e-03   988245
305   1.4603459931e-05   6.0418919929e-06   999990
306   7.1316803769e-06   3.3201677070e-06   999996
307   0.0000000000e+00   4.9960047973e-22   1000000
308   3.0510982469e-06   1.3280965732e-06   999997
309   0.0000000000e+00   0.0000000000e+00   1000000
310   0.0000000000e+00   0.0000000000e+00   1000000
311   0.0000000000e+00   0.0000000000e+00   1000000
312   1.0823835055e-06   7.1362586596e-07   1000000
313   0.0000000000e+00   0.0000000000e+00   1000000
314   0.0000000000e+00   0.0000000000e+00   1000000
315   0.0000000000e+00   0.0000000000e+00   1000000
316   0.0000000000e+00   0.0000000000e+00   1000000
317   0.0000000000e+00   0.0000000000e+00   1000000
318   0.0000000000e+00   0.0000000000e+00   1000000
319   0.0000000000e+00   0.0000000000e+00   1000000
320   6.0144925117e-01   4.1141369939e-01   542809
321   6.0070753098e-02   3.2457094640e-02   959340
322   2.6838360354e-02   1.3675934635e-02   982215
323   4.0094266296e-05   1.7115517039e-05   999970
324   1.1846750043e-02   5.8447611518e-03   992217
325   5.4463362176e-06   2.6796376460e-06   999997
326   4.2712244976e-06   1.5275510350e-06   999997
327   0.0000000000e+00   0.0000000000e+00   1000000
328   5.3238817491e-03   2.5626146235e-03   996550
329   2.5974978257e-07   2.9099987842e-07   1000000
330   4.4896603413e-07   3.5134544873e-07   1000000
331   0.0000000000e+00   0.0000000000e+00   1000000
332   3.8343424080e-07   1.7526564022e-07   1000000
333   0.0000000000e+00   0.0000000000e+00   1000000
334   0.0000000000e+00   0.0000000000e+00   1000000
335   0.0000000000e+00   0.0000000000e+00   1000000
336   2.5063487701e-03   1.2200118508e-03   998407
337   2.0213751668e-06   3.4527413817e-08   999998
338   2.0144541395e-06   2.3296699680e-08   999998
339   1.9999999950e-06   0.0000000000e+00   999998
340   2.0000672976e-06   2.4990340353e-10   999998
341   1.9999999950e-06   0.0000000000e+00   999998
342   1.9999999950e-06   0.0000000000e+00   999998
343   1.9999999950e-06   0.0000000000e+00   999998
344   2.0003515147e-06   9.4926400074e-10   999998
345   1.9999999950e-06   0.0000000000e+00   999998
346   1.9999999950e-06   0.0000000000e+00   999998
347   1.9999999950e-06   0.0000000000e+00   999998
348   1.9999999950e-06   0.0000000000e+00   999998
349   1.9999999950e-06   0.0000000000e+00   999998
350   1.9999999950e-06   0.0000000000e+00   999998
351   1.9999999950e-06   0.0000000000e+00   999998
352   2.5830982486e-04   -1.0706679896e-03   999174
353   1.0137392792e-06   1.8523078182e-08   999999
354   1.0001606370e-06   4.6113468599e-10   999999
355   9.9999999748e-07   0.0000000000e+00   999999
356   1.0000679822e-06   2.0293079717e-10   999999
357   9.9999999748e-07   0.0000000000e+00   999999
358   9.9999999748e-07   0.0000000000e+00   999999
359   9.9999999748e-07   0.0000000000e+00   999999
360   1.0000342172e-06   1.0675652029e-10   999999
361   9.9999999748e-07   0.0000000000e+00   999999
362   9.9999999748e-07   0.0000000000e+00   999999
363   9.9999999748e-07   0.0000000000e+00   999999
364   9.9999999748e-07   0.0000000000e+00   999999
365   9.9999999748e-07   0.0000000000e+00   999999
366   9.9999999748e-07   0.0000000000e+00   999999
367   9.9999999748e-07   0.0000000000e+00   999999
368   1.0000080692e-06   2.5969280545e-11   999999
369   9.9999999748e-07   0.0000000000e+00   999999
370   9.9999999748e-07   0.0000000000e+00   999999
371   9.9999999748e-07   0.0000000000e+00   999999
372   9.9999999748e-07   0.0000000000e+00   999999
373   9.9999999748e-07   0.0000000000e+00   999999
374   9.9999999748e-07   0.0000000000e+00   999999
375   9.9999999748e-07   0.0000000000e+00   999999
376   9.9999999748e-07   0.0000000000e+00   999999
377   9.9999999748e-07   0.0000000000e+00   999999
378   9.9999999748e-07   0.0000000000e+00   999999
379   9.9999999748e-07   0.0000000000e+00   999999
380   9.9999999748e-07   0.0000000000e+00   999999
381   9.9999999748e-07   0.0000000000e+00   999999
382   9.9999999748e-07   0.0000000000e+00   999999
383   9.9999999748e-07   0.0000000000e+00   999999
384   3.3266547322e-01   1.9008308649e-01   767532
385   8.4691643715e-03   4.2228652164e-03   994508
386   3.6022569984e-03   1.7518330133e-03   997724
387   2.5704855489e-07   1.6486157506e-07   1000000
388   1.5917206183e-03   7.5744406786e-04   998987
389   8.1099449289e-07   1.3324390125e-07   999999
390   3.8146971693e-11   2.2789016507e-10   1000000
391   0.0000000000e+00   0.0000000000e+00   1000000
392   7.0758309448e-04   3.3499338315e-04   999553
393   9.4890595381e-11   2.7032254213e-10   1000000
394   9.9539760115e-12   3.6820862331e-11   1000000
395   0.0000000000e+00   0.0000000000e+00   1000000
396   1.3345480276e-10   3.3255115328e-10   1000000
397   0.0000000000e+00   0.0000000000e+00   1000000
398   0.0000000000e+00   0.0000000000e+00   1000000
399   0.0000000000e+00   0.0000000000e+00   1000000
400   3.3893197542e-04   1.6445564688e-04   999784
401   1.0000023849e-06   3.0078765867e-11   999999
402   3.2782554883e-12   1.2184469579e-11   1000000
403   0.0000000000e+00   0.0000000000e+00   1000000
404   0.0000000000e+00   0.0000000000e+00   1000000
405   0.0000000000e+00   0.0000000000e+00   1000000
406   0.0000000000e+00   0.0000000000e+00   1000000
407   0.0000000000e+00   0.0000000000e+00   1000000
408   1.0000006796e-06   2.6549756317e-12   999999
409   9.9999999748e-07   0.0000000000e+00   999999
410   9.9999999748e-07   0.0000000000e+00   999999
411   9.9999999748e-07   0.0000000000e+00   999999
412   9.9999999748e-07   0.0000000000e+00   999999
413   9.9999999748e-07   0.0000000000e+00   999999
414   9.9999999748e-07   0.0000000000e+00   999999
415   9.9999999748e-07   0.0000000000e+00   999999
416   1.7996608221e-04   7.6964293839e-05   999874
417   1.0000001112e-06   6.6474229550e-13   999999
418   1.0004663409e-06   9.7222940809e-10   999999
419   9.9999999748e-07   0.0000000000e+00   999999
420   1.9999999950e-06   0.0000000000e+00   999998
421   1.9999999950e-06   0.0000000000e+00   999998
422   1.9999999950e-06   0.0000000000e+00   999998
423   1.9999999950e-06   0.0000000000e+00   999998
424   1.9999999950e-06   0.0000000000e+00   999998
425   1.9999999950e-06   0.0000000000e+00   999998
426   1.9999999950e-06   0.0000000000e+00   999998
427   1.9999999950e-06   0.0000000000e+00   999998
428   1.9999999950e-06   0.0000000000e+00   999998
429   1.9999999950e-06   0.0000000000e+00   999998
430   1.9999999950e-06   0.0000000000e+00   999998
431   1.9999999950e-06   0.0000000000e+00   999998
432   1.9999999950e-06   0.0000000000e+00   999998
433   1.9999999950e-06   0.0000000000e+00   999998
434   1.9999999950e-06   0.0000000000e+00   999998
435   1.9999999950e-06   0.0000000000e+00   999998
436   1.9999999950e-06   0.0000000000e+00   999998
437   1.9999999950e-06   0.0000000000e+00   999998
438   1.9999999950e-06   0.0000000000e+00   999998
439   1.9999999950e-06   0.0000000000e+00   999998
440   1.9999999950e-06   0.0000000000e+00   999998
441   1.9999999950e-06   0.0000000000e+00   999998
442   1.9999999950e-06   0.0000000000e+00   999998
443   1.9999999950e-06   0.0000000000e+00   999998
444   1.9999999950e-06   0.0000000000e+00   999998
445   1.9999999950e-06   0.0000000000e+00   999998
446   1.9999999950e-06   0.0000000000e+00   999998
447   1.9999999950e-06   0.0000000000e+00   999998
448   8.9636647317e-05   4.1714156396e-05   999945
449   2.0000002223e-06   6.6177374995e-13   999998
450   1.9999999950e-06   0.0000000000e+00   999998
451   1.9999999950e-06   0.0000000000e+00   999998
452   1.9999999950e-06   0.0000000000e+00   999998
453   1.9999999950e-06   0.0000000000e+00   999998
454   1.9999999950e-06   0.0000000000e+00   999998
455   1.9999999950e-06   0.0000000000e+00   999998
456   1.9999999950e-06   0.0000000000e+00   999998
457   1.9999999950e-06   0.0000000000e+00   999998
458   1.9999999950e-06   0.0000000000e+00   999998
459   1.9999999950e-06   0.0000000000e+00   999998
460   1.9999999950e-06   0.0000000000e+00   999998
461   1.9999999950e-06   0.0000000000e+00   999998
462   1.9999999950e-06   0.0000000000e+00   999998
463   1.9999999950e-06   0.0000000000e+00   999998
464   1.9999999950e-06   0.0000000000e+00   999998
465   1.9999999950e-06   0.0000000000e+00   999998
466   1.9999999950e-06   0.0000000000e+00   999998
467   1.9999999950e-06   0.0000000000e+00   999998
468   1.9999999950e-06   0.0000000000e+00   999999
469   1.9999999950e-06   0.0000000000e+00   999998
470   1.9999999950e-06   0.0000000000e+00   999998
471   1.9999999950e-06   0.0000000000e+00   999998
472   1.9999999950e-06   0.0000000000e+00   999998
473   1.9999999950e-06   0.0000000000e+00   999998
474   1.9999999950e-06   0.0000000000e+00   999998
475   1.9999999950e-06   0.0000000000e+00   999998
476   1.9999999950e-06   0.0000000000e+00   999998
477   1.9999999950e-06   0.0000000000e+00   999998
478   1.9999999950e-06   0.0000000000e+00   999998
479   1.9999999950e-06   0.0000000000e+00   999998
480   1.9999999950e-06   0.0000000000e+00   999998
481   1.9999999950e-06   0.0000000000e+00   999998
482   1.9999999950e-06   0.0000000000e+00   999998
483   1.9999999950e-06   0.0000000000e+00   999998
484   1.9999999950e-06   0.0000000000e+00   999998
485   1.9999999950e-06   0.0000000000e+00   999998
486   1.9999999950e-06   0.0000000000e+00   999998
487   1.9999999950e-06   0.0000000000e+00   999998
488   1.9999999950e-06   0.0000000000e+00   999998
489   1.9999999950e-06   0.0000000000e+00   999998
490   1.9999999950e-06   0.0000000000e+00   999998
491   1.9999999950e-06   0.0000000000e+00   999998
492   1.9999999950e-06   0.0000000000e+00   999998
493   1.9999999950e-06   0.0000000000e+00   999998
494   1.9999999950e-06   0.0000000000e+00   999998
495   1.9999999950e-06   0.0000000000e+00   999998
496   1.9999999950e-06   0.0000000000e+00   999998
497   1.9999999950e-06   0.0000000000e+00   999998
498   1.9999999950e-06   0.0000000000e+00   999998
499   1.9999999950e-06   0.0000000000e+00   999999
500   1.9999999950e-06   0.0000000000e+00   999998
501   1.9999999950e-06   0.0000000000e+00   999998
502   1.9999999950e-06   0.0000000000e+00   999998
503   1.9999999950e-06   0.0000000000e+00   999998
504   1.9999999950e-06   0.0000000000e+00   999998
505   1.9999999950e-06   0.0000000000e+00   999998
506   1.9999999950e-06   0.0000000000e+00   999998
507   1.9999999950e-06   0.0000000000e+00   999999
508   1.9999999950e-06   0.0000000000e+00   999998
509   1.9999999950e-06   0.0000000000e+00   999998
510   1.9999999950e-06   0.0000000000e+00   999998
511   1.9999999950e-06   0.0000000000e+00   999998
