0   9.5462942123e-01   9.0123558044e-01   115224
1   5.5235570669e-01   3.8708102703e-01   579045
2   3.4409174323e-01   2.1529266238e-01   751651
3   1.4282388613e-02   7.4162012897e-03   990502
4   1.7226769030e-01   9.5534197986e-02   882092
5   2.1468296181e-03   1.0500830831e-03   998577
6   1.0098095518e-03   4.8786649131e-04   999344
7   4.9881041519e-08   5.3469719319e-08   1000000
8   7.5650990009e-02   3.8657579571e-02   949877
9   2.7887633769e-04   1.2714351760e-04   999818
10   1.1895151692e-04   5.8514044213e-05   999919
11   0.0000000000e+00   3.3574437853e-14   1000000
12   7.0749178121e-05   3.1377323467e-05   999952
13   1.9133090945e-11   5.4566642871e-11   1000000
14   0.0000000000e+00   0.0000000000e+00   1000000
15   0.0000000000e+00   0.0000000000e+00   1000000
16   3.2618045807e-02   1.5907684341e-02   978645
17   3.9403716073e-05   1.6975727704e-05   999971
18   2.0883204343e-05   8.9477625806e-06   999983
19   0.0000000000e+00   5.7089028028e-17   1000000
20   5.9749340835e-06   3.7817380871e-06   999998
21   0.0000000000e+00   6.3116015898e-19   1000000
22   0.0000000000e+00   0.0000000000e+00   1000000
23   0.0000000000e+00   0.0000000000e+00   1000000
24   3.7798333778e-06   2.1754428872e-06   999998
25   0.0000000000e+00   1.9300549091e-21   1000000
26   0.0000000000e+00   0.0000000000e+00   1000000
27   0.0000000000e+00   0.0000000000e+00   1000000
28   0.0000000000e+00   0.0000000000e+00   1000000
29   0.0000000000e+00   0.0000000000e+00   1000000
30   0.0000000000e+00   0.0000000000e+00   1000000
31   0.0000000000e+00   0.0000000000e+00   1000000
32   1.4554709196e-02   6.8985107355e-03   990460
33   6.0261886574e-06   2.6406362394e-06   999996
34   2.4049813874e-06   1.7359409412e-06   999999
35   0.0000000000e+00   1.7886179700e-20   1000000
36   5.1089473345e-06   1.2955759985e-06   999996
37   9.9999999748e-07   2.1500590623e-20   999999
38   9.9999999748e-07   0.0000000000e+00   999999
39   9.9999999748e-07   0.0000000000e+00   999999
40   4.5878206834e-07   4.2876146722e-07   1000000
41   0.0000000000e+00   0.0000000000e+00   1000000
42   0.0000000000e+00   0.0000000000e+00   1000000
43   0.0000000000e+00   0.0000000000e+00   1000000
44   0.0000000000e+00   0.0000000000e+00   1000000
45   0.0000000000e+00   0.0000000000e+00   1000000
46   0.0000000000e+00   0.0000000000e+00   1000000
47   0.0000000000e+00   0.0000000000e+00   1000000
48   2.8239054473e-07   2.6191023039e-07   1000000
49   0.0000000000e+00   0.0000000000e+00   1000000
50   0.0000000000e+00   0.0000000000e+00   1000000
51   0.0000000000e+00   0.0000000000e+00   1000000
52   0.0000000000e+00   0.0000000000e+00   1000000
53   0.0000000000e+00   0.0000000000e+00   1000000
54   0.0000000000e+00   0.0000000000e+00   1000000
55   0.0000000000e+00   0.0000000000e+00   1000000
56   0.0000000000e+00   0.0000000000e+00   1000000
57   0.0000000000e+00   0.0000000000e+00   1000000
58   0.0000000000e+00   0.0000000000e+00   1000000
59   0.0000000000e+00   0.0000000000e+00   1000000
60   0.0000000000e+00   0.0000000000e+00   1000000
61   0.0000000000e+00   0.0000000000e+00   1000000
62   0.0000000000e+00   0.0000000000e+00   1000000
63   0.0000000000e+00   0.0000000000e+00   1000000
64   6.7809587345e-03   3.2209374476e-03   995660
65   2.9428699690e-06   8.0184111084e-07   999998
66   3.3194862681e-06   4.2955926460e-07   999997
67   1.9999999950e-06   0.0000000000e+00   999998
68   3.2096468203e-06   4.1445503030e-07   999997
69   9.9999999748e-07   0.0000000000e+00   999999
70   9.9999999748e-07   0.0000000000e+00   999999
71   9.9999999748e-07   0.0000000000e+00   999999
72   4.0266008909e-06   3.5784900376e-08   999996
73   3.0000001061e-06   0.0000000000e+00   999997
74   3.0000001061e-06   0.0000000000e+00   999997
75   3.0000001061e-06   0.0000000000e+00   999997
76   3.9999999899e-06   0.0000000000e+00   999996
77   3.9999999899e-06   0.0000000000e+00   999996
78   3.9999999899e-06   0.0000000000e+00   999996
79   3.9999999899e-06   0.0000000000e+00   999996
80   3.0033158964e-06   6.2630687303e-09   999997
81   3.0000001061e-06   0.0000000000e+00   999997
82   3.0000001061e-06   0.0000000000e+00   999997
83   3.0000001061e-06   0.0000000000e+00   999997
84   3.0000001061e-06   0.0000000000e+00   999998
85   3.0000001061e-06   0.0000000000e+00   999997
86   3.0000001061e-06   0.0000000000e+00   999997
87   3.0000001061e-06   0.0000000000e+00   999998
88   3.0000001061e-06   0.0000000000e+00   999997
89   3.0000001061e-06   0.0000000000e+00   999998
90   3.0000001061e-06   0.0000000000e+00   999997
91   3.0000001061e-06   0.0000000000e+00   999997
92   3.0000001061e-06   0.0000000000e+00   999997
93   3.0000001061e-06   0.0000000000e+00   999997
94   3.0000001061e-06   0.0000000000e+00   999997
95   3.0000001061e-06   0.0000000000e+00   999997
96   2.0027089249e-06   5.9291718202e-09   999998
97   9.9999999748e-07   0.0000000000e+00   999999
98   9.9999999748e-07   0.0000000000e+00   999999
99   9.9999999748e-07   0.0000000000e+00   999999
100   9.9999999748e-07   0.0000000000e+00   999999
101   9.9999999748e-07   0.0000000000e+00   999999
102   9.9999999748e-07   0.0000000000e+00   999999
103   9.9999999748e-07   0.0000000000e+00   999999
104   9.9999999748e-07   0.0000000000e+00   999999
105   9.9999999748e-07   0.0000000000e+00   999999
106   9.9999999748e-07   0.0000000000e+00   999999
107   9.9999999748e-07   0.0000000000e+00   999999
108   9.9999999748e-07   0.0000000000e+00   999999
109   9.9999999748e-07   0.0000000000e+00   999999
110   9.9999999748e-07   0.0000000000e+00   999999
111   9.9999999748e-07   0.0000000000e+00   999999
112   9.9999999748e-07   0.0000000000e+00   999999
113   9.9999999748e-07   0.0000000000e+00   999999
114   9.9999999748e-07   0.0000000000e+00   999999
115   9.9999999748e-07   0.0000000000e+00   999999
116   9.9999999748e-07   0.0000000000e+00   999999
117   9.9999999748e-07   0.0000000000e+00   999999
118   9.9999999748e-07   0.0000000000e+00   999999
119   9.9999999748e-07   0.0000000000e+00   999999
120   9.9999999748e-07   0.0000000000e+00   999999
121   9.9999999748e-07   0.0000000000e+00   999999
122   9.9999999748e-07   0.0000000000e+00   999999
123   9.9999999748e-07   0.0000000000e+00   999999
124   9.9999999748e-07   0.0000000000e+00   999999
125   9.9999999748e-07   0.0000000000e+00   999999
126   9.9999999748e-07   0.0000000000e+00   999999
127   9.9999999748e-07   0.0000000000e+00   999999
128   3.2965592109e-03   1.5255466569e-03   997863
129   6.2383132899e-06   2.6739749615e-07   999994
130   7.1288372965e-06   8.7831253381e-08   999993
131   6.0000002122e-06   0.0000000000e+00   999994
132   8.3703034761e-06   1.8387386547e-07   999992
133   7.9999999798e-06   0.0000000000e+00   999992
134   7.9999999798e-06   0.0000000000e+00   999992
135   7.9999999798e-06   0.0000000000e+00   999993
136   5.0015814850e-06   3.1086935248e-09   999995
137   4.9999998737e-06   0.0000000000e+00   999995
138   4.9999998737e-06   0.0000000000e+00   999995
139   4.9999998737e-06   0.0000000000e+00   999995
140   4.9999998737e-06   0.0000000000e+00   999995
141   4.9999998737e-06   0.0000000000e+00   999995
142   4.9999998737e-06   0.0000000000e+00   999996
143   4.9999998737e-06   0.0000000000e+00   999995
144   7.0021792453e-06   4.1434833342e-09   999993
145   7.0000000960e-06   0.0000000000e+00   999994
146   7.0000000960e-06   0.0000000000e+00   999993
147   7.0000000960e-06   0.0000000000e+00   999993
148   7.0000000960e-06   0.0000000000e+00   999993
149   7.0000000960e-06   0.0000000000e+00   999993
150   7.0000000960e-06   0.0000000000e+00   999993
151   7.0000000960e-06   0.0000000000e+00   999994
152   7.0000000960e-06   0.0000000000e+00   999993
153   7.0000000960e-06   0.0000000000e+00   999993
154   7.0000000960e-06   0.0000000000e+00   999993
155   7.0000000960e-06   0.0000000000e+00   999994
156   7.0000000960e-06   0.0000000000e+00   999993
157   7.0000000960e-06   0.0000000000e+00   999993
158   7.0000000960e-06   0.0000000000e+00   999994
159   7.0000000960e-06   0.0000000000e+00   999993
160   6.0003185354e-06   7.5560968593e-10   999994
161   6.0000002122e-06   0.0000000000e+00   999994
162   6.0000002122e-06   0.0000000000e+00   999994
163   6.0000002122e-06   0.0000000000e+00   999994
164   6.0000002122e-06   0.0000000000e+00   999994
165   6.0000002122e-06   0.0000000000e+00   999994
166   6.0000002122e-06   0.0000000000e+00   999994
167   6.0000002122e-06   0.0000000000e+00   999994
168   6.0000002122e-06   0.0000000000e+00   999994
169   6.0000002122e-06   0.0000000000e+00   999994
170   6.0000002122e-06   0.0000000000e+00   999994
171   6.0000002122e-06   0.0000000000e+00   999994
172   6.0000002122e-06   0.0000000000e+00   999994
173   6.0000002122e-06   0.0000000000e+00   999994
174   6.0000002122e-06   0.0000000000e+00   999994
175   6.0000002122e-06   0.0000000000e+00   999994
176   6.0000002122e-06   0.0000000000e+00   999994
177   6.0000002122e-06   0.0000000000e+00   999994
178   6.0000002122e-06   0.0000000000e+00   999994
179   6.0000002122e-06   0.0000000000e+00   999994
180   6.0000002122e-06   0.0000000000e+00   999994
181   6.0000002122e-06   0.0000000000e+00   999994
182   6.0000002122e-06   0.0000000000e+00   999994
183   6.0000002122e-06   0.0000000000e+00   999994
184   6.0000002122e-06   0.0000000000e+00   999994
185   6.0000002122e-06   0.0000000000e+00   999994
186   6.0000002122e-06   0.0000000000e+00   999994
187   6.0000002122e-06   0.0000000000e+00   999994
188   6.0000002122e-06   0.0000000000e+00   999994
189   6.0000002122e-06   0.0000000000e+00   999994
190   6.0000002122e-06   0.0000000000e+00   999994
191   6.0000002122e-06   0.0000000000e+00   999994
192   6.0176066654e-06   2.1340037293e-08   999994
193   6.0000002122e-06   0.0000000000e+00   999994
194   6.0000002122e-06   0.0000000000e+00   999994
195   6.0000002122e-06   0.0000000000e+00   999994
196   6.0000002122e-06   0.0000000000e+00   999994
197   6.0000002122e-06   0.0000000000e+00   999994
198   6.0000002122e-06   0.0000000000e+00   999994
199   6.0000002122e-06   0.0000000000e+00   999994
200   6.0000002122e-06   0.0000000000e+00   999994
201   6.0000002122e-06   0.0000000000e+00   999994
202   6.0000002122e-06   0.0000000000e+00   999994
203   6.0000002122e-06   0.0000000000e+00   999994
204   6.0000002122e-06   0.0000000000e+00   999994
205   6.0000002122e-06   0.0000000000e+00   999994
206   6.0000002122e-06   0.0000000000e+00   999994
207   6.0000002122e-06   0.0000000000e+00   999994
208   6.0000002122e-06   0.0000000000e+00   999994
209   6.0000002122e-06   0.0000000000e+00   999994
210   6.0000002122e-06   0.0000000000e+00   999994
211   6.0000002122e-06   0.0000000000e+00   999994
212   6.0000002122e-06   0.0000000000e+00   999994
213   6.0000002122e-06   0.0000000000e+00   999995
214   6.0000002122e-06   0.0000000000e+00   999994
215   6.0000002122e-06   0.0000000000e+00   999994
216   6.0000002122e-06   0.0000000000e+00   999994
217   6.0000002122e-06   0.0000000000e+00   999994
218   6.0000002122e-06   0.0000000000e+00   999995
219   6.0000002122e-06   0.0000000000e+00   999995
220   6.0000002122e-06   0.0000000000e+00   999994
221   6.0000002122e-06   0.0000000000e+00   999994
222   6.0000002122e-06   0.0000000000e+00   999994
223   6.0000002122e-06   0.0000000000e+00   999995
224   6.0000002122e-06   0.0000000000e+00   999994
225   6.0000002122e-06   0.0000000000e+00   999994
226   6.0000002122e-06   0.0000000000e+00   999994
227   6.0000002122e-06   0.0000000000e+00   999994
228   6.0000002122e-06   0.0000000000e+00   999994
229   6.0000002122e-06   0.0000000000e+00   999994
230   6.0000002122e-06   0.0000000000e+00   999994
231   6.0000002122e-06   0.0000000000e+00   999994
232   6.0000002122e-06   0.0000000000e+00   999994
233   6.0000002122e-06   0.0000000000e+00   999994
234   6.0000002122e-06   0.0000000000e+00   999994
235   6.0000002122e-06   0.0000000000e+00   999995
236   6.0000002122e-06   0.0000000000e+00   999994
237   6.0000002122e-06   0.0000000000e+00   999994
238   6.0000002122e-06   0.0000000000e+00   999994
239   6.0000002122e-06   0.0000000000e+00   999994
240   6.0000002122e-06   0.0000000000e+00   999994
241   6.0000002122e-06   0.0000000000e+00   999995
242   6.0000002122e-06   0.0000000000e+00   999994
243   6.0000002122e-06   0.0000000000e+00   999994
244   6.0000002122e-06   0.0000000000e+00   999994
245   6.0000002122e-06   0.0000000000e+00   999994
246   6.0000002122e-06   0.0000000000e+00   999994
247   6.0000002122e-06   0.0000000000e+00   999994
248   6.0000002122e-06   0.0000000000e+00   999994
249   6.0000002122e-06   0.0000000000e+00   999994
250   6.0000002122e-06   0.0000000000e+00   999994
251   6.0000002122e-06   0.0000000000e+00   999994
252   6.0000002122e-06   0.0000000000e+00   999994
253   6.0000002122e-06   0.0000000000e+00   999995
254   6.0000002122e-06   0.0000000000e+00   999994
255   6.0000002122e-06   0.0000000000e+00   999994
256   -5.4129343480e-02   -1.4445351064e-01   999008
257   -3.4238085151e-01   -1.0491622686e+00   999990
258   1.0945977010e-05   -2.0260702005e-09   999989
259   1.1000000086e-05   0.0000000000e+00   999989
260   1.1000188351e-05   5.1458487471e-10   999989
261   1.1000000086e-05   0.0000000000e+00   999990
262   1.1000000086e-05   0.0000000000e+00   999989
263   1.1000000086e-05   0.0000000000e+00   999990
264   1.1000117411e-05   3.2397998173e-10   999989
265   1.1000000086e-05   0.0000000000e+00   999990
266   1.1000000086e-05   0.0000000000e+00   999989
267   1.1000000086e-05   0.0000000000e+00   999989
268   1.1000000086e-05   0.0000000000e+00   999989
269   1.1000000086e-05   0.0000000000e+00   999989
270   1.1000000086e-05   0.0000000000e+00   999990
271   1.1000000086e-05   0.0000000000e+00   999989
272   1.1000004633e-05   1.9471188550e-11   999990
273   1.1000000086e-05   0.0000000000e+00   999989
274   1.1000000086e-05   0.0000000000e+00   999989
275   1.1000000086e-05   0.0000000000e+00   999989
276   1.1000000086e-05   0.0000000000e+00   999989
277   1.1000000086e-05   0.0000000000e+00   999989
278   1.1000000086e-05   0.0000000000e+00   999990
279   1.1000000086e-05   0.0000000000e+00   999989
280   1.1000000086e-05   0.0000000000e+00   999989
281   1.1000000086e-05   0.0000000000e+00   999989
282   1.1000000086e-05   0.0000000000e+00   999989
283   1.1000000086e-05   0.0000000000e+00   999989
284   1.1000000086e-05   0.0000000000e+00   999989
285   1.1000000086e-05   0.0000000000e+00   999989
286   1.1000000086e-05   0.0000000000e+00   999989
287   1.1000000086e-05   0.0000000000e+00   999992
288   1.1000024642e-05   7.0708862376e-11   999989
289   1.1000000086e-05   0.0000000000e+00   999990
290   1.1000000086e-05   0.0000000000e+00   999989
291   1.1000000086e-05   0.0000000000e+00   999989
292   1.1000000086e-05   0.0000000000e+00   999989
293   1.1000000086e-05   0.0000000000e+00   999989
294   1.1000000086e-05   0.0000000000e+00   999989
295   1.1000000086e-05   0.0000000000e+00   999989
296   1.1000000086e-05   0.0000000000e+00   999989
297   1.1000000086e-05   0.0000000000e+00   999989
298   1.1000000086e-05   0.0000000000e+00   999989
299   1.1000000086e-05   0.0000000000e+00   999989
300   1.1000000086e-05   0.0000000000e+00   999989
301   1.1000000086e-05   0.0000000000e+00   999989
302   1.1000000086e-05   0.0000000000e+00   999989
303   1.1000000086e-05   0.0000000000e+00   999989
304   1.1000000086e-05   0.0000000000e+00   999990
305   1.1000000086e-05   0.0000000000e+00   999989
306   1.1000000086e-05   0.0000000000e+00   999989
307   1.1000000086e-05   0.0000000000e+00   999989
308   1.1000000086e-05   0.0000000000e+00   999989
309   1.1000000086e-05   0.0000000000e+00   999990
310   1.1000000086e-05   0.0000000000e+00   999989
311   1.1000000086e-05   0.0000000000e+00   999989
312   1.1000000086e-05   0.0000000000e+00   999989
313   1.1000000086e-05   0.0000000000e+00   999989
314   1.1000000086e-05   0.0000000000e+00   999990
315   1.1000000086e-05   0.0000000000e+00   999989
316   1.1000000086e-05   0.0000000000e+00   999989
317   1.1000000086e-05   0.0000000000e+00   999990
318   1.1000000086e-05   0.0000000000e+00   999989
319   1.1000000086e-05   0.0000000000e+00   999989
320   1.1000004633e-05   1.4138814251e-11   999989
321   1.1000000086e-05   0.0000000000e+00   999989
322   1.1000000086e-05   0.0000000000e+00   999990
323   1.1000000086e-05   0.0000000000e+00   999989
324   1.1000000086e-05   0.0000000000e+00   999990
325   1.1000000086e-05   0.0000000000e+00   999989
326   1.1000000086e-05   0.0000000000e+00   999989
327   1.1000000086e-05   0.0000000000e+00   999990
328   1.1000000086e-05   0.0000000000e+00   999990
329   1.1000000086e-05   0.0000000000e+00   999989
330   1.1000000086e-05   0.0000000000e+00   999989
331   1.1000000086e-05   0.0000000000e+00   999989
332   1.1000000086e-05   0.0000000000e+00   999989
333   1.1000000086e-05   0.0000000000e+00   999989
334   1.1000000086e-05   0.0000000000e+00   999989
335   1.1000000086e-05   0.0000000000e+00   999989
336   1.1000000086e-05   0.0000000000e+00   999989
337   1.1000000086e-05   0.0000000000e+00   999989
338   1.1000000086e-05   0.0000000000e+00   999989
339   1.1000000086e-05   0.0000000000e+00   999989
340   1.1000000086e-05   0.0000000000e+00   999989
341   1.1000000086e-05   0.0000000000e+00   999990
342   1.1000000086e-05   0.0000000000e+00   999990
343   1.1000000086e-05   0.0000000000e+00   999989
344   1.1000000086e-05   0.0000000000e+00   999990
345   1.1000000086e-05   0.0000000000e+00   999990
346   1.1000000086e-05   0.0000000000e+00   999989
347   1.1000000086e-05   0.0000000000e+00   999989
348   1.1000000086e-05   0.0000000000e+00   999989
349   1.1000000086e-05   0.0000000000e+00   999989
350   1.1000000086e-05   0.0000000000e+00   999989
351   1.1000000086e-05   0.0000000000e+00   999989
352   1.1000000086e-05   0.0000000000e+00   999989
353   1.1000000086e-05   0.0000000000e+00   999989
354   1.1000000086e-05   0.0000000000e+00   999989
355   1.1000000086e-05   0.0000000000e+00   999989
356   1.1000000086e-05   0.0000000000e+00   999989
357   1.1000000086e-05   0.0000000000e+00   999989
358   1.1000000086e-05   0.0000000000e+00   999989
359   1.1000000086e-05   0.0000000000e+00   999989
360   1.1000000086e-05   0.0000000000e+00   999989
361   1.1000000086e-05   0.0000000000e+00   999989
362   1.1000000086e-05   0.0000000000e+00   999989
363   1.1000000086e-05   0.0000000000e+00   999990
364   1.1000000086e-05   0.0000000000e+00   999989
365   1.1000000086e-05   0.0000000000e+00   999989
366   1.1000000086e-05   0.0000000000e+00   999989
367   1.1000000086e-05   0.0000000000e+00   999989
368   1.1000000086e-05   0.0000000000e+00   999989
369   1.1000000086e-05   0.0000000000e+00   999989
370   1.1000000086e-05   0.0000000000e+00   999989
371   1.1000000086e-05   0.0000000000e+00   999990
372   1.1000000086e-05   0.0000000000e+00   999989
373   1.1000000086e-05   0.0000000000e+00   999989
374   1.1000000086e-05   0.0000000000e+00   999989
375   1.1000000086e-05   0.0000000000e+00   999989
376   1.1000000086e-05   0.0000000000e+00   999989
377   1.1000000086e-05   0.0000000000e+00   999989
378   1.1000000086e-05   0.0000000000e+00   999989
379   1.1000000086e-05   0.0000000000e+00   999989
380   1.1000000086e-05   0.0000000000e+00   999989
381   1.1000000086e-05   0.0000000000e+00   999989
382   1.1000000086e-05   0.0000000000e+00   999990
383   1.1000000086e-05   0.0000000000e+00   999990
384   1.1000000086e-05   0.0000000000e+00   999990
385   1.1000000086e-05   0.0000000000e+00   999990
386   1.1000000086e-05   0.0000000000e+00   999989
387   1.1000000086e-05   0.0000000000e+00   999989
388   1.1000000086e-05   0.0000000000e+00   999989
389   1.1000000086e-05   0.0000000000e+00   999989
390   1.1000000086e-05   0.0000000000e+00   999989
391   1.1000000086e-05   0.0000000000e+00   999989
392   1.1000000086e-05   0.0000000000e+00   999990
393   1.1000000086e-05   0.0000000000e+00   999989
394   1.1000000086e-05   0.0000000000e+00   999989
395   1.1000000086e-05   0.0000000000e+00   999989
396   1.1000000086e-05   0.0000000000e+00   999989
397   1.1000000086e-05   0.0000000000e+00   999989
398   1.1000000086e-05   0.0000000000e+00   999989
399   1.1000000086e-05   0.0000000000e+00   999989
400   1.1000000086e-05   0.0000000000e+00   999989
401   1.1000000086e-05   0.0000000000e+00   999989
402   1.1000000086e-05   0.0000000000e+00   999990
403   1.1000000086e-05   0.0000000000e+00   999989
404   1.1000000086e-05   0.0000000000e+00   999990
405   1.1000000086e-05   0.0000000000e+00   999989
406   1.1000000086e-05   0.0000000000e+00   999989
407   1.1000000086e-05   0.0000000000e+00   999989
408   1.1000000086e-05   0.0000000000e+00   999990
409   1.1000000086e-05   0.0000000000e+00   999989
410   1.1000000086e-05   0.0000000000e+00   999990
411   1.1000000086e-05   0.0000000000e+00   999990
412   1.1000000086e-05   0.0000000000e+00   999989
413   1.1000000086e-05   0.0000000000e+00   999989
414   1.1000000086e-05   0.0000000000e+00   999989
415   1.1000000086e-05   0.0000000000e+00   999989
416   1.1000000086e-05   0.0000000000e+00   999989
417   1.1000000086e-05   0.0000000000e+00   999989
418   1.1000000086e-05   0.0000000000e+00   999989
419   1.1000000086e-05   0.0000000000e+00   999989
420   1.1000000086e-05   0.0000000000e+00   999990
421   1.1000000086e-05   0.0000000000e+00   999989
422   1.1000000086e-05   0.0000000000e+00   999990
423   1.1000000086e-05   0.0000000000e+00   999989
424   1.1000000086e-05   0.0000000000e+00   999989
425   1.1000000086e-05   0.0000000000e+00   999989
426   1.1000000086e-05   0.0000000000e+00   999989
427   1.1000000086e-05   0.0000000000e+00   999989
428   1.1000000086e-05   0.0000000000e+00   999989
429   1.1000000086e-05   0.0000000000e+00   999989
430   1.1000000086e-05   0.0000000000e+00   999989
431   1.1000000086e-05   0.0000000000e+00   999989
432   1.1000000086e-05   0.0000000000e+00   999989
433   1.1000000086e-05   0.0000000000e+00   999989
434   1.1000000086e-05   0.0000000000e+00   999989
435   1.1000000086e-05   0.0000000000e+00   999989
436   1.1000000086e-05   0.0000000000e+00   999990
437   1.1000000086e-05   0.0000000000e+00   999989
438   1.1000000086e-05   0.0000000000e+00   999989
439   1.1000000086e-05   0.0000000000e+00   999990
440   1.1000000086e-05   0.0000000000e+00   999989
441   1.1000000086e-05   0.0000000000e+00   999989
442   1.1000000086e-05   0.0000000000e+00   999990
443   1.1000000086e-05   0.0000000000e+00   999989
444   1.1000000086e-05   0.0000000000e+00   999989
445   1.1000000086e-05   0.0000000000e+00   999989
446   1.1000000086e-05   0.0000000000e+00   999989
447   1.1000000086e-05   0.0000000000e+00   999989
448   1.1000000086e-05   0.0000000000e+00   999989
449   1.1000000086e-05   0.0000000000e+00   999990
450   1.1000000086e-05   0.0000000000e+00   999989
451   1.1000000086e-05   0.0000000000e+00   999989
452   1.1000000086e-05   0.0000000000e+00   999989
453   1.1000000086e-05   0.0000000000e+00   999989
454   1.1000000086e-05   0.0000000000e+00   999990
455   1.1000000086e-05   0.0000000000e+00   999989
456   1.1000000086e-05   0.0000000000e+00   999989
457   1.1000000086e-05   0.0000000000e+00   999989
458   1.1000000086e-05   0.0000000000e+00   999989
459   1.1000000086e-05   0.0000000000e+00   999989
460   1.1000000086e-05   0.0000000000e+00   999989
461   1.1000000086e-05   0.0000000000e+00   999989
462   1.1000000086e-05   0.0000000000e+00   999990
463   1.1000000086e-05   0.0000000000e+00   999990
464   1.1000000086e-05   0.0000000000e+00   999989
465   1.1000000086e-05   0.0000000000e+00   999989
466   1.1000000086e-05   0.0000000000e+00   999990
467   1.1000000086e-05   0.0000000000e+00   999989
468   1.1000000086e-05   0.0000000000e+00   999989
469   1.1000000086e-05   0.0000000000e+00   999989
470   1.1000000086e-05   0.0000000000e+00   999989
471   1.1000000086e-05   0.0000000000e+00   999989
472   1.1000000086e-05   0.0000000000e+00   999989
473   1.1000000086e-05   0.0000000000e+00   999989
474   1.1000000086e-05   0.0000000000e+00   999989
475   1.1000000086e-05   0.0000000000e+00   999989
476   1.1000000086e-05   0.0000000000e+00   999989
477   1.1000000086e-05   0.0000000000e+00   999989
478   1.1000000086e-05   0.0000000000e+00   999989
479   1.1000000086e-05   0.0000000000e+00   999989
480   1.1000000086e-05   0.0000000000e+00   999989
481   1.1000000086e-05   0.0000000000e+00   999989
482   1.1000000086e-05   0.0000000000e+00   999989
483   1.1000000086e-05   0.0000000000e+00   999989
484   1.1000000086e-05   0.0000000000e+00   999989
485   1.1000000086e-05   0.0000000000e+00   999989
486   1.1000000086e-05   0.0000000000e+00   999989
487   1.1000000086e-05   0.0000000000e+00   999989
488   1.1000000086e-05   0.0000000000e+00   999989
489   1.1000000086e-05   0.0000000000e+00   999989
490   1.1000000086e-05   0.0000000000e+00   999989
491   1.1000000086e-05   0.0000000000e+00   999989
492   1.1000000086e-05   0.0000000000e+00   999989
493   1.1000000086e-05   0.0000000000e+00   999989
494   1.1000000086e-05   0.0000000000e+00   999989
495   1.1000000086e-05   0.0000000000e+00   999989
496   1.1000000086e-05   0.0000000000e+00   999990
497   1.1000000086e-05   0.0000000000e+00   999989
498   1.1000000086e-05   0.0000000000e+00   999989
499   1.1000000086e-05   0.0000000000e+00   999989
500   1.1000000086e-05   0.0000000000e+00   999989
501   1.1000000086e-05   0.0000000000e+00   999989
502   1.1000000086e-05   0.0000000000e+00   999989
503   1.1000000086e-05   0.0000000000e+00   999989
504   1.1000000086e-05   0.0000000000e+00   999989
505   1.1000000086e-05   0.0000000000e+00   999989
506   1.1000000086e-05   0.0000000000e+00   999989
507   1.1000000086e-05   0.0000000000e+00   999989
508   1.1000000086e-05   0.0000000000e+00   999990
509   1.1000000086e-05   0.0000000000e+00   999989
510   1.1000000086e-05   0.0000000000e+00   999989
511   1.1000000086e-05   0.0000000000e+00   999989
512   8.0443627667e-04   3.7663814146e-04   999502
513   1.4006557649e-05   1.0637116965e-08   999986
514   1.4000002011e-05   1.3766413356e-11   999986
515   1.4000000192e-05   0.0000000000e+00   999986
516   1.4000026567e-05   7.7372788732e-11   999986
517   1.4000000192e-05   0.0000000000e+00   999986
518   1.4000000192e-05   0.0000000000e+00   999986
519   1.4000000192e-05   0.0000000000e+00   999987
520   1.4000002011e-05   6.8788659664e-12   999986
521   1.4000000192e-05   0.0000000000e+00   999987
522   1.4000000192e-05   0.0000000000e+00   999986
523   1.4000000192e-05   0.0000000000e+00   999986
524   1.4000000192e-05   0.0000000000e+00   999986
525   1.4000000192e-05   0.0000000000e+00   999987
526   1.4000000192e-05   0.0000000000e+00   999986
527   1.4000000192e-05   0.0000000000e+00   999986
528   1.4000002011e-05   6.8711598911e-12   999986
529   1.4000000192e-05   0.0000000000e+00   999986
530   1.4000000192e-05   0.0000000000e+00   999986
531   1.4000000192e-05   0.0000000000e+00   999986
532   1.4000000192e-05   0.0000000000e+00   999986
533   1.4000000192e-05   0.0000000000e+00   999986
534   1.4000000192e-05   0.0000000000e+00   999986
535   1.4000000192e-05   0.0000000000e+00   999986
536   1.4000000192e-05   0.0000000000e+00   999986
537   1.4000000192e-05   0.0000000000e+00   999986
538   1.4000000192e-05   0.0000000000e+00   999986
539   1.4000000192e-05   0.0000000000e+00   999986
540   1.4000000192e-05   0.0000000000e+00   999986
541   1.4000000192e-05   0.0000000000e+00   999986
542   1.4000000192e-05   0.0000000000e+00   999986
543   1.4000000192e-05   0.0000000000e+00   999986
544   1.4999999621e-05   -2.8663777894e-14   999985
545   1.4999999621e-05   0.0000000000e+00   999985
546   1.4999999621e-05   0.0000000000e+00   999985
547   1.4999999621e-05   0.0000000000e+00   999985
548   1.4999999621e-05   0.0000000000e+00   999986
549   1.4999999621e-05   0.0000000000e+00   999985
550   1.4999999621e-05   0.0000000000e+00   999986
551   1.4999999621e-05   0.0000000000e+00   999985
552   1.4999999621e-05   0.0000000000e+00   999986
553   1.4999999621e-05   0.0000000000e+00   999986
554   1.4999999621e-05   0.0000000000e+00   999986
555   1.4999999621e-05   0.0000000000e+00   999985
556   1.4999999621e-05   0.0000000000e+00   999985
557   1.4999999621e-05   0.0000000000e+00   999986
558   1.4999999621e-05   0.0000000000e+00   999985
559   1.4999999621e-05   0.0000000000e+00   999985
560   1.4999999621e-05   0.0000000000e+00   999986
561   1.4999999621e-05   0.0000000000e+00   999985
562   1.4999999621e-05   0.0000000000e+00   999985
563   1.4999999621e-05   0.0000000000e+00   999985
564   1.4999999621e-05   0.0000000000e+00   999985
565   1.4999999621e-05   0.0000000000e+00   999985
566   1.4999999621e-05   0.0000000000e+00   999985
567   1.4999999621e-05   0.0000000000e+00   999985
568   1.4999999621e-05   0.0000000000e+00   999985
569   1.4999999621e-05   0.0000000000e+00   999985
570   1.4999999621e-05   0.0000000000e+00   999985
571   1.4999999621e-05   0.0000000000e+00   999985
572   1.4999999621e-05   0.0000000000e+00   999985
573   1.4999999621e-05   0.0000000000e+00   999985
574   1.4999999621e-05   0.0000000000e+00   999985
575   1.4999999621e-05   0.0000000000e+00   999985
576   1.4000000192e-05   0.0000000000e+00   999986
577   1.4000000192e-05   0.0000000000e+00   999986
578   1.4000000192e-05   0.0000000000e+00   999987
579   1.4000000192e-05   0.0000000000e+00   999986
580   1.4000000192e-05   0.0000000000e+00   999986
581   1.4000000192e-05   0.0000000000e+00   999986
582   1.4000000192e-05   0.0000000000e+00   999986
583   1.4000000192e-05   0.0000000000e+00   999986
584   1.4000000192e-05   0.0000000000e+00   999986
585   1.4000000192e-05   0.0000000000e+00   999987
586   1.4000000192e-05   0.0000000000e+00   999986
587   1.4000000192e-05   0.0000000000e+00   999986
588   1.4000000192e-05   0.0000000000e+00   999986
589   1.4000000192e-05   0.0000000000e+00   999986
590   1.4000000192e-05   0.0000000000e+00   999986
591   1.4000000192e-05   0.0000000000e+00   999986
592   1.4000000192e-05   0.0000000000e+00   999986
593   1.4000000192e-05   0.0000000000e+00   999986
594   1.4000000192e-05   0.0000000000e+00   999986
595   1.4000000192e-05   0.0000000000e+00   999987
596   1.4000000192e-05   0.0000000000e+00   999986
597   1.4000000192e-05   0.0000000000e+00   999987
598   1.4000000192e-05   0.0000000000e+00   999986
599   1.4000000192e-05   0.0000000000e+00   999987
600   1.4000000192e-05   0.0000000000e+00   999986
601   1.4000000192e-05   0.0000000000e+00   999986
602   1.4000000192e-05   0.0000000000e+00   999987
603   1.4000000192e-05   0.0000000000e+00   999986
604   1.4000000192e-05   0.0000000000e+00   999986
605   1.4000000192e-05   0.0000000000e+00   999987
606   1.4000000192e-05   0.0000000000e+00   999986
607   1.4000000192e-05   0.0000000000e+00   999986
608   1.4000000192e-05   0.0000000000e+00   999986
609   1.4000000192e-05   0.0000000000e+00   999988
610   1.4000000192e-05   0.0000000000e+00   999986
611   1.4000000192e-05   0.0000000000e+00   999986
612   1.4000000192e-05   0.0000000000e+00   999988
613   1.4000000192e-05   0.0000000000e+00   999987
614   1.4000000192e-05   0.0000000000e+00   999986
615   1.4000000192e-05   0.0000000000e+00   999986
616   1.4000000192e-05   0.0000000000e+00   999986
617   1.4000000192e-05   0.0000000000e+00   999987
618   1.4000000192e-05   0.0000000000e+00   999986
619   1.4000000192e-05   0.0000000000e+00   999986
620   1.4000000192e-05   0.0000000000e+00   999987
621   1.4000000192e-05   0.0000000000e+00   999986
622   1.4000000192e-05   0.0000000000e+00   999986
623   1.4000000192e-05   0.0000000000e+00   999986
624   1.4000000192e-05   0.0000000000e+00   999986
625   1.4000000192e-05   0.0000000000e+00   999986
626   1.4000000192e-05   0.0000000000e+00   999986
627   1.4000000192e-05   0.0000000000e+00   999986
628   1.4000000192e-05   0.0000000000e+00   999986
629   1.4000000192e-05   0.0000000000e+00   999987
630   1.4000000192e-05   0.0000000000e+00   999986
631   1.4000000192e-05   0.0000000000e+00   999986
632   1.4000000192e-05   0.0000000000e+00   999986
633   1.4000000192e-05   0.0000000000e+00   999987
634   1.4000000192e-05   0.0000000000e+00   999986
635   1.4000000192e-05   0.0000000000e+00   999986
636   1.4000000192e-05   0.0000000000e+00   999987
637   1.4000000192e-05   0.0000000000e+00   999986
638   1.4000000192e-05   0.0000000000e+00   999986
639   1.4000000192e-05   0.0000000000e+00   999986
640   1.4999999621e-05   0.0000000000e+00   999985
641   1.4999999621e-05   0.0000000000e+00   999985
642   1.4999999621e-05   0.0000000000e+00   999985
643   1.4999999621e-05   0.0000000000e+00   999985
644   1.4999999621e-05   0.0000000000e+00   999985
645   1.4999999621e-05   0.0000000000e+00   999985
646   1.4999999621e-05   0.0000000000e+00   999985
647   1.4999999621e-05   0.0000000000e+00   999985
648   1.4999999621e-05   0.0000000000e+00   999985
649   1.4999999621e-05   0.0000000000e+00   999985
650   1.4999999621e-05   0.0000000000e+00   999985
651   1.4999999621e-05   0.0000000000e+00   999985
652   1.4999999621e-05   0.0000000000e+00   999985
653   1.4999999621e-05   0.0000000000e+00   999986
654   1.4999999621e-05   0.0000000000e+00   999985
655   1.4999999621e-05   0.0000000000e+00   999986
656   1.4999999621e-05   0.0000000000e+00   999985
657   1.4999999621e-05   0.0000000000e+00   999985
658   1.4999999621e-05   0.0000000000e+00   999986
659   1.4999999621e-05   0.0000000000e+00   999986
660   1.4999999621e-05   0.0000000000e+00   999985
661   1.4999999621e-05   0.0000000000e+00   999985
662   1.4999999621e-05   0.0000000000e+00   999985
663   1.4999999621e-05   0.0000000000e+00   999985
664   1.4999999621e-05   0.0000000000e+00   999985
665   1.4999999621e-05   0.0000000000e+00   999985
666   1.4999999621e-05   0.0000000000e+00   999985
667   1.4999999621e-05   0.0000000000e+00   999985
668   1.4999999621e-05   0.0000000000e+00   999986
669   1.4999999621e-05   0.0000000000e+00   999985
670   1.4999999621e-05   0.0000000000e+00   999985
671   1.4999999621e-05   0.0000000000e+00   999986
672   1.4999999621e-05   0.0000000000e+00   999986
673   1.4999999621e-05   0.0000000000e+00   999985
674   1.4999999621e-05   0.0000000000e+00   999985
675   1.4999999621e-05   0.0000000000e+00   999985
676   1.4999999621e-05   0.0000000000e+00   999986
677   1.4999999621e-05   0.0000000000e+00   999985
678   1.4999999621e-05   0.0000000000e+00   999986
679   1.4999999621e-05   0.0000000000e+00   999985
680   1.4999999621e-05   0.0000000000e+00   999986
681   1.4999999621e-05   0.0000000000e+00   999985
682   1.4999999621e-05   0.0000000000e+00   999985
683   1.4999999621e-05   0.0000000000e+00   999985
684   1.4999999621e-05   0.0000000000e+00   999985
685   1.4999999621e-05   0.0000000000e+00   999985
686   1.4999999621e-05   0.0000000000e+00   999985
687   1.4999999621e-05   0.0000000000e+00   999986
688   1.4999999621e-05   0.0000000000e+00   999985
689   1.4999999621e-05   0.0000000000e+00   999985
690   1.4999999621e-05   0.0000000000e+00   999985
691   1.4999999621e-05   0.0000000000e+00   999985
692   1.4999999621e-05   0.0000000000e+00   999985
693   1.4999999621e-05   0.0000000000e+00   999985
694   1.4999999621e-05   0.0000000000e+00   999985
695   1.4999999621e-05   0.0000000000e+00   999985
696   1.4999999621e-05   0.0000000000e+00   999985
697   1.4999999621e-05   0.0000000000e+00   999985
698   1.4999999621e-05   0.0000000000e+00   999986
699   1.4999999621e-05   0.0000000000e+00   999985
700   1.4999999621e-05   0.0000000000e+00   999985
701   1.4999999621e-05   0.0000000000e+00   999985
702   1.4999999621e-05   0.0000000000e+00   999985
703   1.4999999621e-05   0.0000000000e+00   999985
704   1.4999999621e-05   0.0000000000e+00   999986
705   1.4999999621e-05   0.0000000000e+00   999985
706   1.4999999621e-05   0.0000000000e+00   999985
707   1.4999999621e-05   0.0000000000e+00   999986
708   1.4999999621e-05   0.0000000000e+00   999985
709   1.4999999621e-05   0.0000000000e+00   999985
710   1.4999999621e-05   0.0000000000e+00   999985
711   1.4999999621e-05   0.0000000000e+00   999985
712   1.4999999621e-05   0.0000000000e+00   999985
713   1.4999999621e-05   0.0000000000e+00   999985
714   1.4999999621e-05   0.0000000000e+00   999985
715   1.4999999621e-05   0.0000000000e+00   999985
716   1.4999999621e-05   0.0000000000e+00   999987
717   1.4999999621e-05   0.0000000000e+00   999985
718   1.4999999621e-05   0.0000000000e+00   999985
719   1.4999999621e-05   0.0000000000e+00   999985
720   1.4999999621e-05   0.0000000000e+00   999986
721   1.4999999621e-05   0.0000000000e+00   999985
722   1.4999999621e-05   0.0000000000e+00   999985
723   1.4999999621e-05   0.0000000000e+00   999985
724   1.4999999621e-05   0.0000000000e+00   999985
725   1.4999999621e-05   0.0000000000e+00   999985
726   1.4999999621e-05   0.0000000000e+00   999985
727   1.4999999621e-05   0.0000000000e+00   999985
728   1.4999999621e-05   0.0000000000e+00   999985
729   1.4999999621e-05   0.0000000000e+00   999985
730   1.4999999621e-05   0.0000000000e+00   999985
731   1.4999999621e-05   0.0000000000e+00   999985
732   1.4999999621e-05   0.0000000000e+00   999985
733   1.4999999621e-05   0.0000000000e+00   999986
734   1.4999999621e-05   0.0000000000e+00   999985
735   1.4999999621e-05   0.0000000000e+00   999985
736   1.4999999621e-05   0.0000000000e+00   999986
737   1.4999999621e-05   0.0000000000e+00   999986
738   1.4999999621e-05   0.0000000000e+00   999985
739   1.4999999621e-05   0.0000000000e+00   999986
740   1.4999999621e-05   0.0000000000e+00   999985
741   1.4999999621e-05   0.0000000000e+00   999985
742   1.4999999621e-05   0.0000000000e+00   999986
743   1.4999999621e-05   0.0000000000e+00   999985
744   1.4999999621e-05   0.0000000000e+00   999985
745   1.4999999621e-05   0.0000000000e+00   999985
746   1.4999999621e-05   0.0000000000e+00   999985
747   1.4999999621e-05   0.0000000000e+00   999986
748   1.4999999621e-05   0.0000000000e+00   999985
749   1.4999999621e-05   0.0000000000e+00   999986
750   1.4999999621e-05   0.0000000000e+00   999985
751   1.4999999621e-05   0.0000000000e+00   999985
752   1.4999999621e-05   0.0000000000e+00   999986
753   1.4999999621e-05   0.0000000000e+00   999986
754   1.4999999621e-05   0.0000000000e+00   999985
755   1.4999999621e-05   0.0000000000e+00   999985
756   1.4999999621e-05   0.0000000000e+00   999985
757   1.4999999621e-05   0.0000000000e+00   999985
758   1.4999999621e-05   0.0000000000e+00   999985
759   1.4999999621e-05   0.0000000000e+00   999985
760   1.4999999621e-05   0.0000000000e+00   999985
761   1.4999999621e-05   0.0000000000e+00   999985
762   1.4999999621e-05   0.0000000000e+00   999985
763   1.4999999621e-05   0.0000000000e+00   999985
764   1.4999999621e-05   0.0000000000e+00   999985
765   1.4999999621e-05   0.0000000000e+00   999985
766   1.4999999621e-05   0.0000000000e+00   999985
767   1.4999999621e-05   0.0000000000e+00   999985
768   1.4999999621e-05   0.0000000000e+00   999985
769   1.4999999621e-05   0.0000000000e+00   999985
770   1.4999999621e-05   0.0000000000e+00   999985
771   1.4999999621e-05   0.0000000000e+00   999985
772   1.4999999621e-05   0.0000000000e+00   999986
773   1.4999999621e-05   0.0000000000e+00   999985
774   1.4999999621e-05   0.0000000000e+00   999985
775   1.4999999621e-05   0.0000000000e+00   999985
776   1.4999999621e-05   0.0000000000e+00   999985
777   1.4999999621e-05   0.0000000000e+00   999985
778   1.4999999621e-05   0.0000000000e+00   999985
779   1.4999999621e-05   0.0000000000e+00   999986
780   1.4999999621e-05   0.0000000000e+00   999985
781   1.4999999621e-05   0.0000000000e+00   999985
782   1.4999999621e-05   0.0000000000e+00   999986
783   1.4999999621e-05   0.0000000000e+00   999985
784   1.4999999621e-05   0.0000000000e+00   999985
785   1.4999999621e-05   0.0000000000e+00   999985
786   1.4999999621e-05   0.0000000000e+00   999985
787   1.4999999621e-05   0.0000000000e+00   999986
788   1.4999999621e-05   0.0000000000e+00   999985
789   1.4999999621e-05   0.0000000000e+00   999985
790   1.4999999621e-05   0.0000000000e+00   999985
791   1.4999999621e-05   0.0000000000e+00   999985
792   1.4999999621e-05   0.0000000000e+00   999985
793   1.4999999621e-05   0.0000000000e+00   999985
794   1.4999999621e-05   0.0000000000e+00   999985
795   1.4999999621e-05   0.0000000000e+00   999987
796   1.4999999621e-05   0.0000000000e+00   999985
797   1.4999999621e-05   0.0000000000e+00   999985
798   1.4999999621e-05   0.0000000000e+00   999985
799   1.4999999621e-05   0.0000000000e+00   999986
800   1.4999999621e-05   0.0000000000e+00   999985
801   1.4999999621e-05   0.0000000000e+00   999985
802   1.4999999621e-05   0.0000000000e+00   999985
803   1.4999999621e-05   0.0000000000e+00   999985
804   1.4999999621e-05   0.0000000000e+00   999985
805   1.4999999621e-05   0.0000000000e+00   999986
806   1.4999999621e-05   0.0000000000e+00   999985
807   1.4999999621e-05   0.0000000000e+00   999985
808   1.4999999621e-05   0.0000000000e+00   999985
809   1.4999999621e-05   0.0000000000e+00   999985
810   1.4999999621e-05   0.0000000000e+00   999985
811   1.4999999621e-05   0.0000000000e+00   999985
812   1.4999999621e-05   0.0000000000e+00   999985
813   1.4999999621e-05   0.0000000000e+00   999985
814   1.4999999621e-05   0.0000000000e+00   999985
815   1.4999999621e-05   0.0000000000e+00   999985
816   1.4999999621e-05   0.0000000000e+00   999985
817   1.4999999621e-05   0.0000000000e+00   999985
818   1.4999999621e-05   0.0000000000e+00   999985
819   1.4999999621e-05   0.0000000000e+00   999985
820   1.4999999621e-05   0.0000000000e+00   999985
821   1.4999999621e-05   0.0000000000e+00   999985
822   1.4999999621e-05   0.0000000000e+00   999985
823   1.4999999621e-05   0.0000000000e+00   999987
824   1.4999999621e-05   0.0000000000e+00   999985
825   1.4999999621e-05   0.0000000000e+00   999985
826   1.4999999621e-05   0.0000000000e+00   999985
827   1.4999999621e-05   0.0000000000e+00   999985
828   1.4999999621e-05   0.0000000000e+00   999985
829   1.4999999621e-05   0.0000000000e+00   999985
830   1.4999999621e-05   0.0000000000e+00   999985
831   1.4999999621e-05   0.0000000000e+00   999985
832   1.4999999621e-05   0.0000000000e+00   999986
833   1.4999999621e-05   0.0000000000e+00   999985
834   1.4999999621e-05   0.0000000000e+00   999986
835   1.4999999621e-05   0.0000000000e+00   999985
836   1.4999999621e-05   0.0000000000e+00   999985
837   1.4999999621e-05   0.0000000000e+00   999985
838   1.4999999621e-05   0.0000000000e+00   999985
839   1.4999999621e-05   0.0000000000e+00   999985
840   1.4999999621e-05   0.0000000000e+00   999985
841   1.4999999621e-05   0.0000000000e+00   999985
842   1.4999999621e-05   0.0000000000e+00   999985
843   1.4999999621e-05   0.0000000000e+00   999985
844   1.4999999621e-05   0.0000000000e+00   999985
845   1.4999999621e-05   0.0000000000e+00   999985
846   1.4999999621e-05   0.0000000000e+00   999985
847   1.4999999621e-05   0.0000000000e+00   999985
848   1.4999999621e-05   0.0000000000e+00   999985
849   1.4999999621e-05   0.0000000000e+00   999985
850   1.4999999621e-05   0.0000000000e+00   999986
851   1.4999999621e-05   0.0000000000e+00   999985
852   1.4999999621e-05   0.0000000000e+00   999985
853   1.4999999621e-05   0.0000000000e+00   999986
854   1.4999999621e-05   0.0000000000e+00   999985
855   1.4999999621e-05   0.0000000000e+00   999985
856   1.4999999621e-05   0.0000000000e+00   999986
857   1.4999999621e-05   0.0000000000e+00   999985
858   1.4999999621e-05   0.0000000000e+00   999985
859   1.4999999621e-05   0.0000000000e+00   999985
860   1.4999999621e-05   0.0000000000e+00   999986
861   1.4999999621e-05   0.0000000000e+00   999985
862   1.4999999621e-05   0.0000000000e+00   999985
863   1.4999999621e-05   0.0000000000e+00   999986
864   1.4999999621e-05   0.0000000000e+00   999985
865   1.4999999621e-05   0.0000000000e+00   999985
866   1.4999999621e-05   0.0000000000e+00   999985
867   1.4999999621e-05   0.0000000000e+00   999985
868   1.4999999621e-05   0.0000000000e+00   999985
869   1.4999999621e-05   0.0000000000e+00   999985
870   1.4999999621e-05   0.0000000000e+00   999985
871   1.4999999621e-05   0.0000000000e+00   999987
872   1.4999999621e-05   0.0000000000e+00   999985
873   1.4999999621e-05   0.0000000000e+00   999987
874   1.4999999621e-05   0.0000000000e+00   999985
875   1.4999999621e-05   0.0000000000e+00   999985
876   1.4999999621e-05   0.0000000000e+00   999985
877   1.4999999621e-05   0.0000000000e+00   999985
878   1.4999999621e-05   0.0000000000e+00   999985
879   1.4999999621e-05   0.0000000000e+00   999986
880   1.4999999621e-05   0.0000000000e+00   999985
881   1.4999999621e-05   0.0000000000e+00   999985
882   1.4999999621e-05   0.0000000000e+00   999985
883   1.4999999621e-05   0.0000000000e+00   999985
884   1.4999999621e-05   0.0000000000e+00   999986
885   1.4999999621e-05   0.0000000000e+00   999985
886   1.4999999621e-05   0.0000000000e+00   999985
887   1.4999999621e-05   0.0000000000e+00   999985
888   1.4999999621e-05   0.0000000000e+00   999985
889   1.4999999621e-05   0.0000000000e+00   999985
890   1.4999999621e-05   0.0000000000e+00   999985
891   1.4999999621e-05   0.0000000000e+00   999985
892   1.4999999621e-05   0.0000000000e+00   999985
893   1.4999999621e-05   0.0000000000e+00   999986
894   1.4999999621e-05   0.0000000000e+00   999985
895   1.4999999621e-05   0.0000000000e+00   999985
896   1.4999999621e-05   0.0000000000e+00   999985
897   1.4999999621e-05   0.0000000000e+00   999985
898   1.4999999621e-05   0.0000000000e+00   999985
899   1.4999999621e-05   0.0000000000e+00   999985
900   1.4999999621e-05   0.0000000000e+00   999985
901   1.4999999621e-05   0.0000000000e+00   999986
902   1.4999999621e-05   0.0000000000e+00   999986
903   1.4999999621e-05   0.0000000000e+00   999985
904   1.4999999621e-05   0.0000000000e+00   999985
905   1.4999999621e-05   0.0000000000e+00   999985
906   1.4999999621e-05   0.0000000000e+00   999985
907   1.4999999621e-05   0.0000000000e+00   999985
908   1.4999999621e-05   0.0000000000e+00   999985
909   1.4999999621e-05   0.0000000000e+00   999985
910   1.4999999621e-05   0.0000000000e+00   999985
911   1.4999999621e-05   0.0000000000e+00   999985
912   1.4999999621e-05   0.0000000000e+00   999985
913   1.4999999621e-05   0.0000000000e+00   999985
914   1.4999999621e-05   0.0000000000e+00   999985
915   1.4999999621e-05   0.0000000000e+00   999985
916   1.4999999621e-05   0.0000000000e+00   999985
917   1.4999999621e-05   0.0000000000e+00   999985
918   1.4999999621e-05   0.0000000000e+00   999985
919   1.4999999621e-05   0.0000000000e+00   999985
920   1.4999999621e-05   0.0000000000e+00   999985
921   1.4999999621e-05   0.0000000000e+00   999986
922   1.4999999621e-05   0.0000000000e+00   999986
923   1.4999999621e-05   0.0000000000e+00   999985
924   1.4999999621e-05   0.0000000000e+00   999986
925   1.4999999621e-05   0.0000000000e+00   999986
926   1.4999999621e-05   0.0000000000e+00   999985
927   1.4999999621e-05   0.0000000000e+00   999985
928   1.4999999621e-05   0.0000000000e+00   999985
929   1.4999999621e-05   0.0000000000e+00   999985
930   1.4999999621e-05   0.0000000000e+00   999985
931   1.4999999621e-05   0.0000000000e+00   999985
932   1.4999999621e-05   0.0000000000e+00   999985
933   1.4999999621e-05   0.0000000000e+00   999985
934   1.4999999621e-05   0.0000000000e+00   999985
935   1.4999999621e-05   0.0000000000e+00   999985
936   1.4999999621e-05   0.0000000000e+00   999986
937   1.4999999621e-05   0.0000000000e+00   999985
938   1.4999999621e-05   0.0000000000e+00   999985
939   1.4999999621e-05   0.0000000000e+00   999986
940   1.4999999621e-05   0.0000000000e+00   999986
941   1.4999999621e-05   0.0000000000e+00   999985
942   1.4999999621e-05   0.0000000000e+00   999985
943   1.4999999621e-05   0.0000000000e+00   999985
944   1.4999999621e-05   0.0000000000e+00   999985
945   1.4999999621e-05   0.0000000000e+00   999986
946   1.4999999621e-05   0.0000000000e+00   999986
947   1.4999999621e-05   0.0000000000e+00   999985
948   1.4999999621e-05   0.0000000000e+00   999985
949   1.4999999621e-05   0.0000000000e+00   999986
950   1.4999999621e-05   0.0000000000e+00   999986
951   1.4999999621e-05   0.0000000000e+00   999985
952   1.4999999621e-05   0.0000000000e+00   999986
953   1.4999999621e-05   0.0000000000e+00   999985
954   1.4999999621e-05   0.0000000000e+00   999987
955   1.4999999621e-05   0.0000000000e+00   999985
956   1.4999999621e-05   0.0000000000e+00   999985
957   1.4999999621e-05   0.0000000000e+00   999985
958   1.4999999621e-05   0.0000000000e+00   999985
959   1.4999999621e-05   0.0000000000e+00   999986
960   1.4999999621e-05   0.0000000000e+00   999985
961   1.4999999621e-05   0.0000000000e+00   999985
962   1.4999999621e-05   0.0000000000e+00   999986
963   1.4999999621e-05   0.0000000000e+00   999985
964   1.4999999621e-05   0.0000000000e+00   999986
965   1.4999999621e-05   0.0000000000e+00   999985
966   1.4999999621e-05   0.0000000000e+00   999985
967   1.4999999621e-05   0.0000000000e+00   999985
968   1.4999999621e-05   0.0000000000e+00   999985
969   1.4999999621e-05   0.0000000000e+00   999985
970   1.4999999621e-05   0.0000000000e+00   999985
971   1.4999999621e-05   0.0000000000e+00   999985
972   1.4999999621e-05   0.0000000000e+00   999985
973   1.4999999621e-05   0.0000000000e+00   999985
974   1.4999999621e-05   0.0000000000e+00   999985
975   1.4999999621e-05   0.0000000000e+00   999985
976   1.4999999621e-05   0.0000000000e+00   999985
977   1.4999999621e-05   0.0000000000e+00   999985
978   1.4999999621e-05   0.0000000000e+00   999987
979   1.4999999621e-05   0.0000000000e+00   999986
980   1.4999999621e-05   0.0000000000e+00   999985
981   1.4999999621e-05   0.0000000000e+00   999986
982   1.4999999621e-05   0.0000000000e+00   999985
983   1.4999999621e-05   0.0000000000e+00   999986
984   1.4999999621e-05   0.0000000000e+00   999985
985   1.4999999621e-05   0.0000000000e+00   999985
986   1.4999999621e-05   0.0000000000e+00   999985
987   1.4999999621e-05   0.0000000000e+00   999985
988   1.4999999621e-05   0.0000000000e+00   999986
989   1.4999999621e-05   0.0000000000e+00   999985
990   1.4999999621e-05   0.0000000000e+00   999985
991   1.4999999621e-05   0.0000000000e+00   999985
992   1.4999999621e-05   0.0000000000e+00   999985
993   1.4999999621e-05   0.0000000000e+00   999985
994   1.4999999621e-05   0.0000000000e+00   999986
995   1.4999999621e-05   0.0000000000e+00   999985
996   1.4999999621e-05   0.0000000000e+00   999985
997   1.4999999621e-05   0.0000000000e+00   999985
998   1.4999999621e-05   0.0000000000e+00   999985
999   1.4999999621e-05   0.0000000000e+00   999985
1000   1.4999999621e-05   0.0000000000e+00   999985
1001   1.4999999621e-05   0.0000000000e+00   999986
1002   1.4999999621e-05   0.0000000000e+00   999985
1003   1.4999999621e-05   0.0000000000e+00   999985
1004   1.4999999621e-05   0.0000000000e+00   999986
1005   1.4999999621e-05   0.0000000000e+00   999985
1006   1.4999999621e-05   0.0000000000e+00   999985
1007   1.4999999621e-05   0.0000000000e+00   999985
1008   1.4999999621e-05   0.0000000000e+00   999986
1009   1.4999999621e-05   0.0000000000e+00   999985
1010   1.4999999621e-05   0.0000000000e+00   999985
1011   1.4999999621e-05   0.0000000000e+00   999985
1012   1.4999999621e-05   0.0000000000e+00   999985
1013   1.4999999621e-05   0.0000000000e+00   999985
1014   1.4999999621e-05   0.0000000000e+00   999985
1015   1.4999999621e-05   0.0000000000e+00   999985
1016   1.4999999621e-05   0.0000000000e+00   999985
1017   1.4999999621e-05   0.0000000000e+00   999985
1018   1.4999999621e-05   0.0000000000e+00   999985
1019   1.4999999621e-05   0.0000000000e+00   999985
1020   1.4999999621e-05   0.0000000000e+00   999985
1021   1.4999999621e-05   0.0000000000e+00   999985
1022   1.4999999621e-05   0.0000000000e+00   999985
1023   1.4999999621e-05   0.0000000000e+00   999985
