 -7.50 0.0062000000000000 6.20e-03  0.78     10
 -7.50 0.0057000000000000 5.70e-03  2.61      3
 -7.50 0.0057000000000000 5.70e-03  2.46      3
 -7.50 0.0057500000000000 5.75e-03  2.32      3
 -7.50 0.0072500000000000 7.25e-03  2.39      3
 -7.50 1.0000000000000000 1.00e+00  3.97      2
 -7.50 0.0846000000000000 8.46e-02  2.46      3
 -7.50 0.0092000000000000 9.20e-03  2.42      3
 -7.50 0.0087000000000000 8.70e-03  2.61      3
 -7.50 0.0611500000000000 6.12e-02  4.57      1
 -7.50 0.0087000000000000 8.70e-03  2.41      3
 -7.50 0.0087000000000000 8.70e-03  2.57      1
 -7.50 0.0185000000000000 1.85e-02  2.35      3
 -7.50 0.0080000000000000 8.00e-03  2.27      0
 -7.50 0.0075000000000000 7.50e-03  2.45      0
 -7.50 0.0080000000000000 8.00e-03  2.50      0
 -7.50 0.0055000000000000 5.50e-03  2.48      0
 -7.50 0.0056500000000000 5.65e-03  2.60      3
