 -7.50 0.9809800000000000 9.81e-01 218.21      3
 -7.50 0.9880000000000000 9.88e-01 220.31      0
 -7.50 0.0012200000000000 1.22e-03 212.25      3
 -7.50 0.0012200000000000 1.22e-03 204.34      3
 -7.50 0.0011800000000000 1.18e-03 216.57      3
 -7.50 0.9820000000000000 9.82e-01 236.93      0
 -7.50 0.9810000000000000 9.81e-01 199.45      0
 -7.50 0.0010000000000000 1.00e-03 266.94      0
 -7.50 0.0010000000000000 1.00e-03 222.67      0
 -7.50 0.0009990009990010 9.99e-04 252.51      0
 -7.50 0.0010000000000000 1.00e-03 176.51      0
 -7.50 0.0010000000000000 1.00e-03 231.50      0
 -7.50 0.0010000000000000 1.00e-03 259.94      0
 -7.50 0.9850000000000000 9.85e-01 209.18      0
 -7.50 0.9840000000000000 9.84e-01 218.93      0
 -7.50 0.9870000000000000 9.87e-01 180.64      0
 -7.50 0.9830000000000000 9.83e-01 212.18      0
 -7.50 0.9880000000000000 9.88e-01 113.12      0
 -7.50 0.9840000000000000 9.84e-01 238.03      0
 -7.50 0.9820000000000000 9.82e-01 230.49      0
 -7.50 0.0010000000000000 1.00e-03 263.92      0
 -7.50 0.0010000000000000 1.00e-03 209.64      0
 -7.50 0.9820000000000000 9.82e-01 215.55      0
 -7.50 0.0010000000000000 1.00e-03 214.41     -2
 -7.50 0.9850000000000000 9.85e-01 226.68      0
 -7.50 0.0010000000000000 1.00e-03 250.29      0
 -7.50 0.0010000000000000 1.00e-03 170.82      0
 -7.50 0.9840000000000000 9.84e-01 160.43      0
 -7.50 0.0010000000000000 1.00e-03 213.04      0
 -7.50 0.0010000000000000 1.00e-03 118.97      0
 -7.50 0.9850000000000000 9.85e-01 123.94      0
 -7.50 0.9840000000000000 9.84e-01 164.31      0
 -7.50 0.0020000000000000 2.00e-03 178.54      0
 -7.50 0.9840000000000000 9.84e-01 180.79      0
 -7.50 0.9860000000000000 9.86e-01 123.72      0
 -7.50 0.9840000000000000 9.84e-01 178.50      0
 -7.50 0.0010000000000000 1.00e-03 182.86      0
 -7.50 0.0030000000000000 3.00e-03 116.63      0
 -7.50 0.0010000000000000 1.00e-03 177.18      0
 -7.50 0.0010000000000000 1.00e-03 122.65      0
 -7.50 0.0015000000000000 1.50e-03 158.74      0
 -7.50 0.0012700000000000 1.27e-03 204.49     16
 -7.50 0.0040950000000000 4.09e-03 149.10     22
 -7.50 0.0012200000000000 1.22e-03 118.09     25
 -7.50 0.0012800000000000 1.28e-03 204.80     16
 -7.50 0.0012350000000000 1.23e-03 145.15     20
 -7.50 0.0012250000000000 1.22e-03 200.80     14
 -7.50 0.0068850000000000 6.88e-03 109.07     57
 -7.50 0.9842843137254902 9.84e-01 160.11      9
