-17.50 0.0072470961977564 7.25e-03 153.82      6
-17.50 0.0000000000000000 0.00e+00  0.49      5
-17.50 0.0000000000000000 0.00e+00 14.00      0
-17.50 0.0069513406156902 6.95e-03 19.14      1
-17.50 0.0053709966182614 5.37e-03 20.25     13
-17.50 0.0070499453877470 7.05e-03 159.63      5
-17.50 1.0000000000000000 1.00e+00  1.00     26
-17.50 1.0000000000000000 1.00e+00  1.01      9
-17.50 0.0000000000000000 0.00e+00 35.00      0
-17.50 0.0070000000000000 7.00e-03 37.18      0
-17.50 0.0050000000000000 5.00e-03 42.18      9
-17.50 1.0000000000000000 1.00e+00 25.67      0
-17.50 0.0053000000000000 5.30e-03 42.66      9
-17.50 0.0070000000000000 7.00e-03 123.87      7
-10.00 0.0000000000000000 0.00e+00 92.45      6
-17.50 0.0052000000000000 5.20e-03 51.30      7
-17.50 0.0053000000000000 5.30e-03 52.99      7
-17.50 0.0053000000000000 5.30e-03 53.42      7
