 -5.50 0.0041200000000000 4.12e-03 80.97      0
 -5.50 0.9841317365269461 9.84e-01 145.28      0
 -5.50 1.0000000000000000 1.00e+00  0.00    417
 -5.50 1.0000000000000000 1.00e+00  8.46      0
 -5.50 1.0000000000000000 1.00e+00  7.29      0
 -5.50 1.0000000000000000 1.00e+00  7.19      0
 -5.50 1.0000000000000000 1.00e+00  8.03      0
 -5.50 0.0040000000000000 4.00e-03  6.80      0
 -5.50 1.0000000000000000 1.00e+00  7.85      0
 -5.50 1.0000000000000000 1.00e+00  8.37      0
 -5.50 0.9860000000000000 9.86e-01  8.08      0
 -5.50 0.0030000000000000 3.00e-03  8.43      0
 -5.50 0.0030000000000000 3.00e-03  7.99      0
 -5.50 0.0030000000000000 3.00e-03  8.08      0
 -5.50 1.0000000000000000 1.00e+00  8.26      0
 -5.50 1.0000000000000000 1.00e+00  7.98     96
 -5.50 1.0000000000000000 1.00e+00  9.33      0
 -5.50 0.0030000000000000 3.00e-03  8.04      0
 -5.50 0.0030000000000000 3.00e-03  7.98      0
 -5.50 0.0060000000000000 6.00e-03  8.34      0
 -5.50 0.0041050000000000 4.11e-03 422.51      0
 -5.50 0.0040950000000000 4.09e-03 556.91      0
 -5.50 0.0040850000000000 4.09e-03 965.26      2
 -5.50 0.0040850000000000 4.09e-03 860.87      3
 -5.50 0.0040850000000000 4.09e-03 820.16      4
 -5.50 0.0000000000000000 0.00e+00 113.48      5
 -6.50 0.0002050000000000 2.05e-04 81.61      4
 -6.50 0.0002050000000000 2.05e-04 83.69      4
 -6.50 0.0003100000000000 3.10e-04 769.85      4
 -6.50 0.0003100000000000 3.10e-04 760.49      4
 -6.50 0.0003100000000000 3.10e-04 773.98      4
 -6.50 0.0003100000000000 3.10e-04 731.12      4
 -6.50 0.0003100000000000 3.10e-04 734.06      4
 -6.50 0.0003100000000000 3.10e-04 660.00      2
 -6.50 0.0003150000000000 3.15e-04 600.12     40
 -6.50 0.0257000000000000 2.57e-02 466.56      0
 -6.50 0.0254200000000000 2.54e-02 496.89      0
 -6.50 0.0257800000000000 2.58e-02 349.47      2
 -6.50 0.0258100000000000 2.58e-02 573.81      2
 -6.50 0.0260290000000000 2.60e-02 205.42     40
 -6.50 0.0257950000000000 2.58e-02 988.67      3
 -6.50 0.0259780000000000 2.60e-02 787.65     10
 -6.50 0.0257950000000000 2.58e-02 940.95      3
 -6.50 0.0257950000000000 2.58e-02 1011.16      3
 -6.50 0.0257950000000000 2.58e-02 1034.82      3
 -6.50 0.0260290000000000 2.60e-02 858.43     40
 -6.50 0.0257950000000000 2.58e-02 1027.18      3
 -6.50 0.0260160000000000 2.60e-02 816.84     19
 -6.50 0.0260160000000000 2.60e-02 1691.54     18
 -6.50 0.0260030000000000 2.60e-02 1449.08     10
 -6.50 0.0260050000000000 2.60e-02 1361.43      9
 -6.50 0.0260160000000000 2.60e-02 1619.93     18
 -6.50 0.0259390000000000 2.59e-02 643.82      4
 -6.50 0.0260160000000000 2.60e-02 1635.35     17
 -6.50 0.9997181818181818 1.00e+00 1825.73      2
 -6.50 0.0003100000000000 3.10e-04 1329.07     18
 -6.50 0.0003100000000000 3.10e-04 1199.43     19
 -6.50 0.0003100000000000 3.10e-04 1214.59     19
 -6.50 0.0003100000000000 3.10e-04 1233.47     19
 -6.50 0.0003100000000000 3.10e-04 1395.04     17
 -6.50 0.0000000000000000 0.00e+00  0.00      0
 -6.50 0.0000000000000000 0.00e+00  0.00      0
 -6.50 0.0000000000000000 0.00e+00 163.20      0
 -6.50 0.0000000000000000 0.00e+00 160.93      5
 -6.50 0.0000000000000000 0.00e+00 333.66      2
 -6.50 0.0000000000000000 0.00e+00 170.01     56
 -6.50 0.0000000000000000 0.00e+00 170.14     56
 -6.50 0.0000000000000000 0.00e+00 167.83     57
 -6.50 0.0000000000000000 0.00e+00 163.11     58
 -6.50 0.0000000000000000 0.00e+00 153.75     62
 -6.50 0.0000000000000000 0.00e+00 155.04     61
 -6.50 0.0000000000000000 0.00e+00 167.42     57
 -6.50 0.0256200000000000 2.56e-02 68.60      2
 -6.50 0.0256200000000000 2.56e-02 70.14      2
 -6.50 0.0256200000000000 2.56e-02 107.20      2
 -6.50 0.9850400000000000 9.85e-01 117.61      2
 -6.50 0.9850400000000000 9.85e-01 144.91      2
 -6.50 0.0256200000000000 2.56e-02 63.40      3
 -6.50 0.0256300000000000 2.56e-02 63.27      3
