#
# Décodage sans SPC
#
SNR    FER_f              FER_e    CTght  SimSec
-10.00 0.9999700000000000 1.00e+00 203.71      1
 -9.50 0.9992400000000000 9.99e-01 204.25      1
 -9.00 0.9873300000000000 9.87e-01 216.69      1
 -8.50 0.9064100000000000 9.06e-01 204.03      1
 -8.00 0.6612400000000000 6.61e-01 210.17      1
 -7.50 0.3170300000000000 3.17e-01 214.76      1
 -7.00 0.0922700000000000 9.23e-02 213.88      1
 -6.50 0.0182500000000000 1.82e-02 217.50      1
 -6.00 0.0024700000000000 2.47e-03 214.55      1
 -5.50 0.0003433327611121 3.43e-04 219.61     11
 -5.00 0.0000284507042254 2.85e-05 221.83    135
 -4.50 0.0000052910052910 5.29e-06 212.40    724
 -4.00 0.0000013900000000 1.39e-06 221.50   1907
#
# Décodage avec SPC
#
SNR    FER_f              FER_e    CTght  SimSec-10.00 0.9999700000000000 1.00e+00 262.97      1
 -9.50 0.9994499999999999 9.99e-01 245.62      1
 -9.00 0.9894400000000000 9.89e-01 262.85      1
 -8.50 0.9211700000000000 9.21e-01 257.85      1
 -8.00 0.6996200000000000 7.00e-01 273.28      1
 -7.50 0.3617300000000000 3.62e-01 282.44      1
 -7.00 0.1190600000000000 1.19e-01 286.22      1
 -6.50 0.0268400000000000 2.68e-02 297.92      1
 -6.00 0.0044000000000000 4.40e-03 326.05      1
 -5.50 0.0006375000000000 6.38e-04 324.40      7
 -5.00 0.0000566666666667 5.67e-05 329.31     66
 -4.50 0.0000073090909091 7.31e-06 324.71    516
 -4.00 0.0000015800000000 1.58e-06 335.42   1830
