<<<<<<< Updated upstream
-10.00 0.0032500000000000 3.25e-03 81.38      8
-10.00 0.0032000000000000 3.20e-03 95.38      6
-10.00 0.0032500000000000 3.25e-03 82.61      8
-10.00 0.0030000000000000 3.00e-03 22.58      7
-10.00 0.0030000000000000 3.00e-03 27.06      7
-10.00 0.0036000000000000 3.60e-03 37.97     17
-10.00 0.0036000000000000 3.60e-03 31.23     13
=======
-10.00 0.0310000000000000 3.10e-02  1.08     12
-10.00 0.0105000000000000 1.05e-02  1.38      9
-10.00 0.0105000000000000 1.05e-02  1.18     11
-10.00 0.0060000000000000 6.00e-03 19.73      1
-10.00 0.0257500000000000 2.57e-02 20.33     12
>>>>>>> Stashed changes
