-10.00 1.0000000000000000 1.00e+00 64.84      0
 -5.00 1.0000000000000000 1.00e+00 69.60      0
 -2.00 1.0000000000000000 1.00e+00 79.09      0
 -2.00 1.0000000000000000 1.00e+00 85.40      1
 -2.00 1.0000000000000000 1.00e+00 101.43      1
 -2.00 1.0000000000000000 1.00e+00 86.37      1
 -2.00 1.0000000000000000 1.00e+00 80.83      1
 -2.00 1.0000000000000000 1.00e+00 106.49      0
 -2.00 0.0000000000000000 0.00e+00 69.75      0
 -2.00 0.0000000000000000 0.00e+00 69.10      1
 -2.00 0.0000000000000000 0.00e+00 109.75      1
 -2.00 0.0000000000000000 0.00e+00 140.89      0
 -7.00 0.9720000000000000 9.72e-01 110.67      1
 -6.00 0.4690000000000000 4.69e-01 123.79      0
 -5.00 0.0770000000000000 7.70e-02 113.39      1
 -4.00 0.0040000000000000 4.00e-03 118.52      0
 -4.00 0.0068000000000000 6.80e-03 103.01      5
 -4.00 0.0066000000000000 6.60e-03 140.39      5
 -4.00 0.0062000000000000 6.20e-03 111.70      5
 -4.00 0.0066000000000000 6.60e-03 166.52      4
 -4.00 0.9834000000000001 9.83e-01 150.78      4
