 -7.50 0.0000000000000000 0.00e+00 106.48      0
-17.50 0.0000000000000000 0.00e+00 88.39      0
-17.50 0.0069513406156902 6.95e-03 122.37      0
-17.50 0.0057665539868761 5.77e-03 160.19      6
-17.50 0.9868559411146162 9.87e-01 28.87      6
-14.50 0.9849984998499850 9.85e-01 35.55      5
-14.50 0.9845726627584079 9.85e-01 30.74      6
-17.50 0.0000000000000000 0.00e+00  0.05      1
-17.50 0.0000000000000000 0.00e+00  0.05     20
-17.50 0.0000000000000000 0.00e+00  0.05      1
-17.50 0.0000000000000000 0.00e+00  1.83      0
-17.50 0.0057665539868761 5.77e-03 167.06      6
-17.50 0.0000000000000000 0.00e+00  0.02      2
-17.50 0.0000000000000000 0.00e+00  0.46      0
-17.50 0.0000000000000000 0.00e+00  8.35      0
-17.50 0.0000000000000000 0.00e+00  8.33      0
-17.50 0.0000000000000000 0.00e+00  0.05     10
-17.50 0.0000000000000000 0.00e+00  0.87      9
