-17.000   0.991000000      991           1000
-16.500   0.974708171     1002           1028
-16.000   0.731256085      751           1027
-15.500   0.409000000      409           1000
-15.000   0.152000000      152           1000
-14.500   0.032000000      128           4000
-14.000   0.003565217       82          23000
-13.500   0.000326530       80         245000
-13.000     1.094e-05       80        7315000
-12.500     3.274e-07       80      244314000
-12.250     4.905e-08       80     1630934000
