-17.000 0.99300000    993     1000    10  6.800
-16.500 0.98300000    983     1000    10  6.800
-16.000 0.78800000    788     1000    10  6.800
-15.500 0.45600000    456     1000    10  6.800
-15.000 0.18900000    189     1000    10  6.800
-14.500 0.03300000     66     2000    10  6.800
-14.000 0.00500000     60    12000    10  6.800
-13.500 0.00034884     60   172000    10  6.800
-13.000 0.00002589    100  3862001    10  7.200
-12.750 0.00000700     70 10000000    10  7.200

-17.000 0.99300699    994     1001    11  6.800
-16.500 0.96800000    968     1000    11  6.800
-16.000 0.73800000    738     1000    11  6.800
-15.500 0.42500000    425     1000    11  6.800
-15.000 0.16400000    164     1000    11  6.800
-14.500 0.03450000     69     2000    11  6.800
-14.000 0.00457143     64    14000    11  6.800
-13.500 0.00028571     60   210000    11  6.800
-13.000 0.00021201     60   283000    11  6.800
-12.500 0.00000881     60  6812000    11  6.800
-17.000 0.99300000    993     1000    12  6.800
-16.500 0.96400000    964     1000    12  6.800
-16.000 0.72800000    728     1000    12  6.800
-15.500 0.39800000    398     1000    12  6.800
-15.000 0.14500000    145     1000    12  6.800
-14.500 0.03200000     96     3000    12  6.800
-14.000 0.00412500     66    16000    12  6.800
-13.500 0.00025000     60   240000    12  6.800





-17.000   0.999003984     1003         1004        8    6.800
-16.500   0.993055555     1001         1008        8    6.800
-16.000   0.895795246      980         1094        8    6.800
-15.500   0.641000000      641         1000        8    6.800
-15.000   0.306070826      363         1186        8    6.800
-14.500   0.081107814      164         2022        8    6.800
-14.000   0.015000000       90         6000        8    6.800
-13.500   0.002105263       80        38000        8    6.800
-17.000   1.000000000     1024         1024        8    6.800
-16.500   0.992402659     2090         2106        8    6.800
-16.000   0.900262467     1029         1143        8    6.800
-15.500   0.626121635      628         1003        8    6.800
-15.000   0.328066914      353         1076        8    6.800
-14.500   0.081470442      164         2013        8    6.800
-14.000   0.014833333       89         6000        8    6.800
-13.500   0.002289413       87        38001        8    6.800
-13.000   0.000233918       80       342000        8    6.800
-12.500     2.205e-05       80      3628000        8    6.800
-12.000     2.100e-06       21     10000000        8    6.800
-11.500     2.000e-07        2     10000000        8    6.800
-17.000   0.998330550     1196         1198        9    6.800
-16.500   0.988428158     1025         1037        9    6.800
-16.000   0.839920948      850         1012        9    6.800
-15.500   0.542204568      546         1007        9    6.800
-15.000   0.236943907      245         1034        9    6.800
-14.500   0.059110894      121         2047        9    6.800
-14.000   0.007000000       84        12000        9    6.800
-13.500   0.000754717       80       106000        9    6.800
-13.000     7.715e-05       80      1037000        9    6.800
-12.500     7.400e-06       74     10000000        9    6.800
-12.250     1.917e-06       50     26088000        9    6.800
-12.000     5.000e-07       25     50000000        9    6.800




-12.000     5.273e-08       50      948229000
       10    7.200
-11.750     1.094e-08       50     4570410000
       10    7.200
