-15.000     1.00000000   1039            1039    12  5.500
-14.500     0.99666110   1194            1198    12  5.500
-14.000     0.86278195    918            1064    12  5.500
-13.500     0.53817272    860            1598    12  5.500
-13.000     0.18500487    190            1027    12  5.500
-12.500     0.02750000    110            4000    12  5.500
-12.000     0.00396296    107           27000    12  5.500
-11.500     0.00052910    100          189000    12  5.500
-11.000     0.00003516    100         2844000    12  5.500
-10.750     0.00000970     97        10000000    12  5.500


-15.000     0.99924755   1328            1329    14  5.400
-14.500     0.99394987   1150            1157    14  5.400
-14.000     0.84776119    852            1005    14  5.400
-13.500     0.50939850    542            1064    14  5.400
-13.000     0.17064545    193            1131    14  5.400
-12.500     0.02675000    107            4000    14  5.400
-12.000     0.00360714    101           28000    14  5.400
-11.500     0.00043478    100          230000    14  5.400
-11.000     0.00003282    100         3047000    14  5.400
-10.500     0.00000270     27        10000000    14  5.200
-10.000     0.000000081    41       504523000    14    5.2
 -9.500     0.00000000      3      1000000000    14  5.200
