-16.000 0.00045249    200   442000    10  8.000
-16.000 0.00059172    200   338000    10  7.800
-16.000 0.00027137    200   737000    10  8.500
-16.000 0.00022148    200   903000    10  8.700
-16.000 0.00025543    200   783000    10  8.900
-16.500 0.00250000    200    80000    10  8.700
-17.000 0.01945455    214    11000    10  8.700
-17.500 0.07300000    219     3000    10  8.700
-17.500 0.05925000    237     4000    10  9.000
-17.500 0.04800000    240     5000    10  9.500
-17.000 0.01428571    200    14000    10  9.500
-18.000 0.17025090    285     1674    10  9.500
-18.000 0.22801932    236     1035    10  8.500
-17.000 0.02525000    202     8000    10  8.500
-21.000 1.00000000   1165     1165    10  8.500
-20.500 0.99910153   1112     1113    10  8.500
-20.000 0.99071495   1067     1077    10  8.500
-19.500 0.93419984   1150     1231    10  8.500
-19.000 0.76764706    783     1020    10  8.500
-18.500 0.51124145    523     1023    10  8.500
-18.000 0.24657534    270     1095    10  8.500
-17.500 0.08196721    115     1403    10  8.500
-17.000 0.02433333     73     3000    10  8.500
-16.500 0.00358824     61    17000    10  8.500
-16.000 0.00032967     60   182000    10  8.500
-15.500 0.00002230     60  2691000    10  8.500
-15.000 0.00000150     15 10000000    10  8.500
-15.250 0.00000480     48 10000000    10  8.500
