
-21.000 0.99900000    999     1000    10  10.200
-20.500 0.98800000    988     1000    10  10.200
-20.000 0.95000000    950     1000    10  10.200
-19.500 0.81500000    815     1000    10  10.200
-19.000 0.62500000    625     1000    10  10.200
-18.500 0.34500000    345     1000    10  10.200
-17.500 0.04880000    244     5000    10  10.200
-18.000 0.15150000    303     2000    10  10.200
-17.000 0.01538462    200    13000    10  10.200
-16.500 0.00495122    203    41000    10  8.700
-16.000 0.00080000     60    75000    10  7.800
-15.500 0.00017544     60   342000    10  7.300
-15.000 0.00001268     60  4730000    10  7.300


-21.000 0.99900000    999     1000    12  8.500
-20.500 0.99000000    990     1000    12  8.500
-20.000 0.96200000    962     1000    12  8.500
-19.500 0.85000000    850     1000    12  8.500
-19.000 0.67600000    676     1000    12  8.500
-18.500 0.33400000    334     1000    12  8.500
-18.000 0.14000000    140     1000    12  8.500
-17.500 0.04500000     90     2000    12  8.500
-17.000 0.01340000     67     5000    12  8.500
-16.500 0.00162162     60    37000    12  8.500
-16.000 0.00007203     60   833000    12  8.500
-15.500 0.00000310     31 10000000    12  8.500


-21.000 0.99900000    999     1000    13  8.000
-20.500 0.99200000    992     1000    13  8.000
-20.000 0.96900000    969     1000    13  8.000
-19.500 0.86000000    860     1000    13  8.000
-19.000 0.69500000    695     1000    13  8.000
-18.500 0.36300000    363     1000    13  8.000
-18.000 0.15700000    157     1000    13  8.000
-17.500 0.05000000    100     2000    13  8.000
-17.000 0.01220000     61     5000    13  8.000
-16.500 0.00157895     60    38000    13  8.000
-16.000 0.00006321     61   965000    13  8.000
-15.500 0.00000330     33 10000000    13  8.000
-15.000 0.00000010      1 10000000    13  8.000


-21.000 0.99900000    999     1000    14  8.000
-20.500 0.99500000    995     1000    14  8.000
-20.000 0.95500000    955     1000    14  8.000
-19.500 0.83500000    835     1000    14  8.000
-19.000 0.64600000    646     1000    14  8.000
-18.500 0.33400000    334     1000    14  8.000
-18.000 0.13800000    138     1000    14  8.000
-17.500 0.03700000     74     2000    14  8.000
-17.000 0.01016667     61     6000    14  8.000
-16.500 0.00146341     60    41000    14  8.000
-16.000 0.00004910     60  1222000    14  8.000
-15.500 0.00000220     22 10000000    14  8.000
-15.000 0.00000000      0 10000000    14  8.000


