-15.000   0.999000000      999           1000
-14.500   0.996000000      996           1000
-14.000   0.879000000      879           1000
-13.500   0.548000000      548           1000
-13.000   0.205827067      219           1064
-12.500   0.049500000       99           2000
-12.000   0.006846153       89          13000
-11.500   0.000788461       82         104000
-11.000   0.000111265       80         719000
-10.500     7.955e-06       80       10057000
-10.000     4.914e-07       80      162801000
