-15.000   1.000000000     1000           1000
-14.500   0.996000000      996           1000
-14.000   0.844000000      844           1000
-13.500   0.500000000      500           1000
-13.000   0.163000000      163           1000
-12.500   0.024750000       99           4000
-12.000   0.003333333       80          24000
-11.500   0.000363636       80         220000
-11.000     2.797e-05       80        2860000
-10.500     2.611e-06       80       30636000
-10.000     1.27e-7         45      354330708
