-17.000   0.990000000      990           1000
-16.500   0.964000000      964           1000
-16.000   0.682000000      682           1000
-15.500   0.365000000      365           1000
-15.000   0.119000000      119           1000
-14.500   0.027000000       81           3000
-14.000   0.002562500       82          32000
-13.500   0.000211081       80         379000
-13.000     8.467e-06       80        9448000
-12.500     3.092e-07       80      258761000
-12.250     5.602e-08       80     1427949000
