-19.000 0.00800000      8     1000    26  11.500
-19.000 1.00000000   1000     1000    11  11.500
-19.000 0.01000000     10     1000    11  11.500
-19.000 0.00566667     51     9000    11  11.500
-19.000 0.00600000     60    10000    11  11.500
-19.000 0.00637500     51     8000    11  11.000
-19.000 0.00814286     57     7000    11  10.000
-19.000 0.00637500     51     8000    11  11.000
-19.000 0.00637500     51     8000    11  12.000
-19.000 0.01020000     51     5000    11  13.000
-19.000 0.00555556     50     9000    11  12.000
-19.000 0.00364286     51    14000    14  8.913
-19.000 0.00094340     50    53000    14  11.000
-19.000 0.00212500     51    24000    14  12.000
-19.000 0.00119048     50    42000    14  11.500
-19.000 0.00170000     51    30000    14  11.500
-19.000 0.00115909     51    44000    14  11.000
-19.000 0.00098039     50    51000    14  10.800
-19.000 0.00742857     52     7000    10  10.800
-19.000 0.00675000     54     8000    10  11.500
-19.000 0.00866667     52     6000    10  12.000
-19.000 0.00687500     55     8000    10  11.200
-19.000 0.01160000     58     5000    10  10.000
-19.000 0.01675000     67     4000    10  13.000
-19.000 0.01800000     54     3000    10  13.000
-19.000 0.04800000     96     2000    10  14.000
