-20.000   0.942595272     1954           2073
-19.500   0.830558276      848           1021
-19.000   0.637733574     1058           1659
-18.500   0.341000000      341           1000
-18.000   0.157222665      197           1253
-17.500   0.038333333      115           3000
-17.000   0.009888888       89           9000
-16.500   0.001176470       80          68000
-16.000     6.515e-05       80        1228000
-15.500     1.840e-06       80       43482000
-15.000     3.005e-08       80     2662169000
