


-18.500   1.000000000     1000           1000
-18.000   1.000000000     1000           1000
-17.500   1.000000000     1000           1000
-17.000   1.000000000     2000           2000
-16.500   1.000000000     1000           1000
-16.000   0.979000000      979           1000
-15.500   0.939000000      939           1000
-15.000   0.851000000      851           1000
-14.500   0.672000000      672           1000
-14.000   0.500499500      501           1001
-13.500   0.259000000      259           1000
-13.000   0.115000000      115           1000
-12.500   0.043478260       87           2001
-12.000   0.014500000       87           6000
-11.500   0.002928571       82          28000
-11.000   0.000239521       80         334000
-10.500     1.815e-05       80        4408000
 -9.800     2.179e-07       50      229471000
