-10.000   0.998798076     1662           1664
 -9.500   0.987751102     2016           2041
 -9.000   0.876640419     1002           1143
 -8.500   0.592523364      634           1070
 -8.000   0.294388224      320           1087
 -7.500   0.101791530      125           1228
 -7.000   0.024000000       96           4000
 -6.500   0.003772727       83          22000
 -6.000   0.000298561       83         278000
 -5.500     3.361e-05       80        2380000
 -5.000     4.890e-06       80       16359001
 -4.500     4.273e-07       80      187235000
 -4.350     1.805e-07       50      277044000
