 -9.000     1.117e-06        1         895200    294 
 -9.000     7.969e-07        1        1254817    105 
 -9.000     5.780e-07        1        1730207    146 
 -9.000     2.617e-06        1         382183     32 
 -9.000     1.105e-06        1         904674     76 
 -9.000     3.332e-07        1        3001426    255 
 -9.000     8.358e-06        1         119651     10 
 -9.000     2.096e-06        1         477120     40 
 -9.000     3.352e-06        1         298321     25 
 -9.000     4.708e-07       22       46732388   5072 
 -9.000     2.141e-06        1         467074     39 
 -9.000     5.781e-07        3        5189193    440 
 -9.000     2.610e-06        1         383165     32 
 -9.000     3.113e-07        1        3212005    273 
 -8.000     0.000e+00        0        3007435    266 
 -8.500     0.000e+00        0        1688073    145 
 -8.000     0.000e+00        0        2586287    228 
 -7.500     0.000e+00        0        5069146    455 
 -7.500     0.000e+00        0        2178480    197 
 -7.500     0.000e+00        0          44581      4 
 -8.500     0.000e+00        0         105197      9 
 -8.500     0.000e+00        0        1021402     88 
 -8.500     0.000e+00        0        4477350    385 
 -8.500     0.000e+00        0         490997     42 
 -8.500     0.000e+00        0         745155     64 
 -8.500     0.000e+00        0         802176     69 
 -8.500     0.000e+00        0         358100     31 
 -8.500     0.000e+00        0         405458     35 
 -8.500     0.000e+00        0         632787     54 
