-16.000   0.649828803    60733          93460      1 
-15.750   0.546249884    47078          86184      1 
-15.500   0.436662081    37456          85778      1 
-15.250   0.330206033    28720          86976      1 
-15.000   0.232492545    20195          86863      1 
-14.750   0.151787660    13233          87181      1 
-14.500   0.091152725     8231          90299      1 
-14.250   0.050044343     4345          86823      1 
-14.000   0.024165578     2146          88804      1 
-13.750   0.010261068      915          89172      1 
-13.500   0.004246356      377          88782      1 
-13.250   0.001399702      128          91448      1 
-13.000   0.000361152      117         323963      4 
-12.750     9.651e-05      108        1119000     13 
-12.500     2.457e-05      102        4152084     46 
-12.250     4.691e-06      101       21531398    232 
-12.000     7.238e-07      100      138162973    827 
-11.750     2.129e-07        5       23481781    142 
-11.500     0.000e+00        0         168156      1 
-11.250     0.000e+00        0              0      0 
-16.000   0.650262958   115607         177785      1 
-15.750   0.545695982    91230         167181      1 
-15.500   0.435873506    73327         168230      1 
-15.250   0.329232618    57512         174685      1 
-15.000   0.231686590    40215         173575      1 
-14.750   0.151458283    26391         174246      1 
-14.500   0.090667459    15555         171561      1 
-14.250   0.049715697     8691         174814      1 
-14.000   0.024258940     4353         179439      1 
-13.750   0.010542918     1885         178793      1 
-13.500   0.004103280      711         173276      1 
-13.250   0.001340505      240         179037      1 
-13.000   0.000354495      125         352614      2 
-12.750     9.464e-05      115        1215108      7 
-12.500     2.445e-05      100        4089796     24 
-12.250     4.640e-06      100       21553422    126 
-12.000     7.339e-07      100      136255534    817 
-11.750     1.062e-07      100      941321626   5669 
-11.500     3.147e-08      100     3177528619  18848 
