-10.000   1.000000000     1000           1000
 -9.500   0.991000000      991           1000
 -9.000   0.857000000      857           1000
 -8.500   0.586000000      586           1000
 -8.000   0.271000000      271           1000
 -7.500   0.076000000      152           2000
 -7.000   0.016833333      101           6000
 -6.500   0.002222222       80          36000
 -6.000   0.000314960       80         254000
 -5.500     3.492e-05       80        2291000
 -5.000     4.762e-06       80       16799923
 -4.500     4.348e-07       80      183999058
 -4.350     1.618e-07       50      309093000
 -5.500     1.541e-05        2         129748      2 
 -6.000   0.000145074        1           6893      3 
 -6.000   0.000284383        8          28131      2 
