
-13.000   0.999193548     1239           1240
-12.500   0.998149861     1079           1081
-12.000   0.984105960     1486           1510
-11.500   0.941504178     1014           1077
-11.000   0.792300805      885           1117
-10.500   0.526413921      847           1609
-10.000   0.202263083      286           1414
 -9.500   0.048243559      103           2135
 -9.000   0.011000000       88           8000
 -8.500   0.001413793       82          58000
 -8.000   0.000123076       80         650000
 -7.500     6.009e-06       80       13313000
 -7.000     3.474e-07       50      143908001
