-15.000   0.902536231     2491         2760       10    5.100
-14.500   0.771653543     1764         2286       10    5.100
-14.000   0.579629629      626         1080       10    5.100
-13.500   0.320140721      364         1137       10    5.100
-13.000   0.148997134      156         1047       10    5.100
-12.500   0.055784179      122         2187       10    5.100
-12.000   0.019097547      102         5341       10    5.100
-11.500   0.003952381       83        21000       10    5.100
-11.000   0.000412371       80       194000       10    5.100
-10.500     3.742e-05       80      2138000       10    5.100
-10.000     2.200e-06       22     10000000       10    5.100


-15.000   0.916591928     1022         1115        9    5.100
-14.500   0.807600950     1020         1263        9    5.100
-14.000   0.627773212      764         1217        9    5.100
-13.500   0.370190753     1145         3093        9    5.100
-13.000   0.200170357      235         1174        9    5.100
-12.500   0.069726390      158         2266        9    5.100
-12.000   0.031181102       99         3175        9    5.100
-11.500   0.004555555       82        18000        9    5.100
-11.000   0.000695652       80       115000        9    5.100
-10.500     7.360e-05       80      1087000        9    5.100
-10.000     5.300e-06       53     10000000        9    5.100




-15.000   0.973437500     1246         1280        8    4.700
-14.500   0.913765822     1155         1264        8    4.700
-14.000   0.776747503     1089         1402        8    4.700
-13.500   0.557922769     1257         2253        8    4.700
-13.000   0.341991342      790         2310        8    4.700
-12.500   0.159453303      210         1317        8    4.700
-12.000   0.065331425      137         2097        8    4.700
-11.500   0.013597640       83         6104        8    4.700
-11.000   0.002645076       82        31001        8    4.700
-10.500   0.000526308       80       152002        8    4.700
-10.000     6.678e-05       80      1198000        8    4.700
 -9.500     8.606e-06      200     23239000        8    4.800
 -9.500     4.000e-08        2     50000000       10    5.100
 -9.750     2.886e-07       30    103963000       10    5.100
 -9.600     1.383e-07       30    216844000       10    5.100
 -9.250     1.800e-08       18   1000000000       10    5.100


