SNR   FER	FE	FRAMES
 -9.000   0.009454545      104          11000
 -8.750   0.002499937      100          40001
 -8.500   0.000694444      100         144000
 -8.250   0.000200000      100         500000
 -8.000     8.842e-05      100        1131000
 -7.750     1.787e-05      100        5596000
 -7.500     3.257e-06      100       30700000
 -8.000     8.772e-05      100        1140000
 -8.500   1.000000000    10000          10000
 -8.500   1.000000000    10000          10000
 -8.500   1.000000000    10000          10000
 -8.500   1.000000000    10000          10000
 -0.500   1.000000000    10000          10000
 -0.500   1.000000000    10000          10000
 -8.500   0.000929784       54          58078      4 
 -8.500   0.000806920       68          84271      6 
