 -9.000 1.00000000   1000     1000
 -8.500 0.85700000    857     1000
 -8.000 0.06450000    129     2000
 -7.500 0.00086207    100   116000
 -6.800 0.00001974     60  3039000
 -6.900 0.00002146     60  2796000
 -6.800 0.00001942     60  3089000
 -6.500 0.00001780     60  3370000
 -7.500 0.00093750     60    64000
 -7.500 0.00096825     61    63000
 -7.500 0.00080000      4     5000
 -7.500 0.00080000      4     5000
 -7.500 0.00080000      4     5000
 -7.500 0.00080000      4     5000
 -7.500 0.00080000      4     5000
 -7.500 0.00080000      4     5000
 -7.000 0.00002440    100  4099000
 -7.500 0.00106383     50    47000
 -7.500 0.00090090    100   111000
