 -7.500 0.00500000     30     6000
 -7.500 1.00000000   1000     1000
 -7.500 1.00000000   1000     1000
 -7.500 1.00000000   1000     1000
 -7.500 1.00000000   1000     1000
 -7.500 0.00533333     32     6000
 -7.500 1.00000000   1000     1000
 -7.500 0.00640000     32     5000
 -7.500 1.00000000   1000     1000
 -7.500 1.00000000   1000     1000
 -7.500 1.00000000   1000     1000
 -7.500 0.00640000     32     5000
 -7.500 1.00000000   1000     1000
 -7.500 1.00000000   1000     1000
 -7.500 0.00640000     32     5000
 -7.500 0.00640000     32     5000
 -7.500 0.00554000    554   100000
 -7.500 0.00554000    554   100000
 -7.500 0.00554000    554   100000
 -7.500 0.00620000     31     5000
 -7.500 0.00640000     32     5000
 -7.500 0.00640000     32     5000
 -7.500 0.00500000     25     5000
 -7.500 0.00566667     34     6000
 -7.500 0.00566667     34     6000
 -7.500 0.00528571     37     7000
 -7.500 0.00550000     33     6000
 -7.500 0.00600000     30     5000
