
 -5.000     1.284e-05       50      3894000        8    3.200



-10.000   0.999006951     1006         1007        8    3.200
 -9.500   0.994262295     1213         1220        8    3.200
 -9.000   0.903094462     1109         1228        8    3.200
 -8.500   0.656465942      665         1013        8    3.200
 -8.000   0.308865586      324         1049        8    3.200
 -7.500   0.108742004      153         1407        8    3.200
 -7.000   0.030077619       93         3092        8    3.200
 -6.500   0.007545454       83        11000        8    3.200
 -6.000   0.001125000       81        72000        8    3.200
 -5.500   0.000112359       80       712000        8    3.200
 -5.000     1.421e-05       80      5630002        8    3.200
 -4.000     3.724e-08       50   1342774000       10    2.900
 -3.850     1.538e-08       50     3251330000     10    2.900


 
