-18.500   1.000000000     1044           1044
-18.000   1.000000000     2069           2069
-17.500   1.000000000     1107           1107
-17.000   1.000000000     2020           2020
-16.500   0.999226903     2585           2587
-16.000   0.980229885     2132           2175
-15.500   0.951310861     1016           1068
-15.000   0.870235198     1073           1233
-14.500   0.707211120      814           1151
-14.000   0.542197452      681           1256
-13.500   0.304771178      313           1027
-13.000   0.155069582      156           1006
-12.500   0.056646870      124           2189
-12.000   0.015666666       94           6000
-11.500   0.003333333       80          24000
-11.000   0.000343347       80         233000
-10.500     2.474e-05       80        3234000
 -9.800     3.197e-07       50      156417001
