-13.000   1.000000000     1148         1148       10    3.700
-12.500   1.000000000     1303         1303       10    3.700
-12.000   0.992287917     1544         1556       10    3.700
-11.500   0.949454905      958         1009       10    3.700
-11.000   0.786948176      820         1042       10    3.700
-10.500   0.536630036      586         1092       10    3.700
-10.000   0.207892204      216         1039       10    3.700
 -9.500   0.057867049      121         2091       10    3.700
 -9.000   0.014100672       86         6099       10    3.700
 -8.500   0.001866666       84        45000       10    3.700
 -8.000   0.000231213       80       346000       10    3.700
 -7.500     1.544e-05       80      5182000       10    3.700
 -7.250     3.220e-06      161     50000000       10    3.700


-13.000   0.999148211     1173         1174       12    3.500
-12.500   0.999172185     1207         1208       12    3.500
-12.000   0.986033519     1059         1074       12    3.500
-11.500   0.934148635      993         1063       12    3.500
-11.000   0.763338616     1445         1893       12    3.500
-10.500   0.532871972      616         1156       12    3.500
-10.000   0.166890982      248         1486       12    3.500
 -9.500   0.052797833      117         2216       12    3.500
 -9.000   0.011444522       82         7165       12    3.500
 -8.500   0.001350000       81        60000       12    3.500
 -8.000   0.000142602       80       561001       12    3.500
 -7.500     6.700e-06       67     10000000       12    3.500
 -7.250     1.740e-06       87     50000003       12    3.500
 -6.750     1.400e-07       14    100000000       10    3.700
 -6.000     1.626e-19        3   -2147483000       10    3.700
 -6.300     1.666e-08       50   -1294267296       10    3.700
-12.000   1.000000000     5001           5001       10    7.200
