127 126 125 124 123 122 121 120 119 118 117 116 115 114 111 110 109 108 107 103 95 94 93 91 87 79 63 62 61 59 55 105 106 113 102 101 92 99 90 89 85 86 83 47 77 75 78 60 58 112 98 100 104 53 57 54 97 88 71 84 31 51 82 46 81 76 45 74 56 73 43 52 70 30 96 50 39 69 29 49 44 80 27 67 42 23 72 15 41 38 28 68 37 35 7 26 48 25 19 11 66 21 13 22 14 65 40 3 33 36 34 17 5 9 6 24 18 20 10 12 1 64 32 8 16 4 2 0 

127 126 125 124 123 122 121 120 119 118 117 116 115 114 111 110 109 108 107 103 95 94 93 91 87 79 63 62 61 59 55 105 113 106 102 92 101 99 90 89 85 86 83 47 77 75 60 78 58 112 98 100 53 104 97 57 88 54 71 84 31 51 82 81 46 76 45 74 73 56 43 52 70 96 30 50 69 39 29 80 49 44 67 42 27 72 41 68 38 23 28 48 37 66 15 26 35 65 25 40 22 21 36 19 14 13 11 34 33 64 9 17 12 6 3 24 1 16 4 2 32 0 10 8 20 5 18 7 

0.000000000000 0.000000000000 0.000000000000 0.000000000000 0.000000000000 0.000000000000 0.000000000000 0.000000000000 0.000000000000 0.000000000000 0.000000000000 0.000000000000 0.000000000000 0.000000000000 0.000000000000 0.000011136000 0.000000000000 0.000000000000 0.000000000000 0.000000000000 0.000000000000 0.000000000000 0.000000000000 0.000031417000 0.000000000000 0.000000000000 0.000000000000 0.000025590000 0.000000000000 0.000023797000 0.000083002000 0.057845000000 0.000000000000 0.000000000000 0.000000000000 0.000000000000 0.000000000000 0.000000000000 0.000000000000 0.000096600000 0.000000000000 0.000000000001 0.000000000001 0.000206370000 0.000000000626 0.000819610000 0.001532500000 0.132270000000 0.000000000000 0.000000128390 0.000000006380 0.002922800000 0.000000047277 0.006712600000 0.014881000000 0.280600000000 0.000193500000 0.040079000000 0.075553000000 0.484480000000 0.184950000000 0.641430000000 0.690350000000 0.947880000000 0.000000000000 0.000000000000 0.000000000000 0.000000133910 0.000000000000 0.000008161000 0.000039894000 0.013914000000 0.000000000000 0.000047556000 0.000034006000 0.030884000000 0.000572530000 0.065098000000 0.125630000000 0.576850000000 0.000000000699 0.001433000000 0.003404700000 0.128520000000 0.015159000000 0.228090000000 0.328250000000 0.773510000000 0.072235000000 0.411930000000 0.486770000000 0.861550000000 0.517900000000 0.879260000000 0.852140000000 0.985670000000 0.000481130000 0.048689000000 0.088217000000 0.446910000000 0.175220000000 0.573310000000 0.600030000000 0.914170000000 0.267690000000 0.655180000000 0.648120000000 0.928860000000 0.621200000000 0.924960000000 0.887030000000 0.991490000000 0.295630000000 0.672300000000 0.653410000000 0.931710000000 0.630570000000 0.929990000000 0.889300000000 0.991330000000 0.569680000000 0.912970000000 0.888920000000 0.991580000000 0.814280000000 0.991580000000 0.941820000000 0.999380000000 

0.000000000000 0.000000000000 0.000000000000 0.000000000000 0.000000000000 0.000000000000 0.000000000000 0.000000000000 0.000000000000 0.000000000000 0.000000000000 0.000000000000 0.000000000000 0.000000000000 0.000000000000 0.000009378800 0.000000000000 0.000000000000 0.000000000000 0.000000000000 0.000000000000 0.000000000000 0.000000000000 0.000042143000 0.000000000000 0.000000000000 0.000000000000 0.000022738000 0.000000000000 0.000017842000 0.000072726000 0.125370000000 0.000000000000 0.000000000000 0.000000000000 0.000000000000 0.000000000000 0.000000000000 0.000000000000 0.000112320000 0.000000000000 0.000000000000 0.000000000000 0.000628680000 0.000000000193 0.002192500000 0.003893600000 0.265980000000 0.000000000000 0.000000067071 0.000000002152 0.006881900000 0.000000018466 0.014983000000 0.031472000000 0.496280000000 0.000546650000 0.090863000000 0.164720000000 0.755700000000 0.397580000000 0.905960000000 0.955830000000 0.991830000000 0.000000000000 0.000000000000 0.000000000000 0.000000054294 0.000000000000 0.000007017300 0.000104130000 0.035356000000 0.000000000000 0.000250090000 0.000026340000 0.077585000000 0.001935800000 0.145860000000 0.268570000000 0.847650000000 0.000000000227 0.004019300000 0.009184800000 0.284170000000 0.039361000000 0.468200000000 0.638490000000 0.965550000000 0.199730000000 0.757740000000 0.873890000000 0.988100000000 0.940140000000 0.991600000000 0.991710000000 0.992190000000 0.001652900000 0.142940000000 0.251340000000 0.810660000000 0.491140000000 0.927260000000 0.962920000000 0.992060000000 0.770010000000 0.978500000000 0.985670000000 0.992240000000 0.988340000000 0.992340000000 0.991900000000 0.992130000000 0.910580000000 0.990610000000 0.990680000000 0.991980000000 0.991340000000 0.992200000000 0.991890000000 0.992220000000 0.992880000000 0.992010000000 0.992270000000 0.992150000000 0.992020000000 0.992180000000 0.992120000000 0.992190000000 

N_obs: 4000

File Format:
1- most to least reliable channels (taken entropies)
2- most to least reliable channels (taken error probabilities)
3- channels entropies (flipped)
4- channels error probabilities (flipped)
5- number of MontCarlo simulations
