127 126 123 119 125 124 111 122 121 118 117 115 95 110 120 109 63 116 107 31 94 103 114 47 79 93 55 59 87 91 61 62 113 15 108 23 39 71 106 27 105 29 99 30 7 43 75 51 101 83 102 45 77 78 46 53 85 57 89 92 54 86 58 90 60 11 19 35 67 3 112 14 13 25 97 21 37 69 41 73 49 81 22 38 28 104 70 26 17 9 5 33 65 98 100 1 44 76 42 74 50 82 52 84 56 88 6 12 24 18 10 34 20 96 36 66 40 72 68 48 80 8 16 2 4 32 64 0 

127 126 123 119 125 124 122 111 121 118 117 115 110 95 120 109 116 107 114 94 113 103 63 108 93 106 91 105 87 102 62 112 79 61 101 92 99 59 47 30 89 54 58 31 60 55 23 90 83 43 7 86 69 25 28 104 19 41 76 11 13 46 84 73 52 35 18 72 21 88 81 100 24 68 9 26 33 2 80 48 5 42 20 66 40 45 4 16 34 36 64 0 97 32 77 96 8 6 3 12 71 56 74 10 50 37 82 78 1 70 44 38 98 27 65 14 49 57 53 17 67 51 22 85 29 39 15 75 

0.000000000000 0.000000000000 0.000000006748 0.000229000000 0.000000000000 0.000390660000 0.000433500000 0.084682000000 0.000000006589 0.002737500000 0.006048100000 0.188190000000 0.031178000000 0.329970000000 0.445760000000 0.854290000000 0.000364130000 0.050728000000 0.096823000000 0.498190000000 0.203820000000 0.632520000000 0.662130000000 0.935540000000 0.309830000000 0.717930000000 0.709960000000 0.949080000000 0.674070000000 0.947410000000 0.905180000000 0.994620000000 0.047775000000 0.305770000000 0.372330000000 0.775200000000 0.402570000000 0.789500000000 0.767710000000 0.966200000000 0.401620000000 0.787910000000 0.765920000000 0.964120000000 0.712640000000 0.960180000000 0.913840000000 0.995730000000 0.365430000000 0.751490000000 0.738580000000 0.957990000000 0.707170000000 0.958540000000 0.911590000000 0.995140000000 0.623160000000 0.935660000000 0.910570000000 0.995210000000 0.828950000000 0.994980000000 0.945020000000 0.999620000000 0.165230000000 0.444930000000 0.415690000000 0.811640000000 0.398570000000 0.788430000000 0.766050000000 0.966010000000 0.386950000000 0.780250000000 0.759550000000 0.962440000000 0.708710000000 0.959340000000 0.913330000000 0.995660000000 0.364420000000 0.752220000000 0.738400000000 0.957800000000 0.706240000000 0.957990000000 0.911260000000 0.995000000000 0.619130000000 0.934310000000 0.908550000000 0.994780000000 0.826180000000 0.994180000000 0.943950000000 0.999510000000 0.304470000000 0.681360000000 0.662510000000 0.935050000000 0.652550000000 0.940460000000 0.899530000000 0.993390000000 0.612840000000 0.930730000000 0.906050000000 0.994260000000 0.823590000000 0.993580000000 0.942900000000 0.999390000000 0.487620000000 0.864050000000 0.865990000000 0.990330000000 0.823000000000 0.993730000000 0.942930000000 0.999370000000 0.704280000000 0.967800000000 0.943100000000 0.999430000000 0.853060000000 0.999420000000 0.951600000000 0.999960000000 

0.000000000000 0.000000000000 0.000000002627 0.000827550000 0.000000000000 0.000838410000 0.001111200000 0.179630000000 0.000000002441 0.007398100000 0.015444000000 0.362010000000 0.074380000000 0.589630000000 0.759740000000 0.981010000000 0.001002200000 0.127860000000 0.236040000000 0.806430000000 0.485830000000 0.928040000000 0.963820000000 0.992060000000 0.772980000000 0.979890000000 0.987490000000 0.992150000000 0.989900000000 0.992290000000 0.992190000000 0.992200000000 0.171740000000 0.739750000000 0.868220000000 0.987750000000 0.947880000000 0.991770000000 0.991410000000 0.992140000000 0.974470000000 0.991950000000 0.992490000000 0.992100000000 0.991810000000 0.992250000000 0.992140000000 0.992160000000 0.986290000000 0.992260000000 0.992190000000 0.992080000000 0.992650000000 0.992220000000 0.992100000000 0.992140000000 0.992210000000 0.992280000000 0.992010000000 0.992150000000 0.992410000000 0.992180000000 0.992350000000 0.992190000000 0.776290000000 0.980490000000 0.987290000000 0.991680000000 0.990850000000 0.991520000000 0.992370000000 0.992210000000 0.991690000000 0.991490000000 0.992390000000 0.992130000000 0.992430000000 0.992220000000 0.992360000000 0.992160000000 0.991160000000 0.992090000000 0.992180000000 0.992290000000 0.991900000000 0.992170000000 0.992070000000 0.992180000000 0.992550000000 0.992290000000 0.992240000000 0.992180000000 0.992140000000 0.992180000000 0.992160000000 0.992190000000 0.991620000000 0.991230000000 0.992500000000 0.992050000000 0.992310000000 0.992160000000 0.992040000000 0.992150000000 0.991710000000 0.992450000000 0.992140000000 0.992170000000 0.992070000000 0.992140000000 0.992400000000 0.992180000000 0.992560000000 0.992350000000 0.992090000000 0.992210000000 0.992080000000 0.992220000000 0.992150000000 0.992200000000 0.991950000000 0.992200000000 0.992170000000 0.992180000000 0.992200000000 0.992160000000 0.992270000000 0.992190000000 

N_obs: 4000

File Format:
1- most to least reliable channels (taken entropies)
2- most to least reliable channels (taken error probabilities)
3- channels entropies (flipped)
4- channels error probabilities (flipped)
5- number of MontCarlo simulations
