127 126 125 123 119 111 121 122 124 118 117 115 95 110 109 107 120 116 114 94 103 113 93 63 108 106 91 105 87 62 102 79 31 61 47 59 55 92 101 112 99 15 90 89 71 23 39 27 83 29 75 86 85 30 77 43 104 51 78 45 7 46 53 57 60 54 58 100 11 19 67 35 97 98 13 14 3 25 69 81 73 21 37 88 41 49 70 22 38 82 26 28 84 74 76 42 50 44 17 9 5 65 33 52 56 1 6 96 12 18 10 66 24 68 72 34 80 20 36 40 48 8 16 2 4 32 64 0 

127 126 125 123 119 111 121 122 124 118 115 95 117 110 109 107 120 116 114 103 94 113 108 93 63 106 91 105 102 87 112 92 101 62 90 99 61 79 104 89 59 86 100 55 85 47 83 98 60 31 78 97 88 77 71 45 39 14 75 53 7 54 42 37 6 70 67 84 96 17 50 3 26 9 44 76 10 68 5 73 80 34 20 36 48 2 64 58 8 18 32 0 4 1 16 19 33 28 24 82 25 72 22 56 66 49 40 21 12 74 11 15 57 46 81 27 41 29 69 52 65 38 13 51 35 30 43 23 

0.000000000000 0.000000000000 0.000000000000 0.000000004612 0.000000000000 0.000000004465 0.000000003847 0.002954000000 0.000000000000 0.000000380680 0.000009471200 0.007315500000 0.000012222000 0.015939000000 0.036507000000 0.397220000000 0.000000000010 0.000135620000 0.000156690000 0.045537000000 0.001739000000 0.091804000000 0.172940000000 0.645080000000 0.018472000000 0.257270000000 0.370000000000 0.799610000000 0.453090000000 0.843680000000 0.823880000000 0.980100000000 0.000040893000 0.017591000000 0.036715000000 0.338060000000 0.111020000000 0.485990000000 0.547710000000 0.891600000000 0.224360000000 0.622470000000 0.626380000000 0.921370000000 0.602840000000 0.917800000000 0.880550000000 0.990280000000 0.279160000000 0.658810000000 0.639410000000 0.926580000000 0.617590000000 0.923940000000 0.883600000000 0.990120000000 0.553630000000 0.904270000000 0.880460000000 0.989940000000 0.807850000000 0.989610000000 0.939660000000 0.999170000000 0.036851000000 0.250350000000 0.297020000000 0.699920000000 0.329330000000 0.712620000000 0.695080000000 0.947540000000 0.333770000000 0.711530000000 0.693780000000 0.942770000000 0.650150000000 0.937780000000 0.896630000000 0.993010000000 0.315130000000 0.689470000000 0.673940000000 0.938120000000 0.640920000000 0.935100000000 0.891670000000 0.991480000000 0.573890000000 0.911850000000 0.887420000000 0.990940000000 0.810380000000 0.990210000000 0.939860000000 0.999160000000 0.279410000000 0.636260000000 0.616910000000 0.918800000000 0.598700000000 0.917810000000 0.880440000000 0.989830000000 0.566010000000 0.907860000000 0.884210000000 0.990320000000 0.807080000000 0.988970000000 0.938330000000 0.998960000000 0.455690000000 0.848870000000 0.847070000000 0.985440000000 0.805130000000 0.989170000000 0.938630000000 0.998910000000 0.688480000000 0.964240000000 0.938690000000 0.999020000000 0.849770000000 0.998990000000 0.950580000000 0.999930000000 

0.000000000000 0.000000000000 0.000000000000 0.000000001704 0.000000000000 0.000000001591 0.000000001280 0.008765600000 0.000000000000 0.000000198080 0.000246330000 0.017151000000 0.000009803300 0.036405000000 0.079330000000 0.646490000000 0.000000000003 0.000468120000 0.000726230000 0.100580000000 0.004248300000 0.195230000000 0.345330000000 0.883030000000 0.047457000000 0.498900000000 0.685410000000 0.971650000000 0.860310000000 0.987220000000 0.989790000000 0.992080000000 0.000048299000 0.050917000000 0.102720000000 0.654390000000 0.289170000000 0.840760000000 0.918550000000 0.990420000000 0.619850000000 0.958020000000 0.978830000000 0.992050000000 0.987170000000 0.992220000000 0.992320000000 0.992160000000 0.868750000000 0.989040000000 0.990730000000 0.992140000000 0.991520000000 0.992290000000 0.992150000000 0.992230000000 0.990970000000 0.992030000000 0.992370000000 0.992140000000 0.992030000000 0.992250000000 0.992380000000 0.992170000000 0.162270000000 0.731190000000 0.865740000000 0.987420000000 0.948880000000 0.992180000000 0.992310000000 0.992240000000 0.975800000000 0.991910000000 0.991730000000 0.992380000000 0.992530000000 0.992100000000 0.992260000000 0.992170000000 0.983530000000 0.992320000000 0.991010000000 0.992130000000 0.992600000000 0.991930000000 0.992330000000 0.992270000000 0.991310000000 0.992430000000 0.991970000000 0.992170000000 0.992530000000 0.992160000000 0.992200000000 0.992190000000 0.987710000000 0.992570000000 0.992360000000 0.992210000000 0.992330000000 0.992110000000 0.992220000000 0.992210000000 0.993050000000 0.992230000000 0.992270000000 0.992170000000 0.992200000000 0.992190000000 0.992080000000 0.992190000000 0.992290000000 0.991460000000 0.992440000000 0.992280000000 0.992290000000 0.992140000000 0.992110000000 0.992180000000 0.991740000000 0.992020000000 0.992150000000 0.992190000000 0.992110000000 0.992170000000 0.992190000000 0.992190000000 

N_obs: 4000

File Format:
1- most to least reliable channels (taken entropies)
2- most to least reliable channels (taken error probabilities)
3- channels entropies (flipped)
4- channels error probabilities (flipped)
5- number of MontCarlo simulations
