127 126 125 124 123 122 121 119 118 117 115 111 110 109 95 107 103 94 91 93 114 120 113 116 87 108 63 106 105 102 101 92 62 90 61 79 99 89 112 59 86 104 85 100 55 83 60 78 98 47 88 77 58 31 97 57 75 84 71 54 15 53 51 39 23 82 27 43 46 45 29 30 81 76 7 67 74 73 56 96 69 11 19 35 70 13 14 49 52 37 21 25 41 50 3 38 22 26 42 44 28 80 65 9 5 17 33 1 6 72 66 68 12 10 18 34 48 20 36 40 24 64 8 16 2 4 32 0 

127 126 125 124 123 122 121 119 118 117 115 111 110 109 95 107 103 94 91 93 114 120 113 116 87 108 63 106 105 102 101 92 62 90 99 79 61 89 112 86 59 104 85 100 83 55 98 78 60 88 77 97 58 84 47 57 75 82 54 71 53 31 81 76 96 51 46 56 74 45 73 43 39 70 30 69 52 80 29 67 27 23 7 49 50 3 21 38 19 14 10 65 15 33 18 34 37 22 66 1 24 32 48 36 28 4 64 0 8 41 16 2 20 68 17 5 12 72 6 25 40 9 26 44 42 11 13 35 

0.000000000000 0.000000000000 0.000000000000 0.000000000000 0.000000000000 0.000000000000 0.000000000000 0.000000187410 0.000000000000 0.000000000000 0.000000000000 0.000005063900 0.000000000000 0.000000171460 0.000001830600 0.013221000000 0.000000000000 0.000000000000 0.000000000000 0.000011170000 0.000000000000 0.000050630000 0.000067848000 0.030911000000 0.000000000000 0.000443210000 0.000785870000 0.071761000000 0.003698500000 0.148800000000 0.251970000000 0.743910000000 0.000000000000 0.000000000004 0.000000012482 0.001213500000 0.000000003026 0.002450300000 0.005783900000 0.192550000000 0.000005901200 0.017913000000 0.033626000000 0.346060000000 0.097353000000 0.502180000000 0.580800000000 0.909510000000 0.003352000000 0.118390000000 0.196740000000 0.633360000000 0.299730000000 0.725220000000 0.726730000000 0.955050000000 0.364200000000 0.764860000000 0.753600000000 0.961200000000 0.710100000000 0.960970000000 0.917000000000 0.996470000000 0.000027485000 0.001494000000 0.003281800000 0.113150000000 0.015199000000 0.208350000000 0.294750000000 0.730940000000 0.073353000000 0.378070000000 0.436600000000 0.827610000000 0.463910000000 0.839350000000 0.817160000000 0.978390000000 0.174810000000 0.516710000000 0.516840000000 0.871070000000 0.506210000000 0.865980000000 0.834110000000 0.980430000000 0.467160000000 0.847960000000 0.827780000000 0.978900000000 0.763690000000 0.977110000000 0.929120000000 0.997980000000 0.217240000000 0.541400000000 0.518710000000 0.873460000000 0.502770000000 0.864370000000 0.832280000000 0.980570000000 0.475070000000 0.849750000000 0.829280000000 0.978890000000 0.763510000000 0.976690000000 0.927620000000 0.997620000000 0.414540000000 0.806350000000 0.796530000000 0.973280000000 0.759040000000 0.976420000000 0.927200000000 0.997470000000 0.662480000000 0.953660000000 0.927520000000 0.997720000000 0.841600000000 0.997700000000 0.948480000000 0.999830000000 

0.000000000000 0.000000000000 0.000000000000 0.000000000000 0.000000000000 0.000000000000 0.000000000000 0.000000095302 0.000000000000 0.000000000000 0.000000000000 0.000003814300 0.000000000000 0.000000075026 0.000001075300 0.030515000000 0.000000000000 0.000000000000 0.000000000000 0.000010431000 0.000000000000 0.000070021000 0.000313300000 0.068996000000 0.000000000000 0.000931740000 0.002073300000 0.146970000000 0.008637100000 0.287620000000 0.462100000000 0.936210000000 0.000000000000 0.000000000001 0.000000005120 0.004089700000 0.000000001072 0.005379000000 0.013270000000 0.369880000000 0.000004554600 0.042080000000 0.077966000000 0.599230000000 0.227240000000 0.788840000000 0.889740000000 0.989610000000 0.009429200000 0.289160000000 0.440380000000 0.909020000000 0.681910000000 0.969760000000 0.981390000000 0.992230000000 0.868080000000 0.988200000000 0.989320000000 0.992200000000 0.990280000000 0.992100000000 0.992030000000 0.992180000000 0.000052246000 0.005162800000 0.011909000000 0.293600000000 0.048631000000 0.497940000000 0.664760000000 0.966870000000 0.235960000000 0.793800000000 0.887780000000 0.989400000000 0.953860000000 0.991780000000 0.991740000000 0.992150000000 0.631220000000 0.961720000000 0.977550000000 0.992400000000 0.985550000000 0.992420000000 0.992190000000 0.992290000000 0.988200000000 0.991840000000 0.992090000000 0.992150000000 0.992850000000 0.992080000000 0.992050000000 0.992140000000 0.888060000000 0.988810000000 0.990110000000 0.992160000000 0.991260000000 0.992380000000 0.992260000000 0.992120000000 0.991560000000 0.992100000000 0.991820000000 0.992200000000 0.991900000000 0.992080000000 0.992220000000 0.992190000000 0.992050000000 0.991990000000 0.992600000000 0.992230000000 0.992460000000 0.992000000000 0.992310000000 0.992190000000 0.991570000000 0.992240000000 0.992220000000 0.992170000000 0.991780000000 0.992190000000 0.992100000000 0.992190000000 

N_obs: 4000

File Format:
1- most to least reliable channels (taken entropies)
2- most to least reliable channels (taken error probabilities)
3- channels entropies (flipped)
4- channels error probabilities (flipped)
5- number of MontCarlo simulations
