127 126 125 124 123 122 121 119 118 111 95 117 115 110 109 107 103 94 63 120 93 116 91 114 113 108 106 105 87 102 101 92 62 90 61 79 99 112 89 59 86 104 85 55 100 47 60 31 83 78 98 77 88 58 75 71 97 15 57 23 39 54 51 53 27 43 29 84 45 30 46 7 82 81 67 76 11 19 35 73 69 74 13 70 14 56 3 21 37 25 96 49 41 22 38 52 50 26 42 28 44 65 9 17 5 33 1 80 6 72 66 68 12 10 18 34 20 36 24 40 48 64 8 16 2 4 32 0 

127 126 125 124 123 122 121 119 118 111 95 117 115 110 109 107 103 94 63 120 116 93 114 106 108 91 113 105 87 102 101 92 62 90 99 61 112 79 89 104 86 59 85 100 98 83 55 60 78 88 97 77 58 47 84 57 75 54 82 31 71 81 53 96 76 51 46 56 74 45 43 73 39 69 70 67 52 3 15 5 42 38 35 80 33 66 72 23 22 50 36 28 34 64 24 16 68 20 6 10 2 30 1 0 12 32 18 8 41 4 40 48 44 26 21 25 17 65 49 14 19 9 29 37 27 13 11 7 

0.000000000000 0.000000000000 0.000000000000 0.000000000000 0.000000000000 0.000000000000 0.000000000000 0.000000940930 0.000000000000 0.000000000000 0.000000000000 0.000008235000 0.000000000000 0.000055782000 0.000122820000 0.033389000000 0.000000000000 0.000000000000 0.000000000000 0.000154660000 0.000000000002 0.000224050000 0.000680710000 0.075528000000 0.000000149670 0.002050300000 0.004954700000 0.165760000000 0.023691000000 0.302360000000 0.425560000000 0.846840000000 0.000000000000 0.000000153990 0.000008182600 0.007728000000 0.000025702000 0.016786000000 0.033913000000 0.359560000000 0.000868610000 0.068550000000 0.123800000000 0.554460000000 0.238740000000 0.681690000000 0.701230000000 0.949520000000 0.023260000000 0.252180000000 0.347570000000 0.771310000000 0.414040000000 0.808720000000 0.787340000000 0.970730000000 0.422240000000 0.814560000000 0.797680000000 0.972490000000 0.742980000000 0.971640000000 0.924910000000 0.997510000000 0.000000691030 0.009780800000 0.020549000000 0.237770000000 0.064526000000 0.372880000000 0.433720000000 0.828650000000 0.159200000000 0.511260000000 0.526030000000 0.877520000000 0.521840000000 0.878130000000 0.848510000000 0.984350000000 0.231410000000 0.582000000000 0.566220000000 0.896670000000 0.539690000000 0.887370000000 0.852810000000 0.984180000000 0.497680000000 0.868800000000 0.844600000000 0.982380000000 0.777900000000 0.981230000000 0.932230000000 0.998360000000 0.238170000000 0.570770000000 0.542620000000 0.887540000000 0.527240000000 0.879690000000 0.845690000000 0.983170000000 0.496180000000 0.867100000000 0.843990000000 0.982280000000 0.776450000000 0.980200000000 0.930620000000 0.998040000000 0.429350000000 0.818540000000 0.811140000000 0.976880000000 0.773820000000 0.980130000000 0.930540000000 0.997930000000 0.669350000000 0.956390000000 0.930750000000 0.998100000000 0.843770000000 0.998070000000 0.949120000000 0.999860000000 

0.000000000000 0.000000000000 0.000000000000 0.000000000000 0.000000000000 0.000000000000 0.000000000000 0.000000506100 0.000000000000 0.000000000000 0.000000000000 0.000006587500 0.000000000000 0.000225220000 0.000530000000 0.068521000000 0.000000000000 0.000000000000 0.000000000000 0.000450970000 0.000000000000 0.000330410000 0.001621200000 0.152880000000 0.000000075522 0.005056000000 0.012105000000 0.313680000000 0.054104000000 0.523410000000 0.709290000000 0.977170000000 0.000000000000 0.000000075751 0.000008824300 0.019564000000 0.000508300000 0.040164000000 0.080606000000 0.624920000000 0.002465300000 0.155760000000 0.276770000000 0.830170000000 0.524910000000 0.935210000000 0.966670000000 0.992060000000 0.073571000000 0.556950000000 0.731820000000 0.977680000000 0.880770000000 0.988870000000 0.990170000000 0.992110000000 0.952220000000 0.991710000000 0.991400000000 0.992180000000 0.991780000000 0.992090000000 0.992310000000 0.992160000000 0.000000403980 0.031492000000 0.065898000000 0.550900000000 0.207430000000 0.764480000000 0.876970000000 0.988150000000 0.525390000000 0.930850000000 0.967470000000 0.991800000000 0.981060000000 0.992130000000 0.992330000000 0.992250000000 0.823380000000 0.984380000000 0.989040000000 0.992260000000 0.990100000000 0.991910000000 0.992210000000 0.992250000000 0.990240000000 0.991910000000 0.992490000000 0.992130000000 0.991960000000 0.992150000000 0.992060000000 0.992200000000 0.943810000000 0.992190000000 0.992380000000 0.992150000000 0.992510000000 0.992260000000 0.992280000000 0.992160000000 0.992120000000 0.992120000000 0.992270000000 0.992180000000 0.992350000000 0.992200000000 0.992280000000 0.992170000000 0.991850000000 0.992340000000 0.992600000000 0.992200000000 0.992630000000 0.992190000000 0.992380000000 0.992210000000 0.992920000000 0.992180000000 0.991900000000 0.992210000000 0.991820000000 0.992190000000 0.992190000000 0.992190000000 

N_obs: 4000

File Format:
1- most to least reliable channels (taken entropies)
2- most to least reliable channels (taken error probabilities)
3- channels entropies (flipped)
4- channels error probabilities (flipped)
5- number of MontCarlo simulations
