127 126 125 123 119 124 122 111 121 118 117 115 95 110 120 63 109 116 107 31 103 47 79 94 55 59 87 93 61 91 62 114 15 113 23 108 39 71 27 29 30 99 7 106 105 43 51 75 83 101 45 77 102 46 78 53 57 85 89 54 58 86 92 90 60 11 19 35 67 3 14 13 112 25 21 37 97 69 41 73 49 81 22 28 38 70 17 9 5 33 26 65 1 104 98 100 44 76 42 50 74 52 82 84 56 6 88 12 24 18 10 34 20 36 40 66 72 96 68 48 80 8 16 2 4 32 64 0 

127 126 125 123 119 124 122 121 111 118 117 115 110 120 95 109 116 107 114 63 94 103 113 108 93 106 91 105 87 62 102 112 79 101 99 61 83 55 7 30 51 78 71 58 31 92 89 86 46 29 57 85 42 1 52 60 44 19 45 104 73 22 81 90 25 100 6 35 69 76 47 74 17 72 49 68 80 20 64 4 0 8 2 32 48 16 36 11 37 33 12 96 10 5 18 3 77 66 28 34 54 50 9 65 98 40 84 88 82 53 39 24 41 56 38 97 70 13 21 67 23 26 75 14 15 27 43 59 

0.000000000000 0.000000000004 0.000000000006 0.000542130000 0.000000001388 0.001635700000 0.003487900000 0.153020000000 0.000006001400 0.010507000000 0.023943000000 0.297460000000 0.076314000000 0.465470000000 0.558480000000 0.898850000000 0.002801200000 0.112070000000 0.189790000000 0.626240000000 0.297830000000 0.716740000000 0.717180000000 0.952340000000 0.363040000000 0.760140000000 0.744500000000 0.958530000000 0.701520000000 0.957370000000 0.912950000000 0.995800000000 0.086063000000 0.385830000000 0.422550000000 0.812970000000 0.430720000000 0.815570000000 0.790430000000 0.971080000000 0.418770000000 0.807060000000 0.784790000000 0.968150000000 0.727320000000 0.965240000000 0.917770000000 0.996250000000 0.379220000000 0.765240000000 0.754870000000 0.962410000000 0.720610000000 0.963210000000 0.915570000000 0.995740000000 0.633010000000 0.940590000000 0.914960000000 0.995910000000 0.832010000000 0.995630000000 0.945810000000 0.999670000000 0.174830000000 0.458450000000 0.429890000000 0.821150000000 0.411810000000 0.799290000000 0.777440000000 0.968510000000 0.404930000000 0.793900000000 0.769380000000 0.964430000000 0.719660000000 0.962830000000 0.916230000000 0.996050000000 0.372110000000 0.763020000000 0.750720000000 0.961610000000 0.717810000000 0.962710000000 0.915100000000 0.995570000000 0.629310000000 0.938560000000 0.912720000000 0.995410000000 0.829450000000 0.994880000000 0.944620000000 0.999570000000 0.307870000000 0.685200000000 0.672380000000 0.937230000000 0.667600000000 0.945180000000 0.903460000000 0.994000000000 0.616950000000 0.935690000000 0.910210000000 0.994960000000 0.827090000000 0.994300000000 0.943700000000 0.999460000000 0.493730000000 0.868080000000 0.870100000000 0.991240000000 0.826340000000 0.994470000000 0.943910000000 0.999450000000 0.705120000000 0.968670000000 0.943980000000 0.999510000000 0.853690000000 0.999490000000 0.951740000000 0.999960000000 

0.000000000000 0.000000000001 0.000000000001 0.001243400000 0.000000000438 0.003811400000 0.008037100000 0.305940000000 0.000004716600 0.025762000000 0.055524000000 0.540640000000 0.177210000000 0.761880000000 0.877200000000 0.988910000000 0.009071100000 0.272030000000 0.445990000000 0.907780000000 0.689720000000 0.970180000000 0.982260000000 0.992080000000 0.874820000000 0.988080000000 0.990570000000 0.992120000000 0.990720000000 0.992240000000 0.992330000000 0.992210000000 0.322740000000 0.856400000000 0.935010000000 0.991790000000 0.972480000000 0.992110000000 0.991800000000 0.992250000000 0.983050000000 0.991800000000 0.991950000000 0.992250000000 0.991280000000 0.992250000000 0.992100000000 0.992180000000 0.989290000000 0.991660000000 0.992210000000 0.992130000000 0.992610000000 0.992150000000 0.992080000000 0.992170000000 0.991690000000 0.992330000000 0.992130000000 0.992180000000 0.992380000000 0.992210000000 0.992230000000 0.992180000000 0.845850000000 0.987340000000 0.991060000000 0.992040000000 0.993440000000 0.991710000000 0.991910000000 0.992280000000 0.991410000000 0.992220000000 0.992260000000 0.992030000000 0.991580000000 0.992230000000 0.992170000000 0.992190000000 0.992130000000 0.991840000000 0.992070000000 0.992040000000 0.992960000000 0.992020000000 0.992280000000 0.992240000000 0.992260000000 0.992290000000 0.992200000000 0.992200000000 0.992120000000 0.992220000000 0.992200000000 0.992190000000 0.991750000000 0.991520000000 0.991910000000 0.992220000000 0.992850000000 0.992500000000 0.992110000000 0.992260000000 0.992470000000 0.992090000000 0.992370000000 0.992180000000 0.992050000000 0.992210000000 0.992160000000 0.992190000000 0.992690000000 0.992680000000 0.992360000000 0.992210000000 0.992200000000 0.992210000000 0.992230000000 0.992190000000 0.991470000000 0.992120000000 0.992210000000 0.992180000000 0.992210000000 0.992190000000 0.992030000000 0.992190000000 

N_obs: 4000

File Format:
1- most to least reliable channels (taken entropies)
2- most to least reliable channels (taken error probabilities)
3- channels entropies (flipped)
4- channels error probabilities (flipped)
5- number of MontCarlo simulations
