127 126 125 124 123 122 121 120 119 118 117 116 115 114 113 111 110 109 108 107 106 105 103 102 101 99 95 94 93 92 91 90 89 87 86 85 83 79 78 77 75 71 63 62 61 60 59 58 57 55 54 53 51 47 31 46 45 112 104 43 100 98 88 97 39 84 82 76 81 29 73 74 30 70 52 69 56 49 50 67 27 44 42 23 41 38 96 80 37 72 28 68 26 15 35 25 48 66 22 40 65 21 36 19 14 34 24 13 33 11 7 20 64 18 17 12 10 9 32 6 5 3 16 8 4 2 1 0 

127 126 125 124 123 122 121 120 119 118 117 116 115 114 113 111 110 109 108 107 106 105 103 102 101 99 95 94 93 92 91 90 89 87 86 85 83 79 78 77 75 71 63 62 61 60 59 58 57 55 54 53 51 47 31 46 45 112 104 43 100 98 88 97 39 84 82 76 81 29 73 74 30 70 52 69 56 49 50 67 27 44 42 23 41 38 96 80 37 72 28 68 26 35 15 25 66 48 22 40 65 21 36 19 34 14 24 33 13 64 20 11 18 7 17 12 32 10 9 6 5 16 2 1 8 0 3 4 

0.000000000000 0.000000000000 0.000000000000 0.000000000000 0.000000000000 0.000000000000 0.000000000000 0.000000000000 0.000000000000 0.000000000000 0.000000000000 0.000000000000 0.000000000000 0.000000000000 0.000000000000 0.000000000000 0.000000000000 0.000000000000 0.000000000000 0.000000000000 0.000000000000 0.000000000000 0.000000000000 0.000000000000 0.000000000000 0.000000000000 0.000000000000 0.000000000000 0.000000000000 0.000000000001 0.000000000003 0.000900670000 0.000000000000 0.000000000000 0.000000000000 0.000000000000 0.000000000000 0.000000000000 0.000000000000 0.000000000002 0.000000000000 0.000000000000 0.000000000000 0.000000000008 0.000000000000 0.000000000042 0.000000000673 0.001885800000 0.000000000000 0.000000000000 0.000000000000 0.000000000105 0.000000000000 0.000000015844 0.000000014647 0.004153600000 0.000000000000 0.000001809500 0.000002745400 0.010030000000 0.000022276000 0.028448000000 0.072974000000 0.535520000000 0.000000000000 0.000000000000 0.000000000000 0.000000000000 0.000000000000 0.000000000000 0.000000000000 0.000003903400 0.000000000000 0.000000000000 0.000000000000 0.000002048400 0.000000000000 0.000010309000 0.000007682600 0.026291000000 0.000000000000 0.000000000000 0.000000000000 0.000072753000 0.000000000000 0.000116690000 0.000344420000 0.060938000000 0.000000000005 0.000890950000 0.002674800000 0.133580000000 0.016351000000 0.267370000000 0.397450000000 0.836490000000 0.000000000000 0.000000108290 0.000000001017 0.005489200000 0.000022963000 0.010861000000 0.022708000000 0.313660000000 0.000194790000 0.051152000000 0.100120000000 0.518120000000 0.205980000000 0.663190000000 0.713760000000 0.948160000000 0.016000000000 0.227220000000 0.327390000000 0.768090000000 0.418460000000 0.816450000000 0.831340000000 0.971480000000 0.473930000000 0.854210000000 0.861730000000 0.975510000000 0.878470000000 0.980050000000 0.983260000000 0.997840000000 

0.000000000000 0.000000000000 0.000000000000 0.000000000000 0.000000000000 0.000000000000 0.000000000000 0.000000000000 0.000000000000 0.000000000000 0.000000000000 0.000000000000 0.000000000000 0.000000000000 0.000000000000 0.000000000000 0.000000000000 0.000000000000 0.000000000000 0.000000000000 0.000000000000 0.000000000000 0.000000000000 0.000000000000 0.000000000000 0.000000000000 0.000000000000 0.000000000000 0.000000000000 0.000000000000 0.000000000001 0.002454800000 0.000000000000 0.000000000000 0.000000000000 0.000000000000 0.000000000000 0.000000000000 0.000000000000 0.000000000000 0.000000000000 0.000000000000 0.000000000000 0.000000000002 0.000000000000 0.000000000012 0.000000000234 0.004742800000 0.000000000000 0.000000000000 0.000000000000 0.000000000032 0.000000000000 0.000000007007 0.000000006298 0.012092000000 0.000000000000 0.000001452500 0.000002210700 0.027437000000 0.000030331000 0.068001000000 0.160530000000 0.819090000000 0.000000000000 0.000000000000 0.000000000000 0.000000000000 0.000000000000 0.000000000000 0.000000000000 0.000003703600 0.000000000000 0.000000000000 0.000000000000 0.000001752400 0.000000000000 0.000013527000 0.000007729100 0.068426000000 0.000000000000 0.000000000000 0.000000000000 0.000135760000 0.000000000000 0.000141290000 0.001379200000 0.146620000000 0.000000000001 0.002374300000 0.007548600000 0.287220000000 0.045237000000 0.509680000000 0.711780000000 0.983740000000 0.000000000000 0.000000060813 0.000000000335 0.016323000000 0.000045903000 0.031837000000 0.061883000000 0.601430000000 0.001283200000 0.134760000000 0.247080000000 0.824440000000 0.494380000000 0.939750000000 0.972900000000 0.995950000000 0.058092000000 0.539650000000 0.722040000000 0.980740000000 0.891070000000 0.992200000000 0.994220000000 0.996080000000 0.958190000000 0.995320000000 0.995820000000 0.996150000000 0.996130000000 0.996070000000 0.996070000000 0.996090000000 

N_obs: 4000

File Format:
1- most to least reliable channels (taken entropies)
2- most to least reliable channels (taken error probabilities)
3- channels entropies (flipped)
4- channels error probabilities (flipped)
5- number of MontCarlo simulations
