127 126 125 123 119 124 122 121 111 118 95 63 117 31 115 110 47 79 55 109 120 103 59 107 87 61 62 91 15 93 94 23 39 116 71 27 29 30 7 51 113 43 114 99 75 83 45 77 46 57 78 53 101 105 54 85 58 108 102 89 11 19 35 67 106 60 86 3 90 92 14 13 25 21 37 49 41 69 73 97 81 28 22 17 9 5 33 65 38 70 1 26 112 6 44 50 76 42 52 56 98 74 100 82 104 84 88 12 24 18 10 34 20 36 40 48 72 66 68 80 96 8 16 2 4 32 64 0 

127 126 123 125 119 124 122 121 111 118 117 115 120 95 110 109 116 63 107 114 103 94 113 93 108 79 106 87 91 71 59 61 86 7 43 19 39 54 55 102 46 85 84 99 13 53 21 92 22 26 78 47 65 17 35 25 58 75 28 90 36 27 3 68 10 112 37 101 56 34 12 52 66 40 42 8 0 100 64 2 96 16 76 32 4 105 20 72 11 24 33 80 48 1 50 44 18 104 49 73 6 98 82 5 97 89 74 41 60 38 88 14 81 9 67 77 69 29 70 30 15 62 83 57 51 23 45 31 

0.000000000000 0.000001529700 0.000069508000 0.013434000000 0.000093768000 0.029207000000 0.064170000000 0.447180000000 0.004138100000 0.123640000000 0.204890000000 0.657850000000 0.324150000000 0.752520000000 0.750520000000 0.962520000000 0.067031000000 0.382520000000 0.446610000000 0.832290000000 0.468310000000 0.844760000000 0.814900000000 0.976460000000 0.451220000000 0.833610000000 0.812810000000 0.975530000000 0.753980000000 0.974080000000 0.926420000000 0.997630000000 0.194780000000 0.527800000000 0.512400000000 0.871910000000 0.501020000000 0.862850000000 0.833780000000 0.980420000000 0.469700000000 0.849250000000 0.827140000000 0.978670000000 0.762880000000 0.976070000000 0.926950000000 0.997560000000 0.410020000000 0.800800000000 0.793530000000 0.972580000000 0.757810000000 0.974720000000 0.925520000000 0.997190000000 0.659750000000 0.951270000000 0.924900000000 0.997320000000 0.839190000000 0.997210000000 0.947610000000 0.999780000000 0.201050000000 0.497340000000 0.470390000000 0.846450000000 0.453160000000 0.828950000000 0.799940000000 0.973690000000 0.433850000000 0.822190000000 0.803480000000 0.973130000000 0.745990000000 0.971530000000 0.923030000000 0.997070000000 0.400270000000 0.795600000000 0.786100000000 0.970560000000 0.750690000000 0.972920000000 0.923410000000 0.996890000000 0.651240000000 0.948570000000 0.921690000000 0.996790000000 0.835790000000 0.996470000000 0.946500000000 0.999700000000 0.323790000000 0.709980000000 0.692160000000 0.944010000000 0.689770000000 0.955420000000 0.912750000000 0.995660000000 0.640250000000 0.945580000000 0.920000000000 0.996500000000 0.834370000000 0.996060000000 0.945810000000 0.999630000000 0.504520000000 0.875760000000 0.877190000000 0.993510000000 0.833880000000 0.996280000000 0.945920000000 0.999630000000 0.713270000000 0.969840000000 0.946030000000 0.999660000000 0.855230000000 0.999650000000 0.952210000000 0.999970000000 

0.000000000000 0.000000883480 0.000184400000 0.034380000000 0.000156670000 0.069802000000 0.145550000000 0.745980000000 0.011637000000 0.278160000000 0.449700000000 0.917360000000 0.704780000000 0.974030000000 0.984490000000 0.992160000000 0.214650000000 0.782100000000 0.896250000000 0.989860000000 0.957170000000 0.991250000000 0.992190000000 0.992230000000 0.977740000000 0.991960000000 0.992170000000 0.992180000000 0.992010000000 0.992250000000 0.992270000000 0.992190000000 0.747200000000 0.979870000000 0.987500000000 0.992060000000 0.991480000000 0.992140000000 0.992270000000 0.992320000000 0.991470000000 0.991660000000 0.991990000000 0.992000000000 0.992630000000 0.992250000000 0.992380000000 0.992210000000 0.991190000000 0.992070000000 0.992410000000 0.992190000000 0.992120000000 0.992290000000 0.992250000000 0.992200000000 0.991520000000 0.992460000000 0.992450000000 0.992150000000 0.992390000000 0.992180000000 0.992100000000 0.992190000000 0.947090000000 0.992470000000 0.991630000000 0.992310000000 0.991620000000 0.992120000000 0.992650000000 0.992170000000 0.991930000000 0.991810000000 0.992030000000 0.992180000000 0.992740000000 0.992220000000 0.992230000000 0.992210000000 0.992090000000 0.991970000000 0.992950000000 0.992220000000 0.991760000000 0.992180000000 0.992310000000 0.992180000000 0.991800000000 0.992310000000 0.992170000000 0.992140000000 0.992120000000 0.992170000000 0.992210000000 0.992190000000 0.993860000000 0.992460000000 0.992460000000 0.992130000000 0.992140000000 0.992070000000 0.992120000000 0.992210000000 0.992810000000 0.992070000000 0.992040000000 0.992200000000 0.991760000000 0.992220000000 0.992110000000 0.992190000000 0.992460000000 0.992370000000 0.992030000000 0.992170000000 0.992210000000 0.992160000000 0.992380000000 0.992180000000 0.991710000000 0.992250000000 0.992260000000 0.992190000000 0.992150000000 0.992190000000 0.992210000000 0.992180000000 

N_obs: 4000

File Format:
1- most to least reliable channels (taken entropies)
2- most to least reliable channels (taken error probabilities)
3- channels entropies (flipped)
4- channels error probabilities (flipped)
5- number of MontCarlo simulations
