127 126 125 123 119 111 122 124 121 118 117 115 95 110 109 120 107 116 114 63 94 103 113 93 108 31 91 79 47 87 106 55 59 61 62 105 15 102 23 99 71 101 39 92 27 29 30 75 83 112 43 51 89 7 77 90 45 85 78 46 53 86 57 54 58 60 11 19 35 67 3 104 14 13 97 25 21 69 37 73 81 41 49 100 98 22 70 38 28 26 17 9 5 33 65 82 74 76 88 42 84 44 50 1 52 56 6 12 96 18 10 24 34 20 66 68 72 36 40 80 48 8 16 2 4 32 64 0 

127 126 125 123 119 111 122 124 121 118 117 115 110 95 109 120 107 116 114 94 113 103 108 63 93 106 91 105 102 112 87 62 92 101 79 61 99 90 104 59 89 55 31 47 39 86 83 100 77 46 67 30 14 58 53 19 60 11 50 17 38 71 15 44 81 52 9 97 65 75 54 66 22 74 18 6 48 24 85 34 40 20 41 80 68 2 72 36 64 8 32 0 16 4 88 98 26 27 3 13 23 12 10 78 5 57 37 56 96 84 43 70 1 28 73 82 69 33 42 76 49 35 21 25 51 7 29 45 

0.000000000000 0.000000000000 0.000000000000 0.000003383700 0.000000000000 0.000001593000 0.000078926000 0.019219000000 0.000000000000 0.000115860000 0.000247090000 0.047530000000 0.001548900000 0.102760000000 0.187140000000 0.676440000000 0.000000007358 0.004968100000 0.008964200000 0.214890000000 0.040482000000 0.361420000000 0.458280000000 0.855080000000 0.143460000000 0.554640000000 0.596050000000 0.910610000000 0.594690000000 0.914860000000 0.879460000000 0.990440000000 0.004615500000 0.124400000000 0.206220000000 0.628020000000 0.300430000000 0.701840000000 0.696240000000 0.947160000000 0.346620000000 0.734260000000 0.713420000000 0.949000000000 0.670570000000 0.944750000000 0.901680000000 0.993750000000 0.332310000000 0.713930000000 0.700720000000 0.946510000000 0.668470000000 0.945070000000 0.900170000000 0.993180000000 0.595780000000 0.923720000000 0.898600000000 0.993110000000 0.819670000000 0.992900000000 0.942860000000 0.999440000000 0.108380000000 0.378910000000 0.378510000000 0.774740000000 0.370030000000 0.756830000000 0.739680000000 0.959470000000 0.363220000000 0.749390000000 0.728070000000 0.953830000000 0.680750000000 0.950640000000 0.906270000000 0.994590000000 0.339090000000 0.725060000000 0.707050000000 0.949420000000 0.678970000000 0.948330000000 0.903270000000 0.993600000000 0.596680000000 0.925570000000 0.899770000000 0.993250000000 0.819350000000 0.992500000000 0.942370000000 0.999370000000 0.296640000000 0.662590000000 0.642600000000 0.926250000000 0.631350000000 0.931780000000 0.890680000000 0.991800000000 0.588130000000 0.921820000000 0.895770000000 0.992540000000 0.815810000000 0.991470000000 0.940820000000 0.999200000000 0.474610000000 0.857510000000 0.857960000000 0.988200000000 0.815440000000 0.991710000000 0.941040000000 0.999190000000 0.697640000000 0.966350000000 0.941200000000 0.999260000000 0.851490000000 0.999240000000 0.951150000000 0.999940000000 

0.000000000000 0.000000000000 0.000000000000 0.000002340000 0.000000000000 0.000000904990 0.000111210000 0.043200000000 0.000000000000 0.000337640000 0.000561610000 0.100510000000 0.004168700000 0.208340000000 0.361100000000 0.904500000000 0.000000002836 0.011800000000 0.022500000000 0.424520000000 0.096667000000 0.638110000000 0.789250000000 0.982250000000 0.374540000000 0.886560000000 0.945290000000 0.991650000000 0.973700000000 0.992200000000 0.992090000000 0.992230000000 0.015865000000 0.348040000000 0.525400000000 0.940780000000 0.766950000000 0.980710000000 0.987200000000 0.992200000000 0.913790000000 0.990770000000 0.992170000000 0.992250000000 0.991070000000 0.992300000000 0.992080000000 0.992180000000 0.963950000000 0.992220000000 0.991770000000 0.992360000000 0.992110000000 0.992140000000 0.992300000000 0.992180000000 0.992040000000 0.992270000000 0.992330000000 0.992180000000 0.991810000000 0.992130000000 0.992110000000 0.992180000000 0.512270000000 0.928910000000 0.972820000000 0.991930000000 0.983870000000 0.991880000000 0.992230000000 0.992230000000 0.988610000000 0.992120000000 0.991910000000 0.992090000000 0.992460000000 0.991960000000 0.992360000000 0.992150000000 0.989260000000 0.991780000000 0.992910000000 0.992070000000 0.992260000000 0.992340000000 0.992170000000 0.992170000000 0.990730000000 0.992020000000 0.992230000000 0.992180000000 0.992390000000 0.992170000000 0.992330000000 0.992190000000 0.989030000000 0.991850000000 0.992870000000 0.992300000000 0.992210000000 0.992210000000 0.992440000000 0.992160000000 0.992220000000 0.992140000000 0.992410000000 0.992170000000 0.991920000000 0.992150000000 0.992020000000 0.992190000000 0.992060000000 0.991860000000 0.992220000000 0.992220000000 0.991960000000 0.992220000000 0.992090000000 0.992190000000 0.992760000000 0.992150000000 0.992230000000 0.992190000000 0.992210000000 0.992180000000 0.992280000000 0.992190000000 

N_obs: 4000

File Format:
1- most to least reliable channels (taken entropies)
2- most to least reliable channels (taken error probabilities)
3- channels entropies (flipped)
4- channels error probabilities (flipped)
5- number of MontCarlo simulations
