127 126 125 124 123 122 121 119 118 117 115 111 110 109 107 103 95 63 93 94 120 87 116 114 113 108 106 101 91 102 105 62 92 99 61 90 89 79 112 86 104 59 85 100 83 55 98 78 60 88 77 97 47 58 31 84 75 57 71 54 82 53 51 81 46 45 43 39 30 23 76 27 29 15 96 74 56 73 70 69 67 52 50 49 42 44 41 38 80 37 26 28 35 22 21 25 19 14 13 11 7 72 68 66 65 48 36 40 20 18 34 24 12 17 10 9 33 6 5 3 64 8 16 32 4 2 1 0 

127 126 125 124 123 122 121 119 118 117 115 111 110 109 107 103 95 63 93 94 120 87 116 114 113 108 106 101 91 102 105 62 92 99 61 90 89 79 112 86 104 85 59 100 83 98 78 55 60 88 97 77 58 84 75 47 57 82 54 81 71 76 31 53 96 51 74 46 56 73 45 43 80 30 27 70 52 15 69 49 67 50 25 66 44 68 35 14 22 20 34 8 18 32 48 2 7 4 9 42 29 40 10 0 16 64 6 72 17 11 41 36 5 24 1 33 12 23 3 37 21 65 38 26 19 28 13 39 

0.000000000000 0.000000000000 0.000000000000 0.000000000000 0.000000000000 0.000000000000 0.000000000000 0.000000000023 0.000000000000 0.000000000000 0.000000000000 0.000000006342 0.000000000000 0.000000009280 0.000000212450 0.003924700000 0.000000000000 0.000000000000 0.000000000000 0.000000342430 0.000000000000 0.000000478120 0.000048007000 0.010703000000 0.000000000000 0.000014989000 0.000003815000 0.033562000000 0.001155200000 0.081372000000 0.166830000000 0.684680000000 0.000000000000 0.000000000001 0.000000000001 0.001038100000 0.000008766800 0.002049100000 0.002652300000 0.138550000000 0.000000000645 0.005906800000 0.017134000000 0.271590000000 0.067098000000 0.447740000000 0.553830000000 0.902530000000 0.003042600000 0.094651000000 0.166590000000 0.617900000000 0.303310000000 0.738100000000 0.767270000000 0.957620000000 0.389800000000 0.802360000000 0.810120000000 0.965230000000 0.831380000000 0.971860000000 0.975010000000 0.996710000000 0.000000000000 0.000588680000 0.001593300000 0.099701000000 0.013702000000 0.205870000000 0.306350000000 0.754530000000 0.073754000000 0.416600000000 0.472970000000 0.853730000000 0.515570000000 0.866910000000 0.880450000000 0.981900000000 0.176630000000 0.559720000000 0.566240000000 0.896620000000 0.578260000000 0.895390000000 0.899580000000 0.983490000000 0.590220000000 0.900900000000 0.903110000000 0.982410000000 0.912150000000 0.985280000000 0.986760000000 0.998140000000 0.233460000000 0.615200000000 0.620110000000 0.911850000000 0.619490000000 0.910070000000 0.913610000000 0.985600000000 0.617760000000 0.913060000000 0.913520000000 0.984200000000 0.915980000000 0.985090000000 0.985960000000 0.997900000000 0.643130000000 0.923560000000 0.924090000000 0.985940000000 0.925960000000 0.986500000000 0.986660000000 0.997800000000 0.935220000000 0.989250000000 0.989610000000 0.998190000000 0.990800000000 0.998610000000 0.998780000000 0.999840000000 

0.000000000000 0.000000000000 0.000000000000 0.000000000000 0.000000000000 0.000000000000 0.000000000000 0.000000000006 0.000000000000 0.000000000000 0.000000000000 0.000000002426 0.000000000000 0.000000003729 0.000000104450 0.010066000000 0.000000000000 0.000000000000 0.000000000000 0.000000193930 0.000000000000 0.000000271370 0.000046671000 0.029629000000 0.000000000000 0.000013961000 0.000002169800 0.084848000000 0.002184300000 0.181850000000 0.347740000000 0.925990000000 0.000000000000 0.000000000000 0.000000000000 0.002180400000 0.000007985200 0.005530600000 0.008134400000 0.309030000000 0.000000000196 0.018583000000 0.036059000000 0.527990000000 0.169160000000 0.757270000000 0.885700000000 0.993510000000 0.009456500000 0.248930000000 0.407770000000 0.909540000000 0.678730000000 0.976460000000 0.988720000000 0.996110000000 0.889020000000 0.994710000000 0.995390000000 0.995930000000 0.995720000000 0.995920000000 0.996340000000 0.996100000000 0.000000000000 0.001917300000 0.004524200000 0.292140000000 0.049728000000 0.525300000000 0.709880000000 0.983350000000 0.277360000000 0.845260000000 0.925480000000 0.994950000000 0.974660000000 0.995850000000 0.995660000000 0.996070000000 0.704150000000 0.976790000000 0.989870000000 0.995920000000 0.992970000000 0.996080000000 0.996120000000 0.996090000000 0.996490000000 0.996340000000 0.996200000000 0.996120000000 0.995940000000 0.996030000000 0.996160000000 0.996060000000 0.912550000000 0.994630000000 0.996090000000 0.996350000000 0.994680000000 0.996350000000 0.995910000000 0.996130000000 0.996160000000 0.996030000000 0.996270000000 0.996030000000 0.996350000000 0.996050000000 0.996110000000 0.996100000000 0.995060000000 0.996010000000 0.996430000000 0.996160000000 0.996120000000 0.996090000000 0.996080000000 0.996050000000 0.996070000000 0.996100000000 0.996130000000 0.996080000000 0.996170000000 0.996070000000 0.996130000000 0.996090000000 

N_obs: 800

File Format:
1- most to least reliable channels (taken entropies)
2- most to least reliable channels (taken error probabilities)
3- channels entropies (flipped)
4- channels error probabilities (flipped)
5- number of MontCarlo simulations
