127 126 125 124 123 122 121 120 119 118 117 116 115 114 113 111 110 109 108 107 106 105 103 102 101 99 95 94 93 92 91 90 89 87 86 85 83 79 78 77 75 71 63 62 61 60 59 58 57 55 54 53 51 47 46 45 43 39 31 30 29 27 84 88 100 98 112 82 23 97 74 76 104 81 56 70 73 52 49 50 67 69 44 42 41 37 38 28 15 25 80 26 35 96 22 72 21 68 48 66 40 19 65 14 36 13 34 24 33 11 20 18 7 64 17 12 10 32 9 6 3 5 16 8 1 4 2 0 

127 126 125 124 123 122 121 120 119 118 117 116 115 114 113 111 110 109 108 107 106 105 103 102 101 99 95 94 93 92 91 90 89 87 86 85 83 79 78 77 75 71 63 62 61 60 59 58 57 55 54 53 51 47 46 45 43 39 31 30 29 27 84 88 100 98 112 82 23 97 74 76 104 81 56 70 73 52 49 50 67 69 44 42 41 37 38 28 15 80 25 26 22 35 96 21 72 68 66 48 40 19 65 14 36 13 34 24 33 11 20 18 64 7 17 12 10 32 9 6 16 5 3 8 4 1 0 2 

0.000000000000 0.000000000000 0.000000000000 0.000000000000 0.000000000000 0.000000000000 0.000000000000 0.000000000000 0.000000000000 0.000000000000 0.000000000000 0.000000000000 0.000000000000 0.000000000000 0.000000000000 0.000000000000 0.000000000000 0.000000000000 0.000000000000 0.000000000000 0.000000000000 0.000000000000 0.000000000000 0.000000000000 0.000000000000 0.000000000000 0.000000000000 0.000000000000 0.000000000000 0.000000000000 0.000000000000 0.000146090000 0.000000000000 0.000000000000 0.000000000000 0.000000000000 0.000000000000 0.000000000000 0.000000000000 0.000000000000 0.000000000000 0.000000000000 0.000000000000 0.000000000000 0.000000000000 0.000000000000 0.000000000000 0.000079982000 0.000000000000 0.000000000000 0.000000000000 0.000000000000 0.000000000000 0.000000000000 0.000000000026 0.000462860000 0.000000000000 0.000000000004 0.000000002326 0.000875760000 0.000000002174 0.001966700000 0.005864500000 0.224420000000 0.000000000000 0.000000000000 0.000000000000 0.000000000000 0.000000000000 0.000000000000 0.000000000000 0.000000000001 0.000000000000 0.000000000000 0.000000000000 0.000000000073 0.000000000000 0.000000000553 0.000000000497 0.001824300000 0.000000000000 0.000000000000 0.000000000000 0.000000093669 0.000000000000 0.000000275740 0.000000323060 0.004466200000 0.000000000000 0.000002110100 0.000001278100 0.010474000000 0.000123640000 0.023940000000 0.052259000000 0.461370000000 0.000000000000 0.000000000000 0.000000000000 0.000005453700 0.000000000000 0.000099193000 0.000076299000 0.033515000000 0.000000000000 0.000233810000 0.000585340000 0.074362000000 0.004816900000 0.146870000000 0.252880000000 0.728670000000 0.000020956000 0.009929400000 0.019323000000 0.269930000000 0.064289000000 0.424740000000 0.513830000000 0.881040000000 0.181470000000 0.596120000000 0.626530000000 0.922070000000 0.618220000000 0.926900000000 0.891330000000 0.992660000000 

0.000000000000 0.000000000000 0.000000000000 0.000000000000 0.000000000000 0.000000000000 0.000000000000 0.000000000000 0.000000000000 0.000000000000 0.000000000000 0.000000000000 0.000000000000 0.000000000000 0.000000000000 0.000000000000 0.000000000000 0.000000000000 0.000000000000 0.000000000000 0.000000000000 0.000000000000 0.000000000000 0.000000000000 0.000000000000 0.000000000000 0.000000000000 0.000000000000 0.000000000000 0.000000000000 0.000000000000 0.000503730000 0.000000000000 0.000000000000 0.000000000000 0.000000000000 0.000000000000 0.000000000000 0.000000000000 0.000000000000 0.000000000000 0.000000000000 0.000000000000 0.000000000000 0.000000000000 0.000000000000 0.000000000000 0.000080987000 0.000000000000 0.000000000000 0.000000000000 0.000000000000 0.000000000000 0.000000000000 0.000000000007 0.001187000000 0.000000000000 0.000000000001 0.000000000802 0.002095500000 0.000000000700 0.004245800000 0.014842000000 0.429530000000 0.000000000000 0.000000000000 0.000000000000 0.000000000000 0.000000000000 0.000000000000 0.000000000000 0.000000000000 0.000000000000 0.000000000000 0.000000000000 0.000000000020 0.000000000000 0.000000000173 0.000000000143 0.004426800000 0.000000000000 0.000000000000 0.000000000000 0.000000043482 0.000000000000 0.000000139900 0.000000176250 0.011497000000 0.000000000000 0.000001418700 0.000000687040 0.024977000000 0.000494350000 0.055497000000 0.111240000000 0.726320000000 0.000000000000 0.000000000000 0.000000000000 0.000004034400 0.000000000000 0.000189100000 0.000113250000 0.076801000000 0.000000000000 0.000456000000 0.001046400000 0.158910000000 0.012010000000 0.300720000000 0.481910000000 0.940330000000 0.000026446000 0.024635000000 0.047964000000 0.515060000000 0.153450000000 0.726240000000 0.854310000000 0.988080000000 0.466750000000 0.920350000000 0.962900000000 0.991960000000 0.979750000000 0.992230000000 0.992110000000 0.992200000000 

N_obs: 4000

File Format:
1- most to least reliable channels (taken entropies)
2- most to least reliable channels (taken error probabilities)
3- channels entropies (flipped)
4- channels error probabilities (flipped)
5- number of MontCarlo simulations
