127 126 125 123 119 111 124 122 121 117 118 115 95 110 109 107 120 116 103 94 114 93 113 63 108 106 91 105 102 87 62 92 101 79 61 112 31 59 47 55 90 99 89 15 104 86 71 23 83 85 39 27 75 29 77 78 30 43 51 60 45 57 53 46 58 100 54 7 97 98 67 11 19 35 88 13 14 3 81 69 73 25 21 37 41 84 49 70 82 22 38 74 26 28 76 42 50 44 52 56 17 9 5 65 33 1 6 96 12 80 66 68 10 18 72 24 20 34 36 40 48 8 16 2 4 64 32 0 

127 126 125 123 119 111 124 122 121 117 118 115 95 110 109 107 120 116 103 114 94 113 93 108 63 106 91 105 102 87 101 92 112 62 90 99 61 79 104 89 59 86 100 85 55 83 98 60 78 47 88 97 31 77 75 58 29 23 54 53 57 71 39 15 51 84 46 38 70 73 27 49 13 26 44 56 65 81 35 5 1 67 37 10 69 28 12 96 19 36 4 8 82 16 40 48 2 0 64 32 20 76 34 68 24 9 66 25 80 52 22 18 72 11 21 33 14 6 50 74 17 30 43 3 42 41 45 7 

0.000000000000 0.000000000000 0.000000000000 0.000000000001 0.000000000000 0.000000000001 0.000000000031 0.001252700000 0.000000000000 0.000000001567 0.000000000142 0.002597100000 0.000000021851 0.004780200000 0.009841800000 0.252550000000 0.000000000000 0.000002382700 0.000025653000 0.014507000000 0.000080094000 0.031531000000 0.064656000000 0.478560000000 0.003716400000 0.123500000000 0.212370000000 0.679050000000 0.337120000000 0.773760000000 0.772330000000 0.968350000000 0.000001217800 0.004458900000 0.008677800000 0.190370000000 0.036212000000 0.326100000000 0.422590000000 0.829600000000 0.128280000000 0.507200000000 0.552410000000 0.889870000000 0.551340000000 0.894280000000 0.861310000000 0.986750000000 0.235820000000 0.610180000000 0.602270000000 0.912540000000 0.583460000000 0.908300000000 0.871150000000 0.987800000000 0.532130000000 0.890790000000 0.867980000000 0.987350000000 0.798450000000 0.987000000000 0.937560000000 0.998970000000 0.014360000000 0.171100000000 0.238810000000 0.632620000000 0.290800000000 0.674960000000 0.660660000000 0.936770000000 0.308010000000 0.686800000000 0.664710000000 0.934900000000 0.630920000000 0.929890000000 0.890260000000 0.991890000000 0.302900000000 0.670590000000 0.651520000000 0.930940000000 0.627080000000 0.926940000000 0.884890000000 0.990350000000 0.553930000000 0.904640000000 0.879980000000 0.989640000000 0.805000000000 0.988840000000 0.938560000000 0.999030000000 0.271840000000 0.617180000000 0.596990000000 0.910780000000 0.583440000000 0.909870000000 0.873500000000 0.988540000000 0.549730000000 0.899680000000 0.876270000000 0.988750000000 0.801560000000 0.987530000000 0.936910000000 0.998790000000 0.457110000000 0.841810000000 0.838760000000 0.983820000000 0.799040000000 0.987520000000 0.936940000000 0.998740000000 0.690500000000 0.963010000000 0.937190000000 0.998870000000 0.848780000000 0.998850000000 0.950290000000 0.999920000000 

0.000000000000 0.000000000000 0.000000000000 0.000000000000 0.000000000000 0.000000000000 0.000000000008 0.003410800000 0.000000000000 0.000000000515 0.000000000037 0.007231700000 0.000000008733 0.011637000000 0.021583000000 0.453180000000 0.000000000000 0.000001431400 0.000033663000 0.032867000000 0.000351600000 0.070837000000 0.136900000000 0.740150000000 0.008909700000 0.258420000000 0.413290000000 0.913400000000 0.680290000000 0.973340000000 0.982860000000 0.992150000000 0.000000808080 0.011996000000 0.024680000000 0.414190000000 0.099910000000 0.630910000000 0.780610000000 0.982270000000 0.365610000000 0.876290000000 0.939500000000 0.991580000000 0.970470000000 0.992180000000 0.992060000000 0.992230000000 0.738970000000 0.979100000000 0.986570000000 0.992190000000 0.988070000000 0.992430000000 0.991910000000 0.992280000000 0.991110000000 0.991870000000 0.992130000000 0.992200000000 0.992100000000 0.992210000000 0.992050000000 0.992190000000 0.057340000000 0.533050000000 0.723700000000 0.973900000000 0.872120000000 0.989080000000 0.991110000000 0.992040000000 0.954090000000 0.990780000000 0.991080000000 0.992240000000 0.991360000000 0.992410000000 0.992010000000 0.992190000000 0.980670000000 0.991630000000 0.992520000000 0.992030000000 0.992480000000 0.992510000000 0.992520000000 0.992180000000 0.991180000000 0.991800000000 0.992110000000 0.992160000000 0.992060000000 0.992200000000 0.992310000000 0.992190000000 0.983690000000 0.992470000000 0.990700000000 0.992130000000 0.991970000000 0.992030000000 0.992220000000 0.992210000000 0.990720000000 0.992250000000 0.992310000000 0.992190000000 0.992160000000 0.992270000000 0.992470000000 0.992180000000 0.991350000000 0.992360000000 0.992020000000 0.992150000000 0.992300000000 0.992120000000 0.992210000000 0.992180000000 0.992640000000 0.992400000000 0.992070000000 0.992170000000 0.992490000000 0.992190000000 0.992100000000 0.992190000000 

N_obs: 4000

File Format:
1- most to least reliable channels (taken entropies)
2- most to least reliable channels (taken error probabilities)
3- channels entropies (flipped)
4- channels error probabilities (flipped)
5- number of MontCarlo simulations
