127 126 125 124 123 122 121 120 119 118 117 116 115 114 113 111 110 109 108 107 106 105 103 95 94 93 91 87 79 63 62 59 61 101 102 99 89 55 92 90 86 85 83 78 77 47 112 75 104 58 100 60 98 57 88 97 54 84 53 71 82 81 31 51 76 46 74 45 56 73 96 43 52 70 30 69 50 80 39 29 49 44 27 67 23 15 72 42 41 38 68 37 28 35 26 25 48 22 21 66 19 14 13 11 65 7 40 36 34 33 24 20 18 17 12 10 9 6 64 5 3 32 8 16 4 2 1 0 

127 126 125 124 123 122 121 120 119 118 117 116 115 114 113 111 110 109 108 107 106 105 103 95 94 93 91 87 79 63 62 59 61 101 102 99 89 55 92 90 86 85 83 78 77 47 112 75 104 100 60 58 57 98 88 54 97 84 53 71 82 81 76 51 31 46 74 45 73 56 96 70 52 43 69 50 80 30 39 49 44 29 67 72 42 27 41 68 23 38 48 28 66 15 37 65 35 26 40 25 19 21 11 14 64 17 7 22 12 9 13 6 18 8 16 1 5 3 0 24 2 32 4 20 10 36 33 34 

0.000000000000 0.000000000000 0.000000000000 0.000000000000 0.000000000000 0.000000000000 0.000000000000 0.000000000000 0.000000000000 0.000000000000 0.000000000000 0.000000000000 0.000000000000 0.000000000000 0.000000000000 0.000011923000 0.000000000000 0.000000000000 0.000000000000 0.000000000000 0.000000000000 0.000000000000 0.000000000000 0.000033686000 0.000000000000 0.000000000000 0.000000000000 0.000042457000 0.000000000000 0.000157330000 0.000412060000 0.075579000000 0.000000000000 0.000000000000 0.000000000000 0.000000000000 0.000000000000 0.000000000000 0.000000000000 0.000216520000 0.000000000000 0.000000000001 0.000000000002 0.000697440000 0.000000000896 0.001513300000 0.003883800000 0.194760000000 0.000000000000 0.000000032237 0.000000156150 0.007445900000 0.000016694000 0.017769000000 0.039989000000 0.419760000000 0.001490600000 0.097811000000 0.180270000000 0.655540000000 0.327390000000 0.779860000000 0.812360000000 0.970830000000 0.000000000000 0.000000000000 0.000000000000 0.000051729000 0.000000000000 0.000042362000 0.000162170000 0.039113000000 0.000000000000 0.000420740000 0.001096300000 0.092067000000 0.007361700000 0.180400000000 0.292600000000 0.757900000000 0.000007754900 0.013613000000 0.027792000000 0.300330000000 0.084863000000 0.460610000000 0.545230000000 0.891810000000 0.195960000000 0.620510000000 0.659180000000 0.927870000000 0.690570000000 0.936490000000 0.944510000000 0.992280000000 0.006383000000 0.143430000000 0.231990000000 0.663190000000 0.320640000000 0.737550000000 0.750680000000 0.955080000000 0.375230000000 0.773440000000 0.775230000000 0.956840000000 0.783820000000 0.958570000000 0.962430000000 0.994390000000 0.395350000000 0.797730000000 0.801420000000 0.962800000000 0.810170000000 0.963390000000 0.964920000000 0.994220000000 0.830080000000 0.969930000000 0.971390000000 0.995020000000 0.975410000000 0.996190000000 0.996730000000 0.999580000000 

0.000000000000 0.000000000000 0.000000000000 0.000000000000 0.000000000000 0.000000000000 0.000000000000 0.000000000000 0.000000000000 0.000000000000 0.000000000000 0.000000000000 0.000000000000 0.000000000000 0.000000000000 0.000012547000 0.000000000000 0.000000000000 0.000000000000 0.000000000000 0.000000000000 0.000000000000 0.000000000000 0.000061734000 0.000000000000 0.000000000000 0.000000000000 0.000066307000 0.000000000000 0.000406200000 0.001227100000 0.179700000000 0.000000000000 0.000000000000 0.000000000000 0.000000000000 0.000000000000 0.000000000000 0.000000000000 0.000633610000 0.000000000000 0.000000000000 0.000000000000 0.002283300000 0.000000000342 0.004557300000 0.009979000000 0.403120000000 0.000000000000 0.000000015355 0.000000086527 0.021800000000 0.000023144000 0.042730000000 0.093637000000 0.709590000000 0.003754500000 0.219020000000 0.384780000000 0.915050000000 0.673630000000 0.976490000000 0.989790000000 0.995980000000 0.000000000000 0.000000000000 0.000000000000 0.000205330000 0.000000000000 0.000268500000 0.000329770000 0.104410000000 0.000000000000 0.001117500000 0.003511400000 0.230110000000 0.022407000000 0.401450000000 0.595080000000 0.965110000000 0.000007125200 0.041213000000 0.080771000000 0.611910000000 0.242560000000 0.807810000000 0.906430000000 0.994370000000 0.565150000000 0.954540000000 0.980690000000 0.996130000000 0.990020000000 0.996180000000 0.996140000000 0.996100000000 0.030800000000 0.432790000000 0.634260000000 0.968420000000 0.835680000000 0.990980000000 0.994730000000 0.996100000000 0.946050000000 0.996030000000 0.995440000000 0.996110000000 0.995360000000 0.996080000000 0.996000000000 0.996090000000 0.980210000000 0.995950000000 0.996070000000 0.996040000000 0.995860000000 0.996120000000 0.996060000000 0.996080000000 0.996020000000 0.996080000000 0.996100000000 0.996110000000 0.996100000000 0.996100000000 0.996090000000 0.996100000000 

N_obs: 4000

File Format:
1- most to least reliable channels (taken entropies)
2- most to least reliable channels (taken error probabilities)
3- channels entropies (flipped)
4- channels error probabilities (flipped)
5- number of MontCarlo simulations
