127 126 125 123 119 124 122 111 121 63 118 95 117 31 115 47 79 55 110 59 103 61 87 109 107 15 62 91 93 94 120 23 39 71 29 27 7 30 116 51 43 75 99 83 113 45 46 114 77 57 78 53 101 54 105 58 11 19 35 85 67 89 102 60 3 108 86 106 90 14 13 92 25 21 37 49 41 69 73 97 81 28 17 9 5 33 65 22 38 1 70 26 6 112 44 50 76 56 52 42 98 74 100 82 104 84 88 12 24 18 10 34 20 36 40 48 66 72 68 80 96 8 16 2 4 32 64 0 

127 125 126 123 119 124 122 121 111 118 117 115 95 120 110 109 63 116 107 114 94 103 113 93 87 55 91 108 99 71 59 79 29 49 75 77 45 13 106 60 37 89 30 6 44 92 54 1 42 28 104 69 43 112 38 83 51 5 105 74 53 85 23 21 22 67 40 36 34 16 56 2 24 80 65 10 64 4 8 0 32 101 96 48 76 102 88 66 18 68 58 11 72 20 90 12 19 81 39 70 25 100 17 82 52 50 9 73 3 35 98 84 33 41 78 97 26 62 86 46 57 27 31 7 61 14 15 47 

0.000000000000 0.000080361000 0.000082652000 0.028519000000 0.000981260000 0.062019000000 0.123160000000 0.557840000000 0.013637000000 0.208920000000 0.309340000000 0.744560000000 0.395450000000 0.801370000000 0.786740000000 0.971300000000 0.114070000000 0.460450000000 0.494740000000 0.860500000000 0.498130000000 0.863010000000 0.830960000000 0.980220000000 0.472670000000 0.848380000000 0.828000000000 0.978530000000 0.765500000000 0.977650000000 0.929060000000 0.997940000000 0.218250000000 0.552080000000 0.531020000000 0.880870000000 0.516770000000 0.874230000000 0.841530000000 0.982100000000 0.491110000000 0.861500000000 0.839840000000 0.980850000000 0.772590000000 0.978830000000 0.929200000000 0.997880000000 0.417340000000 0.809040000000 0.803880000000 0.974970000000 0.765170000000 0.977940000000 0.928190000000 0.997560000000 0.663810000000 0.953350000000 0.927400000000 0.997610000000 0.840890000000 0.997510000000 0.948040000000 0.999800000000 0.207540000000 0.508700000000 0.476170000000 0.850180000000 0.460900000000 0.834550000000 0.806840000000 0.975000000000 0.446070000000 0.830740000000 0.812260000000 0.975100000000 0.752670000000 0.973240000000 0.924860000000 0.997340000000 0.412230000000 0.800930000000 0.793610000000 0.972660000000 0.758440000000 0.975590000000 0.925860000000 0.997250000000 0.655490000000 0.951060000000 0.924230000000 0.997140000000 0.837750000000 0.996840000000 0.947030000000 0.999740000000 0.323450000000 0.711830000000 0.699240000000 0.946070000000 0.702310000000 0.958950000000 0.915200000000 0.996130000000 0.648710000000 0.948680000000 0.923020000000 0.996980000000 0.836800000000 0.996550000000 0.946260000000 0.999670000000 0.506390000000 0.877680000000 0.879790000000 0.994160000000 0.835670000000 0.996620000000 0.946460000000 0.999660000000 0.711150000000 0.970110000000 0.946570000000 0.999700000000 0.855600000000 0.999690000000 0.952360000000 0.999980000000 

0.000000000000 0.000432830000 0.000372310000 0.069318000000 0.002188400000 0.146560000000 0.274890000000 0.847260000000 0.043308000000 0.457570000000 0.645930000000 0.964800000000 0.831920000000 0.985690000000 0.989460000000 0.992120000000 0.372560000000 0.880270000000 0.945280000000 0.991160000000 0.971700000000 0.992040000000 0.992150000000 0.992120000000 0.986920000000 0.992190000000 0.992190000000 0.992250000000 0.991410000000 0.992290000000 0.992350000000 0.992190000000 0.836290000000 0.986670000000 0.989840000000 0.992100000000 0.990870000000 0.992210000000 0.992070000000 0.992200000000 0.990730000000 0.992500000000 0.992150000000 0.992310000000 0.992130000000 0.992250000000 0.992240000000 0.992180000000 0.991860000000 0.992340000000 0.992010000000 0.992190000000 0.991930000000 0.992150000000 0.992270000000 0.992210000000 0.991800000000 0.992250000000 0.992120000000 0.992200000000 0.992170000000 0.992200000000 0.992180000000 0.992190000000 0.961580000000 0.992450000000 0.992590000000 0.992060000000 0.991800000000 0.992200000000 0.992530000000 0.992180000000 0.990870000000 0.992100000000 0.992150000000 0.992260000000 0.992130000000 0.992260000000 0.991920000000 0.992190000000 0.992710000000 0.992510000000 0.992030000000 0.992090000000 0.992120000000 0.992110000000 0.992320000000 0.992170000000 0.992240000000 0.992120000000 0.992070000000 0.992170000000 0.992280000000 0.992170000000 0.992310000000 0.992190000000 0.992580000000 0.992070000000 0.991880000000 0.992110000000 0.992550000000 0.992390000000 0.992250000000 0.992180000000 0.992160000000 0.992170000000 0.992160000000 0.992210000000 0.992240000000 0.992200000000 0.992250000000 0.992180000000 0.992680000000 0.992600000000 0.992030000000 0.992230000000 0.992210000000 0.992180000000 0.992260000000 0.992190000000 0.992580000000 0.992090000000 0.992130000000 0.992190000000 0.992270000000 0.992180000000 0.992110000000 0.992190000000 

N_obs: 4000

File Format:
1- most to least reliable channels (taken entropies)
2- most to least reliable channels (taken error probabilities)
3- channels entropies (flipped)
4- channels error probabilities (flipped)
5- number of MontCarlo simulations
