127 126 125 124 123 122 121 119 118 117 115 111 110 109 107 103 95 94 93 63 91 87 116 113 120 114 106 105 108 101 79 92 102 62 99 61 90 59 89 112 86 85 104 100 83 55 78 98 60 77 88 97 58 47 84 75 57 31 54 82 71 53 81 76 51 46 45 43 96 39 74 29 30 27 23 56 15 73 70 69 52 67 50 80 49 44 42 41 38 37 35 26 28 22 25 21 19 14 13 11 7 72 68 66 65 48 36 40 20 34 18 24 17 12 33 10 9 6 5 3 64 8 16 4 32 2 1 0 

127 126 125 124 123 122 121 119 118 117 115 111 110 109 107 103 95 94 93 63 91 87 116 113 120 114 106 105 108 101 79 92 102 62 99 61 90 89 59 86 112 85 104 100 83 78 98 55 60 77 97 88 58 84 75 57 47 82 54 71 81 76 53 96 31 51 74 46 56 73 45 70 80 52 43 30 69 50 39 67 23 27 15 29 49 72 42 44 34 7 65 25 22 17 40 12 9 3 6 33 16 8 1 5 0 32 36 10 2 4 64 24 11 20 38 37 18 14 41 13 48 66 19 21 26 28 68 35 

0.000000000000 0.000000000000 0.000000000000 0.000000000000 0.000000000000 0.000000000000 0.000000000000 0.000000000001 0.000000000000 0.000000000000 0.000000000000 0.000000000000 0.000000000000 0.000000000002 0.000000000001 0.000951920000 0.000000000000 0.000000000000 0.000000000000 0.000000000519 0.000000000000 0.000000000009 0.000000000020 0.003063400000 0.000000000000 0.000010258000 0.000000006189 0.008313200000 0.000076569000 0.021951000000 0.054436000000 0.497890000000 0.000000000000 0.000000000000 0.000000000000 0.000002577200 0.000000000000 0.000163330000 0.000443620000 0.052954000000 0.000000000000 0.001315400000 0.002662300000 0.119290000000 0.010821000000 0.221870000000 0.351370000000 0.802250000000 0.000001053600 0.018757000000 0.040492000000 0.375780000000 0.128310000000 0.550180000000 0.631200000000 0.920960000000 0.261470000000 0.697260000000 0.735210000000 0.947270000000 0.758600000000 0.954530000000 0.962070000000 0.994960000000 0.000000000000 0.000015428000 0.000110050000 0.034692000000 0.000396100000 0.073498000000 0.132260000000 0.580660000000 0.016763000000 0.201020000000 0.294930000000 0.743640000000 0.389590000000 0.800440000000 0.827080000000 0.972690000000 0.095710000000 0.439020000000 0.485400000000 0.856930000000 0.495900000000 0.864510000000 0.869450000000 0.978500000000 0.521670000000 0.873180000000 0.879690000000 0.978490000000 0.886170000000 0.980710000000 0.982970000000 0.997680000000 0.190540000000 0.561390000000 0.560690000000 0.891760000000 0.562520000000 0.887360000000 0.893140000000 0.982080000000 0.565310000000 0.892960000000 0.893680000000 0.980200000000 0.896640000000 0.981090000000 0.982620000000 0.997410000000 0.584370000000 0.903610000000 0.906320000000 0.982840000000 0.908690000000 0.983130000000 0.983520000000 0.997150000000 0.918710000000 0.986430000000 0.986920000000 0.997670000000 0.988650000000 0.998260000000 0.998490000000 0.999800000000 

0.000000000000 0.000000000000 0.000000000000 0.000000000000 0.000000000000 0.000000000000 0.000000000000 0.000000000000 0.000000000000 0.000000000000 0.000000000000 0.000000000000 0.000000000000 0.000000000000 0.000000000000 0.004136100000 0.000000000000 0.000000000000 0.000000000000 0.000000000168 0.000000000000 0.000000000002 0.000000000005 0.008267600000 0.000000000000 0.000009086100 0.000000002092 0.019740000000 0.000121390000 0.055022000000 0.122950000000 0.790370000000 0.000000000000 0.000000000000 0.000000000000 0.000001445400 0.000000000000 0.000277130000 0.002054200000 0.124040000000 0.000000000000 0.002657500000 0.007633500000 0.266830000000 0.026181000000 0.458390000000 0.645540000000 0.976210000000 0.000000547330 0.054347000000 0.115710000000 0.667490000000 0.320280000000 0.867690000000 0.937920000000 0.995100000000 0.643480000000 0.969130000000 0.989380000000 0.996420000000 0.993270000000 0.996280000000 0.995950000000 0.996110000000 0.000000000000 0.000014812000 0.000171010000 0.110600000000 0.002558000000 0.197390000000 0.347230000000 0.903490000000 0.063333000000 0.520440000000 0.676810000000 0.979970000000 0.862580000000 0.991540000000 0.994790000000 0.996220000000 0.391450000000 0.889180000000 0.957780000000 0.995810000000 0.982350000000 0.995510000000 0.996210000000 0.996020000000 0.992470000000 0.996160000000 0.996160000000 0.996090000000 0.996550000000 0.995950000000 0.996080000000 0.996090000000 0.794490000000 0.987320000000 0.994600000000 0.996380000000 0.994020000000 0.996370000000 0.996010000000 0.996130000000 0.993780000000 0.996010000000 0.996360000000 0.996150000000 0.996360000000 0.996180000000 0.996020000000 0.996080000000 0.994500000000 0.996200000000 0.996210000000 0.996060000000 0.996130000000 0.996100000000 0.996070000000 0.996080000000 0.995950000000 0.996080000000 0.996090000000 0.996110000000 0.996070000000 0.996110000000 0.996090000000 0.996090000000 

N_obs: 800

File Format:
1- most to least reliable channels (taken entropies)
2- most to least reliable channels (taken error probabilities)
3- channels entropies (flipped)
4- channels error probabilities (flipped)
5- number of MontCarlo simulations
