127 126 125 124 123 122 121 120 119 118 117 116 115 114 113 112 111 110 109 108 107 106 105 104 103 102 101 100 99 98 97 95 94 93 92 91 90 89 88 87 86 85 83 79 78 77 75 71 63 62 61 60 59 58 57 55 54 53 51 47 46 45 43 39 31 30 29 27 23 84 76 81 82 73 74 69 52 56 41 70 15 67 50 49 42 44 37 38 35 25 28 26 22 96 21 72 80 19 68 66 14 48 40 13 65 36 34 11 24 33 20 18 7 17 12 64 10 32 9 6 5 16 3 8 4 1 2 0 

127 126 125 124 123 122 121 120 119 118 117 116 115 114 113 112 111 110 109 108 107 106 105 104 103 102 101 100 99 98 97 95 94 93 92 91 90 89 88 87 86 85 83 79 78 77 75 71 63 62 61 60 59 58 57 55 54 53 51 47 46 45 43 39 31 30 29 27 23 84 76 81 82 73 74 69 52 56 41 70 15 67 50 49 42 44 37 38 35 25 28 26 22 96 21 68 80 19 66 72 40 14 48 13 65 36 34 11 24 33 20 18 7 17 12 64 10 32 9 6 16 5 3 8 4 2 1 0 

0.000000000000 0.000000000000 0.000000000000 0.000000000000 0.000000000000 0.000000000000 0.000000000000 0.000000000000 0.000000000000 0.000000000000 0.000000000000 0.000000000000 0.000000000000 0.000000000000 0.000000000000 0.000000000000 0.000000000000 0.000000000000 0.000000000000 0.000000000000 0.000000000000 0.000000000000 0.000000000000 0.000000000000 0.000000000000 0.000000000000 0.000000000000 0.000000000000 0.000000000000 0.000000000000 0.000000000000 0.000011064000 0.000000000000 0.000000000000 0.000000000000 0.000000000000 0.000000000000 0.000000000000 0.000000000000 0.000000000000 0.000000000000 0.000000000000 0.000000000000 0.000000000000 0.000000000000 0.000000000000 0.000000000000 0.000073436000 0.000000000000 0.000000000000 0.000000000000 0.000000000000 0.000000000000 0.000000000000 0.000000000000 0.000064443000 0.000000000000 0.000000000001 0.000000000000 0.000084982000 0.000000000001 0.000314090000 0.000858050000 0.102410000000 0.000000000000 0.000000000000 0.000000000000 0.000000000000 0.000000000000 0.000000000000 0.000000000000 0.000000000000 0.000000000000 0.000000000000 0.000000000000 0.000000000000 0.000000000000 0.000000000001 0.000000000001 0.000507850000 0.000000000000 0.000000000000 0.000000000000 0.000000000001 0.000000000000 0.000000000001 0.000000000000 0.000559230000 0.000000000000 0.000000000316 0.000000000101 0.001230300000 0.000000004663 0.002963800000 0.007576200000 0.232470000000 0.000000000000 0.000000000000 0.000000000000 0.000000009748 0.000000000000 0.000000017337 0.000000008893 0.005863700000 0.000000000000 0.000004559800 0.000020870000 0.011904000000 0.000078094000 0.028549000000 0.062243000000 0.464520000000 0.000000000001 0.000392520000 0.000789900000 0.072279000000 0.004680000000 0.144620000000 0.233550000000 0.709410000000 0.037497000000 0.341760000000 0.436690000000 0.839370000000 0.502540000000 0.874060000000 0.847530000000 0.985260000000 

0.000000000000 0.000000000000 0.000000000000 0.000000000000 0.000000000000 0.000000000000 0.000000000000 0.000000000000 0.000000000000 0.000000000000 0.000000000000 0.000000000000 0.000000000000 0.000000000000 0.000000000000 0.000000000000 0.000000000000 0.000000000000 0.000000000000 0.000000000000 0.000000000000 0.000000000000 0.000000000000 0.000000000000 0.000000000000 0.000000000000 0.000000000000 0.000000000000 0.000000000000 0.000000000000 0.000000000000 0.000009876300 0.000000000000 0.000000000000 0.000000000000 0.000000000000 0.000000000000 0.000000000000 0.000000000000 0.000000000000 0.000000000000 0.000000000000 0.000000000000 0.000000000000 0.000000000000 0.000000000000 0.000000000000 0.000320930000 0.000000000000 0.000000000000 0.000000000000 0.000000000000 0.000000000000 0.000000000000 0.000000000000 0.000468390000 0.000000000000 0.000000000000 0.000000000000 0.000231710000 0.000000000000 0.000464470000 0.002128900000 0.213340000000 0.000000000000 0.000000000000 0.000000000000 0.000000000000 0.000000000000 0.000000000000 0.000000000000 0.000000000000 0.000000000000 0.000000000000 0.000000000000 0.000000000000 0.000000000000 0.000000000000 0.000000000000 0.001299100000 0.000000000000 0.000000000000 0.000000000000 0.000000000000 0.000000000000 0.000000000000 0.000000000000 0.000818460000 0.000000000000 0.000000000097 0.000000000025 0.002561300000 0.000000001601 0.006914800000 0.017353000000 0.438800000000 0.000000000000 0.000000000000 0.000000000000 0.000000003347 0.000000000000 0.000000006956 0.000000002878 0.013099000000 0.000000000000 0.000003785900 0.000026915000 0.027831000000 0.000419280000 0.067253000000 0.135320000000 0.726920000000 0.000000000000 0.001013400000 0.001859500000 0.158370000000 0.011699000000 0.294970000000 0.453820000000 0.922880000000 0.100250000000 0.640210000000 0.791600000000 0.981920000000 0.908800000000 0.990200000000 0.991560000000 0.992150000000 

N_obs: 4000

File Format:
1- most to least reliable channels (taken entropies)
2- most to least reliable channels (taken error probabilities)
3- channels entropies (flipped)
4- channels error probabilities (flipped)
5- number of MontCarlo simulations
