127 126 125 124 123 122 121 120 119 118 117 116 115 114 113 111 110 109 108 107 106 105 103 102 101 99 95 94 93 92 91 90 89 87 86 85 83 79 78 77 75 63 62 61 60 59 55 47 31 58 57 54 71 53 46 112 104 51 100 84 88 43 82 97 45 98 76 81 73 74 39 56 70 30 52 69 29 50 49 44 27 67 96 42 80 41 72 23 38 37 28 68 26 48 15 66 35 25 40 65 22 21 36 19 14 13 34 11 7 24 33 64 20 18 17 12 10 9 6 5 3 32 16 8 4 2 1 0 

127 126 125 124 123 122 121 120 119 118 117 116 115 114 113 111 110 109 108 107 106 105 103 102 101 99 95 94 93 92 91 90 89 87 86 85 83 79 78 77 75 63 62 61 60 59 55 47 31 58 57 54 71 53 46 112 104 51 100 84 88 43 82 97 45 76 98 81 73 74 39 56 70 52 30 69 50 29 49 44 67 27 96 42 80 41 72 23 38 68 37 28 48 26 66 35 15 25 40 65 22 36 21 34 19 14 24 33 64 13 20 11 7 18 17 32 12 6 16 5 9 8 4 0 2 1 10 3 

0.000000000000 0.000000000000 0.000000000000 0.000000000000 0.000000000000 0.000000000000 0.000000000000 0.000000000000 0.000000000000 0.000000000000 0.000000000000 0.000000000000 0.000000000000 0.000000000000 0.000000000000 0.000000000004 0.000000000000 0.000000000000 0.000000000000 0.000000000000 0.000000000000 0.000000000000 0.000000000000 0.000000000005 0.000000000000 0.000000000000 0.000000000000 0.000000000790 0.000000000000 0.000000172560 0.000000027023 0.002804400000 0.000000000000 0.000000000000 0.000000000000 0.000000000000 0.000000000000 0.000000000000 0.000000000000 0.000000001073 0.000000000000 0.000000000000 0.000000000000 0.000000001055 0.000000000000 0.000000003670 0.000000301900 0.006838500000 0.000000000000 0.000000000000 0.000000000000 0.000000179290 0.000000000000 0.000000964460 0.000000912920 0.017375000000 0.000000000000 0.000114580000 0.000209170000 0.045793000000 0.002133800000 0.115040000000 0.226750000000 0.735210000000 0.000000000000 0.000000000000 0.000000000000 0.000000000000 0.000000000000 0.000000000000 0.000000000000 0.000068362000 0.000000000000 0.000000000000 0.000000000000 0.000176010000 0.000000000156 0.000570890000 0.000905500000 0.099087000000 0.000000000000 0.000000000002 0.000000031798 0.001516600000 0.000000002774 0.003259400000 0.008103400000 0.213410000000 0.000053971000 0.022028000000 0.043480000000 0.391570000000 0.125980000000 0.565140000000 0.655440000000 0.932400000000 0.000000000000 0.000116760000 0.000400440000 0.044252000000 0.001733300000 0.089636000000 0.163190000000 0.618120000000 0.017729000000 0.238570000000 0.341310000000 0.780200000000 0.436290000000 0.832660000000 0.847780000000 0.976350000000 0.102260000000 0.468210000000 0.529640000000 0.880890000000 0.567120000000 0.890830000000 0.896690000000 0.983330000000 0.594510000000 0.906620000000 0.912090000000 0.984810000000 0.924130000000 0.988150000000 0.989730000000 0.998690000000 

0.000000000000 0.000000000000 0.000000000000 0.000000000000 0.000000000000 0.000000000000 0.000000000000 0.000000000000 0.000000000000 0.000000000000 0.000000000000 0.000000000000 0.000000000000 0.000000000000 0.000000000000 0.000000000001 0.000000000000 0.000000000000 0.000000000000 0.000000000000 0.000000000000 0.000000000000 0.000000000000 0.000000000001 0.000000000000 0.000000000000 0.000000000000 0.000000000269 0.000000000000 0.000000109040 0.000000013213 0.006650600000 0.000000000000 0.000000000000 0.000000000000 0.000000000000 0.000000000000 0.000000000000 0.000000000000 0.000000000408 0.000000000000 0.000000000000 0.000000000000 0.000000000377 0.000000000000 0.000000001325 0.000000180610 0.017872000000 0.000000000000 0.000000000000 0.000000000000 0.000000104230 0.000000000000 0.000000685240 0.000000602080 0.042660000000 0.000000000000 0.000312950000 0.001097200000 0.107090000000 0.005489500000 0.250060000000 0.445450000000 0.948740000000 0.000000000000 0.000000000000 0.000000000000 0.000000000000 0.000000000000 0.000000000000 0.000000000000 0.000238370000 0.000000000000 0.000000000000 0.000000000000 0.000348810000 0.000000000052 0.001626000000 0.003133600000 0.231820000000 0.000000000000 0.000000000000 0.000000016592 0.005222900000 0.000000001101 0.008496300000 0.022550000000 0.433950000000 0.000156910000 0.059395000000 0.109350000000 0.686260000000 0.302610000000 0.861430000000 0.940220000000 0.995420000000 0.000000000000 0.000363350000 0.001835800000 0.121820000000 0.005595300000 0.234370000000 0.379880000000 0.903190000000 0.057323000000 0.531280000000 0.707630000000 0.980320000000 0.872580000000 0.992970000000 0.994320000000 0.996020000000 0.354740000000 0.888430000000 0.949230000000 0.995710000000 0.980980000000 0.996160000000 0.996080000000 0.996080000000 0.990060000000 0.995880000000 0.996070000000 0.996090000000 0.996240000000 0.996100000000 0.996150000000 0.996100000000 

N_obs: 4000

File Format:
1- most to least reliable channels (taken entropies)
2- most to least reliable channels (taken error probabilities)
3- channels entropies (flipped)
4- channels error probabilities (flipped)
5- number of MontCarlo simulations
