127 126 125 123 119 111 122 124 121 118 117 115 110 95 109 120 107 116 114 113 103 94 108 63 93 106 91 105 87 62 79 102 61 55 59 47 31 112 101 92 99 90 89 104 86 85 83 78 75 77 71 60 58 54 51 53 45 57 43 46 39 30 29 27 23 15 100 98 97 88 84 82 81 74 76 73 70 69 42 52 41 50 44 38 67 37 21 26 19 22 25 28 35 49 56 14 13 11 7 96 72 80 68 20 36 40 18 24 17 66 12 34 10 9 33 48 65 6 5 3 16 8 4 32 64 2 1 0 

127 126 125 123 119 111 122 124 121 118 117 115 110 109 95 120 107 116 114 113 103 94 108 93 106 63 105 91 102 112 101 87 92 62 99 104 79 90 61 89 59 100 55 86 47 60 83 98 53 15 51 85 97 74 49 77 19 29 81 82 73 11 44 39 96 14 13 17 9 18 50 40 70 48 10 76 54 80 66 12 32 5 3 65 64 0 16 2 4 6 42 20 1 23 33 34 36 8 41 24 72 30 28 27 57 88 68 37 56 21 35 7 67 25 78 26 69 84 22 38 43 45 52 58 46 31 75 71 

0.000000000000 0.000000000000 0.000000000000 0.000000000023 0.000000000000 0.000000000015 0.000000000033 0.002373400000 0.000000000000 0.000000000054 0.000000033133 0.007858200000 0.000012702000 0.016297000000 0.041971000000 0.451790000000 0.000000000000 0.000176450000 0.000966830000 0.073132000000 0.004321800000 0.156510000000 0.261420000000 0.736210000000 0.045272000000 0.386360000000 0.486200000000 0.870540000000 0.573970000000 0.898340000000 0.912140000000 0.987410000000 0.000437350000 0.048272000000 0.102650000000 0.509470000000 0.216970000000 0.652800000000 0.688520000000 0.938140000000 0.320700000000 0.738400000000 0.741570000000 0.948070000000 0.750290000000 0.950550000000 0.954250000000 0.993060000000 0.365960000000 0.774900000000 0.777770000000 0.957290000000 0.776060000000 0.955630000000 0.958040000000 0.992870000000 0.792640000000 0.961300000000 0.962890000000 0.993400000000 0.966780000000 0.994680000000 0.995390000000 0.999390000000 0.073391000000 0.357630000000 0.405520000000 0.806230000000 0.423240000000 0.811200000000 0.819870000000 0.969590000000 0.422910000000 0.818460000000 0.818760000000 0.964810000000 0.818730000000 0.965950000000 0.969140000000 0.995380000000 0.424160000000 0.821450000000 0.819380000000 0.966370000000 0.820550000000 0.964700000000 0.965680000000 0.994210000000 0.824660000000 0.966720000000 0.967070000000 0.993950000000 0.968850000000 0.994820000000 0.995300000000 0.999360000000 0.430200000000 0.824770000000 0.831780000000 0.968710000000 0.833780000000 0.967890000000 0.968090000000 0.994580000000 0.834350000000 0.968030000000 0.967550000000 0.993870000000 0.967910000000 0.994250000000 0.994580000000 0.999150000000 0.840450000000 0.971810000000 0.972050000000 0.994710000000 0.972950000000 0.995030000000 0.995090000000 0.999170000000 0.975340000000 0.996010000000 0.996070000000 0.999300000000 0.996570000000 0.999490000000 0.999550000000 0.999940000000 

0.000000000000 0.000000000000 0.000000000000 0.000000000006 0.000000000000 0.000000000004 0.000000000008 0.004380300000 0.000000000000 0.000000000013 0.000000013784 0.017966000000 0.000012307000 0.040524000000 0.100420000000 0.731080000000 0.000000000000 0.000279600000 0.001920900000 0.170920000000 0.014344000000 0.332260000000 0.522120000000 0.949430000000 0.124220000000 0.691600000000 0.837260000000 0.991380000000 0.945060000000 0.995350000000 0.995880000000 0.996020000000 0.002218300000 0.157340000000 0.295710000000 0.868000000000 0.586500000000 0.962530000000 0.979980000000 0.996150000000 0.857590000000 0.992070000000 0.995750000000 0.996220000000 0.995310000000 0.995990000000 0.995990000000 0.996070000000 0.962240000000 0.996170000000 0.995930000000 0.996070000000 0.996660000000 0.995910000000 0.996000000000 0.996130000000 0.996670000000 0.996060000000 0.996210000000 0.996150000000 0.996170000000 0.996080000000 0.996090000000 0.996100000000 0.377100000000 0.910380000000 0.972400000000 0.995280000000 0.984310000000 0.996420000000 0.996140000000 0.996150000000 0.991560000000 0.996070000000 0.995440000000 0.996300000000 0.995700000000 0.996050000000 0.995930000000 0.996060000000 0.993290000000 0.996520000000 0.996300000000 0.996010000000 0.996290000000 0.996100000000 0.996120000000 0.996060000000 0.996020000000 0.996250000000 0.996150000000 0.996110000000 0.996160000000 0.996110000000 0.996110000000 0.996090000000 0.996560000000 0.996140000000 0.995950000000 0.996140000000 0.996140000000 0.996190000000 0.996170000000 0.996120000000 0.996110000000 0.996230000000 0.996150000000 0.996100000000 0.995940000000 0.996050000000 0.996050000000 0.996100000000 0.995620000000 0.996030000000 0.996030000000 0.996090000000 0.996000000000 0.996060000000 0.996050000000 0.996120000000 0.996160000000 0.996100000000 0.996090000000 0.996100000000 0.996090000000 0.996100000000 0.996110000000 0.996100000000 

N_obs: 800

File Format:
1- most to least reliable channels (taken entropies)
2- most to least reliable channels (taken error probabilities)
3- channels entropies (flipped)
4- channels error probabilities (flipped)
5- number of MontCarlo simulations
