127 126 125 124 123 122 121 119 111 95 115 118 117 110 109 107 103 120 114 116 113 94 93 108 63 106 91 105 102 87 101 92 62 112 90 99 79 61 104 89 59 55 47 31 86 100 85 83 78 60 77 98 75 71 58 57 97 53 54 88 51 46 45 43 39 29 23 30 27 15 84 82 81 76 74 73 70 69 67 56 52 42 50 96 44 41 38 37 21 49 26 28 25 22 19 35 14 13 11 7 80 68 72 66 20 36 40 65 18 24 17 34 12 10 48 9 33 6 5 3 16 8 64 4 32 2 1 0 

127 126 125 124 123 122 121 119 111 95 115 118 117 110 109 107 103 120 114 113 116 94 93 108 63 106 91 105 102 101 87 92 112 62 90 99 104 89 79 61 86 100 59 85 98 83 55 88 78 97 60 77 47 75 31 84 58 57 46 82 71 54 39 43 15 45 96 76 81 28 67 13 53 22 74 11 80 38 42 66 3 50 18 5 33 68 32 24 9 2 49 48 8 12 36 17 64 34 16 65 20 1 0 69 52 70 6 72 10 4 7 44 19 40 30 26 29 73 14 21 35 56 37 41 51 25 23 27 

0.000000000000 0.000000000000 0.000000000000 0.000000000000 0.000000000000 0.000000000000 0.000000000000 0.000017967000 0.000000000000 0.000000000000 0.000000000000 0.000164450000 0.000000000000 0.000099803000 0.000270100000 0.096482000000 0.000000000000 0.000000000001 0.000000000030 0.001622200000 0.000000001593 0.003089100000 0.006533700000 0.223590000000 0.000000681120 0.023072000000 0.055948000000 0.437320000000 0.156320000000 0.618750000000 0.698040000000 0.943770000000 0.000000000000 0.000314850000 0.000553450000 0.071533000000 0.004970100000 0.143360000000 0.249020000000 0.718440000000 0.043590000000 0.343960000000 0.444220000000 0.840220000000 0.523250000000 0.875740000000 0.886230000000 0.982640000000 0.168280000000 0.576260000000 0.597960000000 0.910230000000 0.624820000000 0.913900000000 0.918120000000 0.986670000000 0.642840000000 0.923760000000 0.925170000000 0.986590000000 0.934230000000 0.989500000000 0.990950000000 0.998810000000 0.002032400000 0.087697000000 0.172270000000 0.584530000000 0.276220000000 0.679250000000 0.684200000000 0.938540000000 0.313340000000 0.717380000000 0.716670000000 0.942610000000 0.723200000000 0.943530000000 0.949310000000 0.992320000000 0.330960000000 0.727470000000 0.728220000000 0.944970000000 0.728640000000 0.943460000000 0.945970000000 0.990860000000 0.735740000000 0.947340000000 0.948020000000 0.990650000000 0.951970000000 0.991880000000 0.992810000000 0.998990000000 0.332020000000 0.747580000000 0.742240000000 0.949770000000 0.748290000000 0.949610000000 0.949850000000 0.991520000000 0.747490000000 0.950140000000 0.949140000000 0.990480000000 0.950370000000 0.991160000000 0.991570000000 0.998710000000 0.764860000000 0.955280000000 0.956200000000 0.991890000000 0.957390000000 0.992260000000 0.992400000000 0.998730000000 0.961560000000 0.993670000000 0.993950000000 0.998920000000 0.994690000000 0.999200000000 0.999290000000 0.999910000000 

0.000000000000 0.000000000000 0.000000000000 0.000000000000 0.000000000000 0.000000000000 0.000000000000 0.000017570000 0.000000000000 0.000000000000 0.000000000000 0.000338640000 0.000000000000 0.000116370000 0.000323440000 0.222870000000 0.000000000000 0.000000000000 0.000000000008 0.003578900000 0.000000000530 0.011613000000 0.021366000000 0.442370000000 0.000000317780 0.054680000000 0.137380000000 0.735950000000 0.352390000000 0.895830000000 0.959840000000 0.995820000000 0.000000000000 0.001176000000 0.001375000000 0.188350000000 0.013697000000 0.337340000000 0.524550000000 0.954560000000 0.143300000000 0.683150000000 0.856530000000 0.990810000000 0.941900000000 0.994600000000 0.995910000000 0.996010000000 0.539290000000 0.958020000000 0.974020000000 0.995840000000 0.989330000000 0.995980000000 0.996160000000 0.996120000000 0.994850000000 0.996100000000 0.996100000000 0.996070000000 0.995920000000 0.996040000000 0.996100000000 0.996090000000 0.010413000000 0.328960000000 0.556950000000 0.960120000000 0.823920000000 0.992730000000 0.994380000000 0.996200000000 0.945300000000 0.994900000000 0.995960000000 0.996100000000 0.996250000000 0.996050000000 0.996090000000 0.996090000000 0.981870000000 0.994510000000 0.995710000000 0.996130000000 0.995260000000 0.996030000000 0.996220000000 0.996140000000 0.995250000000 0.996020000000 0.996210000000 0.996090000000 0.996190000000 0.996100000000 0.996070000000 0.996070000000 0.990640000000 0.996140000000 0.996160000000 0.995920000000 0.996520000000 0.996160000000 0.996330000000 0.996080000000 0.996520000000 0.995980000000 0.996190000000 0.996100000000 0.996130000000 0.996060000000 0.996090000000 0.996100000000 0.995310000000 0.996190000000 0.995940000000 0.996090000000 0.995990000000 0.996120000000 0.996080000000 0.996090000000 0.996120000000 0.996110000000 0.996060000000 0.996120000000 0.996050000000 0.996090000000 0.996100000000 0.996100000000 

N_obs: 800

File Format:
1- most to least reliable channels (taken entropies)
2- most to least reliable channels (taken error probabilities)
3- channels entropies (flipped)
4- channels error probabilities (flipped)
5- number of MontCarlo simulations
