127 126 125 123 119 111 124 122 118 121 117 115 95 110 109 107 120 116 114 103 113 94 108 93 63 106 91 105 102 87 62 112 79 101 92 61 59 47 55 31 99 90 104 89 86 85 83 78 77 75 71 60 58 100 57 51 53 46 54 43 45 39 30 27 29 23 15 98 97 88 84 82 81 76 74 73 70 69 67 42 41 52 50 44 26 56 37 38 25 21 49 28 19 35 22 14 13 11 7 96 80 72 68 36 20 40 66 18 24 17 12 34 10 9 65 48 33 6 5 3 8 16 4 32 64 2 1 0 

127 126 125 123 119 111 124 122 118 121 117 115 95 110 109 107 120 116 114 103 94 113 108 93 106 63 105 91 102 112 101 87 92 62 90 104 99 79 61 89 59 100 86 85 55 47 98 60 83 97 31 78 77 45 81 54 75 58 39 50 29 46 23 26 57 84 25 70 11 67 28 24 88 7 65 13 9 34 49 53 41 66 3 5 18 20 12 80 73 64 33 10 22 48 56 0 4 36 2 40 1 32 16 38 8 6 68 19 52 44 69 42 17 72 74 96 14 71 35 76 27 21 82 37 15 30 51 43 

0.000000000000 0.000000000000 0.000000000000 0.000000000000 0.000000000000 0.000000000000 0.000000000002 0.000849340000 0.000000000000 0.000000000001 0.000000000004 0.001838100000 0.000000000155 0.003612200000 0.012272000000 0.291060000000 0.000000000000 0.000005620900 0.000015453000 0.025111000000 0.000460500000 0.052034000000 0.110010000000 0.575680000000 0.007294800000 0.205530000000 0.329880000000 0.783820000000 0.465760000000 0.848860000000 0.869070000000 0.980050000000 0.000000049383 0.012542000000 0.030159000000 0.334130000000 0.100580000000 0.498200000000 0.581220000000 0.904320000000 0.237650000000 0.665800000000 0.676260000000 0.933270000000 0.693590000000 0.934430000000 0.941470000000 0.991320000000 0.315850000000 0.725850000000 0.728690000000 0.945100000000 0.735420000000 0.945110000000 0.948310000000 0.991440000000 0.749300000000 0.951640000000 0.954020000000 0.991850000000 0.959220000000 0.993390000000 0.994350000000 0.999250000000 0.038385000000 0.264440000000 0.344890000000 0.758160000000 0.371830000000 0.772900000000 0.784480000000 0.961720000000 0.397160000000 0.791310000000 0.789070000000 0.960060000000 0.788610000000 0.960150000000 0.963250000000 0.994500000000 0.386570000000 0.789220000000 0.794400000000 0.960290000000 0.792420000000 0.959370000000 0.959690000000 0.993110000000 0.799890000000 0.962520000000 0.961880000000 0.993000000000 0.964050000000 0.993930000000 0.994600000000 0.999250000000 0.406490000000 0.801680000000 0.808630000000 0.963750000000 0.805100000000 0.961620000000 0.962550000000 0.993690000000 0.811170000000 0.964730000000 0.963000000000 0.993100000000 0.963860000000 0.993630000000 0.993850000000 0.999070000000 0.820140000000 0.967190000000 0.967210000000 0.993900000000 0.968200000000 0.994110000000 0.994230000000 0.999020000000 0.971510000000 0.995280000000 0.995380000000 0.999170000000 0.996010000000 0.999390000000 0.999460000000 0.999930000000 

0.000000000000 0.000000000000 0.000000000000 0.000000000000 0.000000000000 0.000000000000 0.000000000000 0.001923700000 0.000000000000 0.000000000000 0.000000000001 0.004290400000 0.000000000043 0.008651500000 0.037659000000 0.537500000000 0.000000000000 0.000003966300 0.000011870000 0.059819000000 0.000978370000 0.125470000000 0.236900000000 0.852070000000 0.022630000000 0.434270000000 0.636900000000 0.970610000000 0.853920000000 0.992510000000 0.994140000000 0.996190000000 0.000000020576 0.036149000000 0.089550000000 0.672850000000 0.302520000000 0.843900000000 0.936200000000 0.996030000000 0.672020000000 0.975480000000 0.985960000000 0.995990000000 0.993560000000 0.996270000000 0.995630000000 0.996080000000 0.905090000000 0.995250000000 0.995410000000 0.996230000000 0.995730000000 0.996180000000 0.996080000000 0.996140000000 0.996200000000 0.996010000000 0.996120000000 0.996120000000 0.996020000000 0.996050000000 0.996040000000 0.996080000000 0.194450000000 0.779080000000 0.918470000000 0.993090000000 0.965730000000 0.995740000000 0.995940000000 0.996090000000 0.990390000000 0.995720000000 0.996050000000 0.996120000000 0.996660000000 0.995840000000 0.996050000000 0.996090000000 0.991660000000 0.995910000000 0.995610000000 0.996120000000 0.996780000000 0.996130000000 0.996050000000 0.996100000000 0.995840000000 0.996110000000 0.996300000000 0.996100000000 0.996230000000 0.996040000000 0.996080000000 0.996100000000 0.995100000000 0.996600000000 0.995860000000 0.996030000000 0.996250000000 0.995930000000 0.996000000000 0.996030000000 0.995920000000 0.996080000000 0.996260000000 0.996070000000 0.996120000000 0.996070000000 0.996140000000 0.996100000000 0.996480000000 0.996190000000 0.996040000000 0.996070000000 0.996020000000 0.996080000000 0.996040000000 0.996110000000 0.996030000000 0.996110000000 0.996060000000 0.996090000000 0.996060000000 0.996100000000 0.996100000000 0.996090000000 

N_obs: 800

File Format:
1- most to least reliable channels (taken entropies)
2- most to least reliable channels (taken error probabilities)
3- channels entropies (flipped)
4- channels error probabilities (flipped)
5- number of MontCarlo simulations
