127 126 125 124 123 122 121 120 119 118 117 116 115 114 113 112 111 110 109 108 107 106 105 104 103 102 101 100 99 98 97 95 94 93 92 91 90 89 88 87 86 85 84 83 82 81 79 78 77 76 75 74 73 71 70 63 62 61 60 59 58 57 56 55 54 53 52 51 47 46 45 43 39 31 30 29 27 23 15 69 44 50 42 41 49 67 37 38 28 35 22 21 25 26 14 19 13 80 96 72 66 11 68 48 36 40 65 34 24 33 20 7 18 17 12 10 64 9 32 6 5 16 3 8 4 2 1 0 

127 126 125 124 123 122 121 120 119 118 117 116 115 114 113 112 111 110 109 108 107 106 105 104 103 102 101 100 99 98 97 95 94 93 92 91 90 89 88 87 86 85 84 83 82 81 79 78 77 76 75 74 73 71 70 63 62 61 60 59 58 57 56 55 54 53 52 51 47 46 45 43 39 31 30 29 27 23 15 69 44 50 42 41 49 67 37 38 28 35 22 21 25 26 14 19 13 80 96 72 66 11 68 48 40 36 65 34 33 24 20 7 18 17 12 10 64 9 32 6 5 16 3 8 4 2 1 0 

0.000000000000 0.000000000000 0.000000000000 0.000000000000 0.000000000000 0.000000000000 0.000000000000 0.000000000000 0.000000000000 0.000000000000 0.000000000000 0.000000000000 0.000000000000 0.000000000000 0.000000000000 0.000000000000 0.000000000000 0.000000000000 0.000000000000 0.000000000000 0.000000000000 0.000000000000 0.000000000000 0.000000000000 0.000000000000 0.000000000000 0.000000000000 0.000000000000 0.000000000000 0.000000000000 0.000000000000 0.000001991500 0.000000000000 0.000000000000 0.000000000000 0.000000000000 0.000000000000 0.000000000000 0.000000000000 0.000000000000 0.000000000000 0.000000000000 0.000000000000 0.000000000000 0.000000000000 0.000000000000 0.000000000000 0.000001964000 0.000000000000 0.000000000000 0.000000000000 0.000000000000 0.000000000000 0.000000000000 0.000000000000 0.000005208900 0.000000000000 0.000000000000 0.000000000000 0.000038147000 0.000000000000 0.000016296000 0.000188600000 0.039476000000 0.000000000000 0.000000000000 0.000000000000 0.000000000000 0.000000000000 0.000000000000 0.000000000000 0.000000000000 0.000000000000 0.000000000000 0.000000000000 0.000000000000 0.000000000000 0.000000000000 0.000000000000 0.000052224000 0.000000000000 0.000000000000 0.000000000000 0.000000000000 0.000000000000 0.000000000000 0.000000000000 0.000161980000 0.000000000000 0.000000000000 0.000000000000 0.000134070000 0.000000000002 0.000421680000 0.000785950000 0.095043000000 0.000000000000 0.000000000000 0.000000000000 0.000000000000 0.000000000000 0.000000005003 0.000000001134 0.000732390000 0.000000000000 0.000000000005 0.000000000081 0.001373200000 0.000000065465 0.003175900000 0.007260300000 0.218910000000 0.000000000000 0.000000054533 0.000000720810 0.010874000000 0.000033869000 0.024946000000 0.052489000000 0.433930000000 0.002156500000 0.101390000000 0.185210000000 0.648080000000 0.317800000000 0.758150000000 0.764160000000 0.967720000000 

0.000000000000 0.000000000000 0.000000000000 0.000000000000 0.000000000000 0.000000000000 0.000000000000 0.000000000000 0.000000000000 0.000000000000 0.000000000000 0.000000000000 0.000000000000 0.000000000000 0.000000000000 0.000000000000 0.000000000000 0.000000000000 0.000000000000 0.000000000000 0.000000000000 0.000000000000 0.000000000000 0.000000000000 0.000000000000 0.000000000000 0.000000000000 0.000000000000 0.000000000000 0.000000000000 0.000000000000 0.000001433600 0.000000000000 0.000000000000 0.000000000000 0.000000000000 0.000000000000 0.000000000000 0.000000000000 0.000000000000 0.000000000000 0.000000000000 0.000000000000 0.000000000000 0.000000000000 0.000000000000 0.000000000000 0.000001384500 0.000000000000 0.000000000000 0.000000000000 0.000000000000 0.000000000000 0.000000000000 0.000000000000 0.000004101200 0.000000000000 0.000000000000 0.000000000000 0.000076832000 0.000000000000 0.000014418000 0.000480940000 0.094721000000 0.000000000000 0.000000000000 0.000000000000 0.000000000000 0.000000000000 0.000000000000 0.000000000000 0.000000000000 0.000000000000 0.000000000000 0.000000000000 0.000000000000 0.000000000000 0.000000000000 0.000000000000 0.000161790000 0.000000000000 0.000000000000 0.000000000000 0.000000000000 0.000000000000 0.000000000000 0.000000000000 0.000232080000 0.000000000000 0.000000000000 0.000000000000 0.000478020000 0.000000000000 0.000864950000 0.001342200000 0.203640000000 0.000000000000 0.000000000000 0.000000000000 0.000000000000 0.000000000000 0.000000001894 0.000000000374 0.001941100000 0.000000000000 0.000000000001 0.000000000021 0.003050300000 0.000000030903 0.007876000000 0.017633000000 0.419180000000 0.000000000000 0.000000022255 0.000000361260 0.024646000000 0.000038495000 0.056368000000 0.114760000000 0.706160000000 0.005913600000 0.221190000000 0.378290000000 0.900410000000 0.650670000000 0.968870000000 0.981580000000 0.992030000000 

N_obs: 4000

File Format:
1- most to least reliable channels (taken entropies)
2- most to least reliable channels (taken error probabilities)
3- channels entropies (flipped)
4- channels error probabilities (flipped)
5- number of MontCarlo simulations
