127 126 125 123 122 119 111 95 124 117 121 118 115 110 109 107 103 93 94 120 116 114 63 113 91 108 106 105 87 102 101 92 62 90 61 112 79 99 89 59 104 86 55 31 47 85 100 83 60 78 15 77 71 75 98 58 23 39 57 27 88 29 51 43 97 53 30 45 54 46 7 84 67 81 11 19 82 35 13 73 14 69 3 76 70 21 74 25 37 41 49 22 38 56 26 28 50 42 52 96 44 65 17 9 5 33 1 6 80 66 72 12 68 10 18 34 20 24 36 40 48 64 8 16 4 2 32 0 

127 126 125 123 122 119 111 95 124 117 121 118 115 110 109 107 103 94 120 116 93 114 63 113 108 91 106 105 102 87 101 92 62 90 112 99 61 89 79 104 86 59 100 85 98 55 83 60 78 88 97 77 58 47 84 75 57 31 71 54 82 53 81 76 51 96 46 45 39 73 69 52 30 11 65 25 74 49 43 26 28 35 70 56 44 5 42 33 22 40 72 19 9 10 36 3 6 20 64 37 68 8 4 12 0 2 66 32 16 67 18 24 48 21 80 13 34 50 17 14 7 41 38 15 1 29 27 23 

0.000000000000 0.000000000000 0.000000000000 0.000000000000 0.000000000000 0.000000000000 0.000000000000 0.000053876000 0.000000000000 0.000000000000 0.000000000000 0.000116220000 0.000000000000 0.000298750000 0.000423770000 0.074669000000 0.000000000000 0.000000000000 0.000000000000 0.000708500000 0.000000000371 0.001442600000 0.003512200000 0.163690000000 0.000005179500 0.011269000000 0.024214000000 0.319040000000 0.080383000000 0.495190000000 0.585870000000 0.912160000000 0.000000000000 0.000041440000 0.000022923000 0.030368000000 0.000424450000 0.060668000000 0.117640000000 0.554370000000 0.009857600000 0.184960000000 0.276270000000 0.725420000000 0.377950000000 0.790190000000 0.780950000000 0.969990000000 0.079226000000 0.408660000000 0.465830000000 0.846650000000 0.493160000000 0.857310000000 0.826530000000 0.979170000000 0.467830000000 0.848150000000 0.829730000000 0.979490000000 0.768840000000 0.978640000000 0.930920000000 0.998270000000 0.000371020000 0.038002000000 0.072444000000 0.393010000000 0.153010000000 0.514800000000 0.540640000000 0.889750000000 0.239810000000 0.603940000000 0.588640000000 0.906740000000 0.566080000000 0.900470000000 0.868200000000 0.988050000000 0.262400000000 0.617870000000 0.599310000000 0.912700000000 0.574460000000 0.903930000000 0.866030000000 0.986950000000 0.522910000000 0.883480000000 0.859320000000 0.985770000000 0.790740000000 0.984550000000 0.935210000000 0.998670000000 0.252240000000 0.594720000000 0.564450000000 0.897200000000 0.547360000000 0.892060000000 0.857610000000 0.985480000000 0.516030000000 0.879130000000 0.856760000000 0.985000000000 0.785800000000 0.983240000000 0.932940000000 0.998340000000 0.436950000000 0.827370000000 0.821520000000 0.979470000000 0.783540000000 0.983190000000 0.933070000000 0.998290000000 0.676570000000 0.959060000000 0.933290000000 0.998420000000 0.845720000000 0.998450000000 0.949570000000 0.999890000000 

0.000000000000 0.000000000000 0.000000000000 0.000000000000 0.000000000000 0.000000000000 0.000000000000 0.000050209000 0.000000000000 0.000000000000 0.000000000000 0.000198380000 0.000000000000 0.000764460000 0.001176500000 0.153430000000 0.000000000000 0.000000000000 0.000000000000 0.001321900000 0.000000000105 0.003441600000 0.006998100000 0.312770000000 0.000004844500 0.025363000000 0.052441000000 0.545610000000 0.174300000000 0.763350000000 0.885180000000 0.989730000000 0.000000000000 0.000042276000 0.000264280000 0.070850000000 0.001482200000 0.140410000000 0.253770000000 0.836140000000 0.029097000000 0.403990000000 0.564740000000 0.950380000000 0.785320000000 0.982040000000 0.987940000000 0.992240000000 0.254150000000 0.802510000000 0.905610000000 0.989280000000 0.957350000000 0.991950000000 0.991680000000 0.992130000000 0.976720000000 0.992090000000 0.991780000000 0.992170000000 0.992190000000 0.992190000000 0.991910000000 0.992160000000 0.001113400000 0.124330000000 0.234900000000 0.794460000000 0.473920000000 0.920140000000 0.961030000000 0.992100000000 0.774170000000 0.977940000000 0.985600000000 0.991870000000 0.989320000000 0.992260000000 0.991980000000 0.992210000000 0.924790000000 0.990570000000 0.991170000000 0.992100000000 0.992010000000 0.992100000000 0.992290000000 0.992120000000 0.991570000000 0.992350000000 0.992170000000 0.992150000000 0.992080000000 0.992250000000 0.992110000000 0.992190000000 0.969670000000 0.991890000000 0.992580000000 0.992070000000 0.992790000000 0.992040000000 0.991920000000 0.992200000000 0.993380000000 0.992120000000 0.992220000000 0.992160000000 0.992140000000 0.992200000000 0.992260000000 0.992190000000 0.992380000000 0.992270000000 0.992240000000 0.992180000000 0.991890000000 0.992150000000 0.992150000000 0.992170000000 0.992280000000 0.992160000000 0.992100000000 0.992180000000 0.992160000000 0.992180000000 0.992420000000 0.992180000000 

N_obs: 4000

File Format:
1- most to least reliable channels (taken entropies)
2- most to least reliable channels (taken error probabilities)
3- channels entropies (flipped)
4- channels error probabilities (flipped)
5- number of MontCarlo simulations
