127 126 123 125 119 124 111 122 121 118 117 115 110 95 109 120 116 107 63 114 94 103 93 31 113 79 108 47 91 87 55 59 61 62 15 106 105 23 39 71 99 27 29 102 101 30 75 43 83 51 7 92 77 45 78 89 85 46 53 57 90 86 54 58 112 60 11 19 35 67 3 14 13 25 97 21 37 104 69 73 41 81 49 22 28 38 70 98 100 26 17 9 5 33 65 1 74 76 82 42 44 50 84 52 88 56 6 12 24 18 10 96 34 20 66 36 72 68 40 80 48 8 16 2 4 32 64 0 

127 126 123 125 119 111 124 121 122 118 117 115 110 95 109 120 116 107 114 94 113 103 108 63 93 106 91 105 102 112 87 62 92 101 79 61 99 59 90 55 89 104 47 27 71 83 86 3 23 42 7 60 81 22 43 13 78 84 73 31 97 41 56 28 29 49 44 74 24 52 11 65 19 25 1 100 34 9 5 38 76 80 68 50 40 4 48 82 98 14 36 32 8 10 2 0 17 16 75 64 20 66 58 96 12 72 6 37 21 18 33 30 88 70 26 53 15 57 69 67 54 51 45 85 35 77 46 39 

0.000000000000 0.000000000000 0.000000000000 0.000047148000 0.000000000000 0.000095994000 0.000143910000 0.042940000000 0.000000000003 0.000681480000 0.001371400000 0.098456000000 0.008538700000 0.196020000000 0.311160000000 0.778050000000 0.000061462000 0.017320000000 0.037396000000 0.352350000000 0.106820000000 0.508760000000 0.576980000000 0.904540000000 0.233670000000 0.648990000000 0.660740000000 0.934050000000 0.637320000000 0.933610000000 0.894800000000 0.992870000000 0.019165000000 0.216380000000 0.297030000000 0.712600000000 0.360080000000 0.752840000000 0.739000000000 0.958600000000 0.375250000000 0.764710000000 0.739490000000 0.957440000000 0.691310000000 0.953090000000 0.908420000000 0.994920000000 0.344010000000 0.734400000000 0.717710000000 0.952420000000 0.687670000000 0.951810000000 0.906430000000 0.994210000000 0.609910000000 0.930710000000 0.905140000000 0.994360000000 0.824600000000 0.994020000000 0.944020000000 0.999540000000 0.135520000000 0.412130000000 0.397840000000 0.794960000000 0.389010000000 0.774300000000 0.752110000000 0.962780000000 0.378600000000 0.766760000000 0.743610000000 0.958350000000 0.694380000000 0.954480000000 0.909520000000 0.995010000000 0.354270000000 0.739770000000 0.723370000000 0.954040000000 0.689180000000 0.953330000000 0.907590000000 0.994400000000 0.609220000000 0.930330000000 0.904500000000 0.994050000000 0.822600000000 0.993390000000 0.942900000000 0.999440000000 0.299650000000 0.667630000000 0.648430000000 0.929700000000 0.641710000000 0.935670000000 0.894490000000 0.992400000000 0.595500000000 0.926070000000 0.901080000000 0.993470000000 0.820640000000 0.992620000000 0.941850000000 0.999310000000 0.478840000000 0.860340000000 0.861880000000 0.989270000000 0.819120000000 0.992810000000 0.942030000000 0.999280000000 0.701310000000 0.967320000000 0.942170000000 0.999350000000 0.852530000000 0.999340000000 0.951400000000 0.999950000000 

0.000000000000 0.000000000000 0.000000000000 0.000152710000 0.000000000000 0.000221430000 0.000173370000 0.095639000000 0.000000000001 0.001881100000 0.003263900000 0.200700000000 0.020648000000 0.371480000000 0.566220000000 0.955010000000 0.000131310000 0.045489000000 0.088486000000 0.629050000000 0.263290000000 0.823860000000 0.907990000000 0.990200000000 0.592290000000 0.953770000000 0.975310000000 0.992130000000 0.985030000000 0.992170000000 0.992070000000 0.992210000000 0.070756000000 0.554660000000 0.734820000000 0.974190000000 0.884500000000 0.989090000000 0.990150000000 0.992260000000 0.958150000000 0.991730000000 0.992520000000 0.992030000000 0.991710000000 0.992170000000 0.991970000000 0.992140000000 0.975880000000 0.992020000000 0.992550000000 0.992140000000 0.992190000000 0.992100000000 0.992050000000 0.992220000000 0.991300000000 0.992280000000 0.992330000000 0.992150000000 0.992380000000 0.992200000000 0.992110000000 0.992190000000 0.657450000000 0.966230000000 0.982900000000 0.991940000000 0.988750000000 0.992200000000 0.992330000000 0.992070000000 0.989650000000 0.992410000000 0.992290000000 0.992100000000 0.992430000000 0.992160000000 0.992080000000 0.992170000000 0.990790000000 0.992740000000 0.992520000000 0.992100000000 0.992010000000 0.991910000000 0.992070000000 0.992160000000 0.993130000000 0.992140000000 0.992240000000 0.992180000000 0.992520000000 0.992130000000 0.992260000000 0.992180000000 0.992050000000 0.992260000000 0.992080000000 0.992080000000 0.991170000000 0.992280000000 0.992120000000 0.992100000000 0.991880000000 0.991980000000 0.992240000000 0.992190000000 0.992120000000 0.992240000000 0.992190000000 0.992190000000 0.992300000000 0.992170000000 0.992010000000 0.992210000000 0.992110000000 0.992180000000 0.992140000000 0.992180000000 0.991940000000 0.992220000000 0.992140000000 0.992170000000 0.991850000000 0.992180000000 0.992130000000 0.992180000000 

N_obs: 4000

File Format:
1- most to least reliable channels (taken entropies)
2- most to least reliable channels (taken error probabilities)
3- channels entropies (flipped)
4- channels error probabilities (flipped)
5- number of MontCarlo simulations
