127 126 125 124 123 122 121 120 119 118 117 116 115 114 113 111 110 109 108 107 106 105 104 103 102 101 99 95 94 93 92 91 90 89 87 86 85 83 79 78 77 75 71 63 62 61 60 59 58 57 55 54 53 51 47 46 45 43 31 100 98 30 39 112 29 97 76 88 81 27 74 84 73 50 70 69 52 82 23 56 67 49 44 42 38 41 37 96 80 28 15 35 26 72 25 68 22 66 48 21 40 65 36 19 14 34 24 13 33 20 11 64 7 18 17 12 32 10 9 6 5 3 16 8 4 2 1 0 

127 126 125 124 123 122 121 120 119 118 117 116 115 114 113 111 110 109 108 107 106 105 104 103 102 101 99 95 94 93 92 91 90 89 87 86 85 83 79 78 77 75 71 63 62 61 60 59 58 57 55 54 53 51 47 46 45 43 31 100 98 30 39 112 29 97 76 88 81 27 74 84 73 50 70 69 52 23 82 67 56 49 44 42 38 41 37 96 35 80 28 26 15 72 25 68 22 66 48 21 65 40 36 19 14 34 24 13 33 20 11 64 18 7 17 12 32 10 9 6 16 5 3 8 2 4 0 1 

0.000000000000 0.000000000000 0.000000000000 0.000000000000 0.000000000000 0.000000000000 0.000000000000 0.000000000000 0.000000000000 0.000000000000 0.000000000000 0.000000000000 0.000000000000 0.000000000000 0.000000000000 0.000000000000 0.000000000000 0.000000000000 0.000000000000 0.000000000000 0.000000000000 0.000000000000 0.000000000000 0.000000000000 0.000000000000 0.000000000000 0.000000000000 0.000000000000 0.000000000000 0.000000000000 0.000000000000 0.000085604000 0.000000000000 0.000000000000 0.000000000000 0.000000000000 0.000000000000 0.000000000000 0.000000000000 0.000000000000 0.000000000000 0.000000000000 0.000000000000 0.000000000001 0.000000000000 0.000000003868 0.000000000000 0.000304110000 0.000000000000 0.000000000000 0.000000000000 0.000000000000 0.000000000000 0.000000000001 0.000000000002 0.000631610000 0.000000000000 0.000000000107 0.000000000237 0.001712100000 0.000000029059 0.004263700000 0.011546000000 0.313280000000 0.000000000000 0.000000000000 0.000000000000 0.000000000000 0.000000000000 0.000000000000 0.000000000000 0.000000028473 0.000000000000 0.000000000000 0.000000000000 0.000000000582 0.000000000000 0.000000000057 0.000000038675 0.004817400000 0.000000000000 0.000000000000 0.000000000000 0.000000171590 0.000000000000 0.000000531180 0.000007648600 0.010908000000 0.000000000000 0.000000850830 0.000058928000 0.027545000000 0.000403240000 0.063670000000 0.134940000000 0.627600000000 0.000000000000 0.000000000000 0.000000000000 0.000321780000 0.000000000000 0.000468010000 0.001160200000 0.090933000000 0.000000004002 0.003039300000 0.007851700000 0.194130000000 0.031187000000 0.337590000000 0.458700000000 0.862420000000 0.000361330000 0.048415000000 0.095079000000 0.500720000000 0.201590000000 0.644080000000 0.692810000000 0.940910000000 0.324400000000 0.751410000000 0.769630000000 0.957060000000 0.796760000000 0.964400000000 0.969790000000 0.996050000000 

0.000000000000 0.000000000000 0.000000000000 0.000000000000 0.000000000000 0.000000000000 0.000000000000 0.000000000000 0.000000000000 0.000000000000 0.000000000000 0.000000000000 0.000000000000 0.000000000000 0.000000000000 0.000000000000 0.000000000000 0.000000000000 0.000000000000 0.000000000000 0.000000000000 0.000000000000 0.000000000000 0.000000000000 0.000000000000 0.000000000000 0.000000000000 0.000000000000 0.000000000000 0.000000000000 0.000000000000 0.000119890000 0.000000000000 0.000000000000 0.000000000000 0.000000000000 0.000000000000 0.000000000000 0.000000000000 0.000000000000 0.000000000000 0.000000000000 0.000000000000 0.000000000000 0.000000000000 0.000000001660 0.000000000000 0.001062400000 0.000000000000 0.000000000000 0.000000000000 0.000000000000 0.000000000000 0.000000000000 0.000000000000 0.002448500000 0.000000000000 0.000000000034 0.000000000073 0.004831200000 0.000000013761 0.011757000000 0.028387000000 0.580840000000 0.000000000000 0.000000000000 0.000000000000 0.000000000000 0.000000000000 0.000000000000 0.000000000000 0.000000014690 0.000000000000 0.000000000000 0.000000000000 0.000000000188 0.000000000000 0.000000000015 0.000000019652 0.014408000000 0.000000000000 0.000000000000 0.000000000000 0.000000097510 0.000000000000 0.000000355270 0.000008855300 0.028692000000 0.000000000000 0.000000493330 0.000119650000 0.067170000000 0.000827510000 0.152840000000 0.293420000000 0.892340000000 0.000000000000 0.000000000000 0.000000000000 0.001204400000 0.000000000000 0.001362300000 0.002894900000 0.223360000000 0.000000001632 0.007955900000 0.022763000000 0.403540000000 0.084421000000 0.620120000000 0.794170000000 0.989190000000 0.001653300000 0.136970000000 0.244710000000 0.823310000000 0.496200000000 0.936920000000 0.973720000000 0.995950000000 0.789010000000 0.986880000000 0.993180000000 0.996030000000 0.994480000000 0.996020000000 0.996100000000 0.996080000000 

N_obs: 4000

File Format:
1- most to least reliable channels (taken entropies)
2- most to least reliable channels (taken error probabilities)
3- channels entropies (flipped)
4- channels error probabilities (flipped)
5- number of MontCarlo simulations
