127 126 125 124 123 122 121 119 118 117 115 111 110 109 107 103 95 94 93 91 87 79 63 62 116 59 114 106 120 61 108 113 102 55 105 92 99 89 90 101 86 85 83 47 112 77 78 75 104 58 60 57 100 98 88 54 97 84 53 71 82 31 81 51 76 46 45 74 56 73 43 52 96 70 30 39 50 29 69 80 27 49 15 44 23 67 42 72 41 7 38 35 37 28 19 11 25 13 68 26 21 14 22 48 65 66 3 33 40 9 5 17 36 34 6 1 18 10 12 24 20 64 32 8 4 2 16 0 

127 126 125 124 123 122 121 119 118 117 115 111 110 109 107 103 95 94 93 91 87 79 63 62 116 59 114 106 120 61 108 113 102 55 105 92 99 89 90 101 86 85 83 47 112 77 78 104 75 60 57 58 100 98 88 54 97 84 53 71 82 81 51 31 76 46 74 45 56 73 96 52 43 70 50 30 69 80 39 49 29 44 67 72 42 27 41 68 23 38 28 48 15 37 66 35 26 65 25 40 21 22 7 14 19 34 36 5 18 20 24 8 12 16 32 0 2 33 4 3 10 64 6 1 9 17 11 13 

0.000000000000 0.000000000000 0.000000000000 0.000000000000 0.000000000000 0.000000000000 0.000000000000 0.000000000000 0.000000000000 0.000000000000 0.000000000000 0.000000000000 0.000000000000 0.000000000000 0.000000000000 0.000011969000 0.000000000000 0.000000000000 0.000000000000 0.000000000000 0.000000000000 0.000000000000 0.000000000001 0.000118070000 0.000000000000 0.000000000000 0.000000000015 0.000355660000 0.000000000004 0.000405220000 0.001536300000 0.122760000000 0.000000000000 0.000000000000 0.000000000000 0.000000000003 0.000000000000 0.000000000011 0.000000000007 0.001168800000 0.000000000000 0.000000005980 0.000000029742 0.002561300000 0.000000138350 0.005142000000 0.011792000000 0.274720000000 0.000000000000 0.000030206000 0.000022380000 0.017097000000 0.000113790000 0.038941000000 0.080030000000 0.505850000000 0.004771500000 0.142190000000 0.237340000000 0.700180000000 0.362060000000 0.790470000000 0.789170000000 0.972780000000 0.000000000000 0.000000000000 0.000000000000 0.000196850000 0.000000000000 0.000173420000 0.000283300000 0.055668000000 0.000000000000 0.001455200000 0.002960800000 0.119810000000 0.014229000000 0.219580000000 0.324380000000 0.772950000000 0.000007858300 0.018917000000 0.037340000000 0.336660000000 0.103270000000 0.479670000000 0.546100000000 0.890960000000 0.209810000000 0.608920000000 0.629510000000 0.921370000000 0.609220000000 0.923030000000 0.886670000000 0.991670000000 0.010406000000 0.160420000000 0.234910000000 0.646460000000 0.310080000000 0.707300000000 0.699220000000 0.947580000000 0.344480000000 0.732110000000 0.712920000000 0.949300000000 0.669220000000 0.945430000000 0.902630000000 0.993970000000 0.331860000000 0.718510000000 0.699450000000 0.947020000000 0.670860000000 0.945960000000 0.901740000000 0.993440000000 0.599840000000 0.926600000000 0.902170000000 0.993910000000 0.824180000000 0.993920000000 0.944080000000 0.999560000000 

0.000000000000 0.000000000000 0.000000000000 0.000000000000 0.000000000000 0.000000000000 0.000000000000 0.000000000000 0.000000000000 0.000000000000 0.000000000000 0.000000000000 0.000000000000 0.000000000000 0.000000000000 0.000008482500 0.000000000000 0.000000000000 0.000000000000 0.000000000000 0.000000000000 0.000000000000 0.000000000000 0.000156640000 0.000000000000 0.000000000000 0.000000000004 0.000834420000 0.000000000001 0.001060100000 0.003962800000 0.247890000000 0.000000000000 0.000000000000 0.000000000000 0.000000000001 0.000000000000 0.000000000003 0.000000000002 0.002484300000 0.000000000000 0.000000002153 0.000000012636 0.006251100000 0.000000066581 0.011490000000 0.026565000000 0.488450000000 0.000000000000 0.000037490000 0.000036396000 0.038583000000 0.000233280000 0.084508000000 0.169120000000 0.766140000000 0.011156000000 0.294650000000 0.475150000000 0.928330000000 0.719150000000 0.975620000000 0.986000000000 0.992230000000 0.000000000000 0.000000000000 0.000000000000 0.000272410000 0.000000000000 0.000612280000 0.000448840000 0.129420000000 0.000000000000 0.003206200000 0.008099700000 0.259800000000 0.036059000000 0.442070000000 0.621650000000 0.959270000000 0.000005610000 0.054648000000 0.096472000000 0.637900000000 0.273140000000 0.816630000000 0.904730000000 0.990160000000 0.569640000000 0.946400000000 0.972740000000 0.992090000000 0.982970000000 0.991930000000 0.992190000000 0.992180000000 0.036980000000 0.450110000000 0.624440000000 0.959070000000 0.816740000000 0.985030000000 0.988530000000 0.992150000000 0.929370000000 0.991430000000 0.991200000000 0.992150000000 0.991930000000 0.992120000000 0.992370000000 0.992180000000 0.972230000000 0.991720000000 0.992780000000 0.992160000000 0.992410000000 0.992200000000 0.992300000000 0.992160000000 0.991610000000 0.992240000000 0.992110000000 0.992190000000 0.992200000000 0.992190000000 0.992260000000 0.992180000000 

N_obs: 4000

File Format:
1- most to least reliable channels (taken entropies)
2- most to least reliable channels (taken error probabilities)
3- channels entropies (flipped)
4- channels error probabilities (flipped)
5- number of MontCarlo simulations
