127 126 125 124 123 122 121 120 119 118 117 116 115 114 113 112 111 110 109 108 107 106 105 104 103 102 101 100 99 98 97 95 94 93 92 91 90 89 88 87 86 85 84 83 82 81 79 78 77 76 75 74 73 71 70 69 67 63 62 61 60 59 58 57 56 55 54 53 52 51 50 47 46 45 44 43 41 39 31 30 29 27 23 15 49 37 38 28 42 25 35 22 21 19 26 14 96 13 80 11 72 68 65 66 40 48 36 34 33 24 20 7 18 17 12 10 64 9 32 6 5 16 3 8 4 2 1 0 

127 126 125 124 123 122 121 120 119 118 117 116 115 114 113 112 111 110 109 108 107 106 105 104 103 102 101 100 99 98 97 95 94 93 92 91 90 89 88 87 86 85 84 83 82 81 79 78 77 76 75 74 73 71 70 69 67 63 62 61 60 59 58 57 56 55 54 53 52 51 50 47 46 45 44 43 41 39 31 30 29 27 23 15 49 37 38 28 42 25 35 22 21 19 26 14 96 13 80 11 72 68 65 66 40 48 36 24 34 20 33 7 18 17 12 10 9 64 6 32 5 16 3 8 4 2 1 0 

0.000000000000 0.000000000000 0.000000000000 0.000000000000 0.000000000000 0.000000000000 0.000000000000 0.000000000000 0.000000000000 0.000000000000 0.000000000000 0.000000000000 0.000000000000 0.000000000000 0.000000000000 0.000000000000 0.000000000000 0.000000000000 0.000000000000 0.000000000000 0.000000000000 0.000000000000 0.000000000000 0.000000000000 0.000000000000 0.000000000000 0.000000000000 0.000000000000 0.000000000000 0.000000000000 0.000000000000 0.000000013100 0.000000000000 0.000000000000 0.000000000000 0.000000000000 0.000000000000 0.000000000000 0.000000000000 0.000000000000 0.000000000000 0.000000000000 0.000000000000 0.000000000000 0.000000000000 0.000000000000 0.000000000000 0.000000351290 0.000000000000 0.000000000000 0.000000000000 0.000000000000 0.000000000000 0.000000000000 0.000000000000 0.000000560350 0.000000000000 0.000000000000 0.000000000000 0.000000864070 0.000000000000 0.000003094000 0.000002356100 0.023762000000 0.000000000000 0.000000000000 0.000000000000 0.000000000000 0.000000000000 0.000000000000 0.000000000000 0.000000000000 0.000000000000 0.000000000000 0.000000000000 0.000000000000 0.000000000000 0.000000000000 0.000000000000 0.000012467000 0.000000000000 0.000000000000 0.000000000000 0.000000000000 0.000000000000 0.000000000000 0.000000000000 0.000005580600 0.000000000000 0.000000000000 0.000000000000 0.000049357000 0.000000000001 0.000207990000 0.000278270000 0.061328000000 0.000000000000 0.000000000000 0.000000000000 0.000000000000 0.000000000000 0.000000001805 0.000000000000 0.000322190000 0.000000000000 0.000000000001 0.000000000020 0.000443240000 0.000000000023 0.001159900000 0.002460600000 0.148880000000 0.000000000000 0.000000012100 0.000000014989 0.004647500000 0.000000507500 0.010400000000 0.024312000000 0.328770000000 0.000741270000 0.061479000000 0.125800000000 0.554390000000 0.281920000000 0.707050000000 0.763350000000 0.956060000000 

0.000000000000 0.000000000000 0.000000000000 0.000000000000 0.000000000000 0.000000000000 0.000000000000 0.000000000000 0.000000000000 0.000000000000 0.000000000000 0.000000000000 0.000000000000 0.000000000000 0.000000000000 0.000000000000 0.000000000000 0.000000000000 0.000000000000 0.000000000000 0.000000000000 0.000000000000 0.000000000000 0.000000000000 0.000000000000 0.000000000000 0.000000000000 0.000000000000 0.000000000000 0.000000000000 0.000000000000 0.000000005916 0.000000000000 0.000000000000 0.000000000000 0.000000000000 0.000000000000 0.000000000000 0.000000000000 0.000000000000 0.000000000000 0.000000000000 0.000000000000 0.000000000000 0.000000000000 0.000000000000 0.000000000000 0.000000218220 0.000000000000 0.000000000000 0.000000000000 0.000000000000 0.000000000000 0.000000000000 0.000000000000 0.000000337120 0.000000000000 0.000000000000 0.000000000000 0.000000531060 0.000000000000 0.000002013200 0.000001401700 0.062362000000 0.000000000000 0.000000000000 0.000000000000 0.000000000000 0.000000000000 0.000000000000 0.000000000000 0.000000000000 0.000000000000 0.000000000000 0.000000000000 0.000000000000 0.000000000000 0.000000000000 0.000000000000 0.000017535000 0.000000000000 0.000000000000 0.000000000000 0.000000000000 0.000000000000 0.000000000000 0.000000000000 0.000003839100 0.000000000000 0.000000000000 0.000000000000 0.000077841000 0.000000000000 0.000635630000 0.001183000000 0.144630000000 0.000000000000 0.000000000000 0.000000000000 0.000000000000 0.000000000000 0.000000000632 0.000000000000 0.000581540000 0.000000000000 0.000000000000 0.000000000006 0.000888620000 0.000000000006 0.002513200000 0.006230400000 0.310440000000 0.000000000000 0.000000005143 0.000000006119 0.011796000000 0.000000254820 0.022307000000 0.052333000000 0.585290000000 0.001866700000 0.127580000000 0.248790000000 0.840480000000 0.525870000000 0.953170000000 0.982360000000 0.996090000000 

N_obs: 4000

File Format:
1- most to least reliable channels (taken entropies)
2- most to least reliable channels (taken error probabilities)
3- channels entropies (flipped)
4- channels error probabilities (flipped)
5- number of MontCarlo simulations
