127 126 125 124 123 122 121 119 118 117 115 111 110 109 107 103 95 94 93 91 63 87 120 116 113 114 108 106 105 102 101 79 99 62 92 61 89 90 59 86 85 112 104 83 55 100 78 98 77 60 88 97 58 75 47 84 57 54 82 71 53 31 81 76 51 46 74 96 56 45 43 73 39 30 29 27 23 15 70 52 69 80 67 50 49 44 42 41 38 37 72 35 28 26 25 22 21 19 14 13 11 7 68 66 65 48 40 36 34 20 33 18 24 12 17 10 9 6 5 3 64 8 32 16 4 2 1 0 

127 126 125 124 123 122 121 119 118 117 115 111 110 109 107 103 95 94 93 91 63 87 120 116 113 114 108 106 105 102 101 79 99 62 92 61 89 90 59 85 86 112 104 83 55 100 78 98 77 60 88 97 58 75 84 57 47 82 54 81 71 53 76 31 74 51 96 46 56 73 45 70 52 80 43 69 30 50 39 67 29 49 72 44 27 23 15 42 41 68 38 26 35 66 48 37 25 28 40 18 12 21 36 24 4 2 16 5 1 9 7 0 65 8 3 6 11 32 20 64 33 34 10 17 22 14 13 19 

0.000000000000 0.000000000000 0.000000000000 0.000000000000 0.000000000000 0.000000000000 0.000000000000 0.000000000000 0.000000000000 0.000000000000 0.000000000000 0.000000000000 0.000000000000 0.000000000000 0.000000000000 0.000197110000 0.000000000000 0.000000000000 0.000000000000 0.000000000001 0.000000000000 0.000000000001 0.000000000002 0.000558410000 0.000000000000 0.000000000012 0.000000000367 0.001972100000 0.000000007964 0.005226400000 0.013036000000 0.311840000000 0.000000000000 0.000000000000 0.000000000000 0.000000030121 0.000000000000 0.000003625500 0.000000925460 0.012708000000 0.000000000000 0.000040864000 0.000049380000 0.027020000000 0.000621070000 0.064144000000 0.130690000000 0.621190000000 0.000000001458 0.002293900000 0.005506000000 0.163760000000 0.023385000000 0.295350000000 0.416270000000 0.836090000000 0.109570000000 0.527350000000 0.601600000000 0.911060000000 0.655470000000 0.928370000000 0.937010000000 0.991340000000 0.000000000000 0.000000008680 0.000000245730 0.005799600000 0.000008598700 0.013494000000 0.030718000000 0.327560000000 0.001123900000 0.063434000000 0.121490000000 0.540660000000 0.229060000000 0.669820000000 0.709030000000 0.947460000000 0.023826000000 0.253140000000 0.340690000000 0.768260000000 0.407470000000 0.804640000000 0.813590000000 0.968350000000 0.444760000000 0.829330000000 0.833590000000 0.969790000000 0.846960000000 0.973100000000 0.976310000000 0.996750000000 0.122920000000 0.458300000000 0.487210000000 0.858260000000 0.500710000000 0.860830000000 0.866100000000 0.977620000000 0.508260000000 0.866670000000 0.867350000000 0.975730000000 0.871610000000 0.977070000000 0.978510000000 0.996760000000 0.525730000000 0.878990000000 0.881270000000 0.978440000000 0.886380000000 0.978990000000 0.979560000000 0.996600000000 0.898850000000 0.982830000000 0.983540000000 0.997100000000 0.985680000000 0.997810000000 0.998110000000 0.999760000000 

0.000000000000 0.000000000000 0.000000000000 0.000000000000 0.000000000000 0.000000000000 0.000000000000 0.000000000000 0.000000000000 0.000000000000 0.000000000000 0.000000000000 0.000000000000 0.000000000000 0.000000000000 0.000609150000 0.000000000000 0.000000000000 0.000000000000 0.000000000000 0.000000000000 0.000000000000 0.000000000000 0.001347800000 0.000000000000 0.000000000003 0.000000000127 0.004009700000 0.000000003168 0.014071000000 0.035364000000 0.585360000000 0.000000000000 0.000000000000 0.000000000000 0.000000012612 0.000000000000 0.000003639500 0.000000576770 0.032566000000 0.000000000000 0.000341640000 0.000069140000 0.068023000000 0.001626800000 0.147880000000 0.280660000000 0.880640000000 0.000000000571 0.006370500000 0.017049000000 0.353670000000 0.063734000000 0.570200000000 0.742460000000 0.983550000000 0.300410000000 0.859320000000 0.938730000000 0.995180000000 0.976910000000 0.995970000000 0.996100000000 0.996110000000 0.000000000000 0.000000003935 0.000000146490 0.017794000000 0.000007739500 0.041760000000 0.089932000000 0.649560000000 0.003682500000 0.185050000000 0.322080000000 0.866750000000 0.580500000000 0.956560000000 0.978350000000 0.995970000000 0.094197000000 0.639290000000 0.796550000000 0.988200000000 0.917230000000 0.994670000000 0.995180000000 0.996050000000 0.968180000000 0.995740000000 0.996000000000 0.996070000000 0.995950000000 0.996120000000 0.996110000000 0.996100000000 0.530690000000 0.949300000000 0.977950000000 0.996030000000 0.990780000000 0.995950000000 0.996010000000 0.996070000000 0.993950000000 0.996160000000 0.996060000000 0.996110000000 0.996330000000 0.996060000000 0.996150000000 0.996090000000 0.994370000000 0.996200000000 0.996210000000 0.996060000000 0.996100000000 0.996130000000 0.996090000000 0.996100000000 0.996090000000 0.996100000000 0.996090000000 0.996080000000 0.996100000000 0.996090000000 0.996090000000 0.996100000000 

N_obs: 4000

File Format:
1- most to least reliable channels (taken entropies)
2- most to least reliable channels (taken error probabilities)
3- channels entropies (flipped)
4- channels error probabilities (flipped)
5- number of MontCarlo simulations
