127 126 125 124 123 122 121 120 119 118 117 116 115 114 113 112 111 110 109 108 107 106 105 103 102 101 100 99 98 95 94 93 92 91 90 89 88 87 86 85 84 83 79 78 77 75 71 63 62 61 60 59 58 57 55 54 53 51 47 46 45 43 39 31 30 29 27 104 82 81 76 73 97 69 70 52 49 23 74 56 50 67 44 41 38 15 37 42 28 26 35 22 96 80 25 72 21 68 66 48 65 19 40 14 36 13 34 24 33 11 20 18 7 64 17 12 10 32 9 6 5 16 3 8 4 2 1 0 

127 126 125 124 123 122 121 120 119 118 117 116 115 114 113 112 111 110 109 108 107 106 105 103 102 101 100 99 98 95 94 93 92 91 90 89 88 87 86 85 84 83 79 78 77 75 71 63 62 61 60 59 58 57 55 54 53 51 47 46 45 43 39 31 30 29 27 104 82 81 76 73 97 69 70 52 49 23 74 56 50 67 44 41 38 15 37 42 28 26 35 80 25 22 96 21 72 68 66 48 65 19 40 14 36 13 34 24 33 11 20 18 64 7 17 12 10 32 9 6 16 5 3 8 4 1 0 2 

0.000000000000 0.000000000000 0.000000000000 0.000000000000 0.000000000000 0.000000000000 0.000000000000 0.000000000000 0.000000000000 0.000000000000 0.000000000000 0.000000000000 0.000000000000 0.000000000000 0.000000000000 0.000000000000 0.000000000000 0.000000000000 0.000000000000 0.000000000000 0.000000000000 0.000000000000 0.000000000000 0.000000000000 0.000000000000 0.000000000000 0.000000000000 0.000000000000 0.000000000000 0.000000000000 0.000000000000 0.000015067000 0.000000000000 0.000000000000 0.000000000000 0.000000000000 0.000000000000 0.000000000000 0.000000000000 0.000000000000 0.000000000000 0.000000000000 0.000000000000 0.000000000000 0.000000000000 0.000000000000 0.000000000000 0.000056807000 0.000000000000 0.000000000000 0.000000000000 0.000000000000 0.000000000000 0.000000000001 0.000000000000 0.000103050000 0.000000000000 0.000000000000 0.000000000000 0.000252780000 0.000000000049 0.000537810000 0.001390100000 0.150690000000 0.000000000000 0.000000000000 0.000000000000 0.000000000000 0.000000000000 0.000000000000 0.000000000000 0.000000000001 0.000000000000 0.000000000000 0.000000000000 0.000000000001 0.000000000000 0.000000000002 0.000000000001 0.000788930000 0.000000000000 0.000000000000 0.000000000000 0.000000000159 0.000000000000 0.000000032318 0.000000000840 0.002081200000 0.000000000000 0.000000005196 0.000000019655 0.003990700000 0.000002271800 0.008424300000 0.024245000000 0.366650000000 0.000000000000 0.000000000000 0.000000000000 0.000001317200 0.000000000000 0.000002064900 0.000063633000 0.017710000000 0.000000000001 0.000007231200 0.000158150000 0.041379000000 0.001627400000 0.091153000000 0.171480000000 0.663610000000 0.000000009631 0.003332500000 0.007589600000 0.194550000000 0.034514000000 0.340580000000 0.457720000000 0.855580000000 0.137080000000 0.561170000000 0.628160000000 0.918220000000 0.673500000000 0.932940000000 0.942810000000 0.992350000000 

0.000000000000 0.000000000000 0.000000000000 0.000000000000 0.000000000000 0.000000000000 0.000000000000 0.000000000000 0.000000000000 0.000000000000 0.000000000000 0.000000000000 0.000000000000 0.000000000000 0.000000000000 0.000000000000 0.000000000000 0.000000000000 0.000000000000 0.000000000000 0.000000000000 0.000000000000 0.000000000000 0.000000000000 0.000000000000 0.000000000000 0.000000000000 0.000000000000 0.000000000000 0.000000000000 0.000000000000 0.000262170000 0.000000000000 0.000000000000 0.000000000000 0.000000000000 0.000000000000 0.000000000000 0.000000000000 0.000000000000 0.000000000000 0.000000000000 0.000000000000 0.000000000000 0.000000000000 0.000000000000 0.000000000000 0.000091707000 0.000000000000 0.000000000000 0.000000000000 0.000000000000 0.000000000000 0.000000000000 0.000000000000 0.000286560000 0.000000000000 0.000000000000 0.000000000000 0.000817620000 0.000000000015 0.001193600000 0.003774400000 0.335820000000 0.000000000000 0.000000000000 0.000000000000 0.000000000000 0.000000000000 0.000000000000 0.000000000000 0.000000000000 0.000000000000 0.000000000000 0.000000000000 0.000000000000 0.000000000000 0.000000000000 0.000000000000 0.002249900000 0.000000000000 0.000000000000 0.000000000000 0.000000000052 0.000000000000 0.000000016887 0.000000000289 0.005044300000 0.000000000000 0.000000002050 0.000000008861 0.010612000000 0.000001694000 0.023424000000 0.058900000000 0.655050000000 0.000000000000 0.000000000000 0.000000000000 0.000000927630 0.000000000000 0.000001639300 0.000202730000 0.048944000000 0.000000000000 0.000255340000 0.000280930000 0.100230000000 0.004788000000 0.210550000000 0.366330000000 0.915760000000 0.000000004348 0.008914300000 0.023028000000 0.418180000000 0.094212000000 0.647050000000 0.800160000000 0.988520000000 0.363170000000 0.900690000000 0.957230000000 0.995690000000 0.983100000000 0.996080000000 0.995930000000 0.996050000000 

N_obs: 4000

File Format:
1- most to least reliable channels (taken entropies)
2- most to least reliable channels (taken error probabilities)
3- channels entropies (flipped)
4- channels error probabilities (flipped)
5- number of MontCarlo simulations
