127 126 125 124 123 122 121 120 119 118 117 116 115 114 113 111 110 109 108 107 106 105 103 102 101 99 95 94 93 92 91 90 87 79 63 62 61 59 55 86 89 85 83 77 78 75 60 47 58 112 57 100 104 54 97 53 71 98 88 51 31 84 82 81 76 46 45 74 73 56 43 70 52 96 30 69 50 39 29 80 49 44 67 27 42 72 23 41 15 38 68 28 37 48 35 26 66 25 65 22 21 19 14 13 11 40 7 36 34 33 24 20 18 64 17 10 12 9 6 5 3 32 16 8 4 2 1 0 

127 126 125 124 123 122 121 120 119 118 117 116 115 114 113 111 110 109 108 107 106 105 103 102 101 99 95 94 93 92 91 90 87 79 63 62 61 59 55 86 89 85 83 77 78 75 60 47 112 58 57 100 104 54 97 71 53 88 98 84 82 31 51 81 76 46 74 45 73 56 43 70 52 96 69 50 30 39 80 49 29 44 67 72 42 27 41 68 38 23 28 48 37 66 15 26 35 65 40 25 22 21 36 19 14 34 64 13 7 33 24 18 20 5 10 17 2 0 9 4 32 8 16 1 6 12 3 11 

0.000000000000 0.000000000000 0.000000000000 0.000000000000 0.000000000000 0.000000000000 0.000000000000 0.000000000000 0.000000000000 0.000000000000 0.000000000000 0.000000000000 0.000000000000 0.000000000000 0.000000000000 0.000000048294 0.000000000000 0.000000000000 0.000000000000 0.000000000000 0.000000000000 0.000000000000 0.000000000000 0.000006608000 0.000000000000 0.000000000000 0.000000000000 0.000003216100 0.000000000000 0.000037825000 0.000013448000 0.030906000000 0.000000000000 0.000000000000 0.000000000000 0.000000000000 0.000000000000 0.000000000000 0.000000000000 0.000053416000 0.000000000000 0.000000000000 0.000000000000 0.000172730000 0.000000000000 0.000200450000 0.000541160000 0.076382000000 0.000000000000 0.000000000008 0.000000000005 0.000670500000 0.000000000124 0.001902200000 0.004777200000 0.194790000000 0.000031781000 0.017014000000 0.038008000000 0.399620000000 0.133050000000 0.594480000000 0.681750000000 0.941320000000 0.000000000000 0.000000000000 0.000000000000 0.000000000157 0.000000000000 0.000000044302 0.000000086303 0.007771300000 0.000000000000 0.000011568000 0.000026858000 0.018980000000 0.000132350000 0.042485000000 0.090387000000 0.526960000000 0.000000008948 0.000942460000 0.001782500000 0.100620000000 0.010177000000 0.190410000000 0.299300000000 0.759700000000 0.058832000000 0.392970000000 0.483970000000 0.862330000000 0.554750000000 0.891690000000 0.902760000000 0.986090000000 0.000146540000 0.037074000000 0.075856000000 0.437130000000 0.168100000000 0.579010000000 0.628270000000 0.921880000000 0.269480000000 0.684490000000 0.692670000000 0.937200000000 0.708140000000 0.941090000000 0.946540000000 0.992100000000 0.324560000000 0.738090000000 0.744200000000 0.949820000000 0.749050000000 0.949790000000 0.952410000000 0.992200000000 0.775230000000 0.958020000000 0.960510000000 0.993180000000 0.965800000000 0.994730000000 0.995490000000 0.999420000000 

0.000000000000 0.000000000000 0.000000000000 0.000000000000 0.000000000000 0.000000000000 0.000000000000 0.000000000000 0.000000000000 0.000000000000 0.000000000000 0.000000000000 0.000000000000 0.000000000000 0.000000000000 0.000000021517 0.000000000000 0.000000000000 0.000000000000 0.000000000000 0.000000000000 0.000000000000 0.000000000000 0.000008305400 0.000000000000 0.000000000000 0.000000000000 0.000002920300 0.000000000000 0.000299230000 0.000013129000 0.078562000000 0.000000000000 0.000000000000 0.000000000000 0.000000000000 0.000000000000 0.000000000000 0.000000000000 0.000084129000 0.000000000000 0.000000000000 0.000000000000 0.000349220000 0.000000000000 0.000396860000 0.001364900000 0.179060000000 0.000000000000 0.000000000002 0.000000000001 0.002295800000 0.000000000036 0.004831500000 0.011457000000 0.397060000000 0.000046870000 0.042438000000 0.090085000000 0.679190000000 0.308190000000 0.878680000000 0.952130000000 0.995580000000 0.000000000000 0.000000000000 0.000000000000 0.000000000046 0.000000000000 0.000000023385 0.000000042006 0.022372000000 0.000000000000 0.000011553000 0.000049602000 0.051836000000 0.000930570000 0.107190000000 0.217170000000 0.822360000000 0.000000004129 0.003384000000 0.006190300000 0.246140000000 0.031870000000 0.423560000000 0.611410000000 0.966030000000 0.175650000000 0.750940000000 0.872690000000 0.993040000000 0.948190000000 0.995490000000 0.995890000000 0.996100000000 0.000768200000 0.126250000000 0.239330000000 0.810730000000 0.497070000000 0.934240000000 0.969720000000 0.995950000000 0.777460000000 0.987270000000 0.991440000000 0.996010000000 0.993850000000 0.996010000000 0.996080000000 0.996100000000 0.929370000000 0.994950000000 0.995590000000 0.996130000000 0.996270000000 0.996070000000 0.996100000000 0.996100000000 0.995720000000 0.996110000000 0.996050000000 0.996100000000 0.996150000000 0.996080000000 0.996110000000 0.996090000000 

N_obs: 4000

File Format:
1- most to least reliable channels (taken entropies)
2- most to least reliable channels (taken error probabilities)
3- channels entropies (flipped)
4- channels error probabilities (flipped)
5- number of MontCarlo simulations
