127 126 125 124 123 122 121 120 119 118 117 116 115 114 113 111 110 109 108 107 106 105 103 102 101 99 95 94 93 92 91 90 89 87 86 85 79 78 63 62 61 59 55 47 83 77 75 60 58 57 54 31 104 100 112 71 53 88 98 97 84 46 82 51 81 76 45 43 74 73 56 70 52 30 69 39 50 29 96 49 44 67 80 27 42 72 41 23 38 68 28 37 15 48 26 66 35 25 65 40 22 21 19 14 13 11 36 7 34 33 24 64 20 18 17 12 10 9 6 5 3 32 16 8 4 2 1 0 

127 126 125 124 123 122 121 120 119 118 117 116 115 114 113 111 110 109 108 107 106 105 103 102 101 99 95 94 93 92 91 90 89 87 86 85 79 78 63 62 61 59 55 47 83 77 75 60 58 57 54 31 104 100 112 71 88 53 98 97 84 46 82 51 76 43 45 81 74 73 56 70 52 69 30 50 39 29 96 49 44 67 80 42 27 72 41 38 68 23 28 37 48 66 26 35 15 65 40 25 22 36 21 19 34 14 64 24 13 33 11 7 20 18 32 12 8 5 16 4 9 2 0 10 17 1 6 3 

0.000000000000 0.000000000000 0.000000000000 0.000000000000 0.000000000000 0.000000000000 0.000000000000 0.000000000000 0.000000000000 0.000000000000 0.000000000000 0.000000000000 0.000000000000 0.000000000000 0.000000000000 0.000000010530 0.000000000000 0.000000000000 0.000000000000 0.000000000000 0.000000000000 0.000000000000 0.000000000000 0.000000000536 0.000000000000 0.000000000000 0.000000000000 0.000000009702 0.000000000000 0.000000126580 0.000000148340 0.010393000000 0.000000000000 0.000000000000 0.000000000000 0.000000000000 0.000000000000 0.000000000000 0.000000000000 0.000000092703 0.000000000000 0.000000000000 0.000000000000 0.000000579410 0.000000000000 0.000014780000 0.000070174000 0.026191000000 0.000000000000 0.000000000000 0.000000000000 0.000073080000 0.000000000000 0.000226710000 0.000431690000 0.067568000000 0.000000022942 0.001762800000 0.003383300000 0.165780000000 0.023553000000 0.320540000000 0.467680000000 0.871040000000 0.000000000000 0.000000000000 0.000000000000 0.000000000001 0.000000000000 0.000000000003 0.000000000012 0.001118300000 0.000000000000 0.000000000039 0.000000078434 0.002427100000 0.000031803000 0.005176400000 0.013541000000 0.264970000000 0.000000000000 0.000003961800 0.000081550000 0.017327000000 0.000116950000 0.037674000000 0.074852000000 0.487150000000 0.004119400000 0.134330000000 0.220150000000 0.688690000000 0.354930000000 0.786310000000 0.812440000000 0.970660000000 0.000000000053 0.003176500000 0.008009400000 0.180160000000 0.033396000000 0.314690000000 0.418850000000 0.831000000000 0.120710000000 0.509930000000 0.566260000000 0.895200000000 0.598560000000 0.906200000000 0.914860000000 0.987410000000 0.232640000000 0.641300000000 0.652680000000 0.925470000000 0.667490000000 0.927370000000 0.931480000000 0.988930000000 0.695200000000 0.938170000000 0.942040000000 0.990080000000 0.950060000000 0.992250000000 0.993320000000 0.999150000000 

0.000000000000 0.000000000000 0.000000000000 0.000000000000 0.000000000000 0.000000000000 0.000000000000 0.000000000000 0.000000000000 0.000000000000 0.000000000000 0.000000000000 0.000000000000 0.000000000000 0.000000000000 0.000000004557 0.000000000000 0.000000000000 0.000000000000 0.000000000000 0.000000000000 0.000000000000 0.000000000000 0.000000000168 0.000000000000 0.000000000000 0.000000000000 0.000000003849 0.000000000000 0.000000072707 0.000000074491 0.028739000000 0.000000000000 0.000000000000 0.000000000000 0.000000000000 0.000000000000 0.000000000000 0.000000000000 0.000000041936 0.000000000000 0.000000000000 0.000000000000 0.000000352660 0.000000000000 0.000015167000 0.000423250000 0.066047000000 0.000000000000 0.000000000000 0.000000000000 0.000157250000 0.000000000000 0.000639540000 0.001497800000 0.158930000000 0.000000011020 0.004245000000 0.010176000000 0.345250000000 0.061530000000 0.594690000000 0.783540000000 0.989610000000 0.000000000000 0.000000000000 0.000000000000 0.000000000000 0.000000000000 0.000000000001 0.000000000003 0.003213500000 0.000000000000 0.000000000011 0.000000042872 0.007262600000 0.000138040000 0.013489000000 0.034017000000 0.525450000000 0.000000000000 0.000003675200 0.000422370000 0.048298000000 0.000278920000 0.098140000000 0.181130000000 0.789990000000 0.013694000000 0.320000000000 0.486760000000 0.938810000000 0.737610000000 0.982660000000 0.991530000000 0.996040000000 0.000000000015 0.012930000000 0.025082000000 0.433050000000 0.106260000000 0.646020000000 0.807250000000 0.989720000000 0.371020000000 0.892070000000 0.954030000000 0.995850000000 0.981140000000 0.995980000000 0.996120000000 0.996070000000 0.749740000000 0.983910000000 0.991130000000 0.996050000000 0.993670000000 0.996110000000 0.996090000000 0.996060000000 0.995060000000 0.996190000000 0.996060000000 0.996090000000 0.996200000000 0.996090000000 0.996120000000 0.996090000000 

N_obs: 4000

File Format:
1- most to least reliable channels (taken entropies)
2- most to least reliable channels (taken error probabilities)
3- channels entropies (flipped)
4- channels error probabilities (flipped)
5- number of MontCarlo simulations
