127 126 125 123 119 124 122 121 111 118 117 95 63 115 110 31 120 109 47 79 55 103 107 59 87 61 91 62 93 94 15 116 23 39 71 27 29 114 30 7 113 51 99 43 75 83 45 77 46 78 108 105 57 53 101 106 102 54 85 89 58 11 19 35 67 60 86 90 3 92 14 13 25 21 37 49 41 69 97 73 81 22 28 17 9 5 38 33 65 70 112 26 1 44 50 76 6 98 42 52 100 104 74 56 82 84 88 12 24 18 10 34 20 36 40 66 48 72 68 96 80 8 16 2 4 32 64 0 

127 126 125 123 119 124 122 121 111 118 117 115 120 95 110 109 116 107 63 114 94 103 113 93 108 91 87 105 31 59 106 62 99 54 61 77 19 43 5 60 79 89 101 85 102 65 56 45 12 1 17 37 44 33 10 6 88 50 25 82 97 70 86 100 9 49 72 68 52 21 4 40 0 66 20 32 8 73 64 2 34 84 16 80 96 24 48 3 36 28 104 112 18 74 75 42 98 26 13 76 57 58 81 38 46 15 39 67 22 53 41 71 35 14 90 47 92 83 69 78 27 55 7 51 23 30 11 29 

0.000000000000 0.000000002346 0.000000010226 0.004322600000 0.000001040500 0.011751000000 0.028058000000 0.342930000000 0.001120500000 0.066171000000 0.122870000000 0.556710000000 0.243190000000 0.689800000000 0.709120000000 0.951340000000 0.034104000000 0.296760000000 0.380390000000 0.789020000000 0.432530000000 0.813790000000 0.792060000000 0.971320000000 0.427500000000 0.814660000000 0.794510000000 0.971190000000 0.740550000000 0.969860000000 0.922810000000 0.997160000000 0.166920000000 0.494010000000 0.492860000000 0.857300000000 0.481440000000 0.849440000000 0.820260000000 0.977940000000 0.455410000000 0.838100000000 0.816470000000 0.975970000000 0.753150000000 0.973380000000 0.924760000000 0.997260000000 0.397650000000 0.788640000000 0.782130000000 0.969450000000 0.746330000000 0.971670000000 0.922830000000 0.996850000000 0.649060000000 0.948100000000 0.922260000000 0.996930000000 0.836580000000 0.996730000000 0.947040000000 0.999750000000 0.194270000000 0.489100000000 0.456810000000 0.837600000000 0.441970000000 0.820800000000 0.792520000000 0.972120000000 0.424570000000 0.814780000000 0.794390000000 0.970970000000 0.736610000000 0.968370000000 0.921200000000 0.996760000000 0.396120000000 0.784730000000 0.775270000000 0.968170000000 0.741950000000 0.970090000000 0.921400000000 0.996570000000 0.645100000000 0.945390000000 0.919240000000 0.996420000000 0.833920000000 0.996000000000 0.945940000000 0.999660000000 0.323980000000 0.703990000000 0.687530000000 0.942650000000 0.682560000000 0.951880000000 0.909520000000 0.995090000000 0.637590000000 0.942380000000 0.916940000000 0.996040000000 0.832390000000 0.995490000000 0.945020000000 0.999580000000 0.499500000000 0.874520000000 0.875180000000 0.992880000000 0.830830000000 0.995670000000 0.945180000000 0.999570000000 0.708900000000 0.969470000000 0.945310000000 0.999610000000 0.854460000000 0.999600000000 0.952070000000 0.999970000000 

0.000000000000 0.000000000720 0.000000003724 0.010954000000 0.000000525460 0.027718000000 0.066957000000 0.603860000000 0.003622200000 0.157350000000 0.280250000000 0.840040000000 0.545640000000 0.946380000000 0.973530000000 0.992230000000 0.108890000000 0.642230000000 0.800430000000 0.983150000000 0.918040000000 0.991170000000 0.990760000000 0.992230000000 0.966450000000 0.992040000000 0.992020000000 0.992170000000 0.991550000000 0.992260000000 0.992160000000 0.992210000000 0.639080000000 0.963460000000 0.980610000000 0.992460000000 0.988450000000 0.992430000000 0.992010000000 0.992140000000 0.989550000000 0.992170000000 0.992030000000 0.992200000000 0.992460000000 0.992160000000 0.992320000000 0.992200000000 0.992000000000 0.992520000000 0.991650000000 0.992280000000 0.992250000000 0.992240000000 0.992190000000 0.992180000000 0.992410000000 0.992160000000 0.992480000000 0.992180000000 0.992350000000 0.992190000000 0.992040000000 0.992190000000 0.932810000000 0.991430000000 0.991630000000 0.991970000000 0.990870000000 0.992290000000 0.992280000000 0.992070000000 0.992560000000 0.991550000000 0.992360000000 0.992180000000 0.992570000000 0.992150000000 0.992170000000 0.992210000000 0.992450000000 0.992340000000 0.992090000000 0.992130000000 0.991920000000 0.992260000000 0.992400000000 0.992190000000 0.992340000000 0.992320000000 0.992130000000 0.992220000000 0.992420000000 0.992200000000 0.992140000000 0.992190000000 0.990870000000 0.992660000000 0.993070000000 0.992220000000 0.992540000000 0.992270000000 0.992160000000 0.992210000000 0.992630000000 0.992360000000 0.992180000000 0.992190000000 0.991680000000 0.992230000000 0.992130000000 0.992200000000 0.992340000000 0.992420000000 0.992280000000 0.992110000000 0.992680000000 0.992140000000 0.992170000000 0.992190000000 0.992560000000 0.992140000000 0.991950000000 0.992180000000 0.992210000000 0.992200000000 0.992110000000 0.992190000000 

N_obs: 4000

File Format:
1- most to least reliable channels (taken entropies)
2- most to least reliable channels (taken error probabilities)
3- channels entropies (flipped)
4- channels error probabilities (flipped)
5- number of MontCarlo simulations
