127 126 125 123 119 111 122 121 117 118 124 115 95 109 110 107 116 120 114 103 94 113 108 93 63 106 105 91 102 87 101 112 92 62 79 61 99 90 59 55 31 47 104 89 86 85 83 100 78 77 60 75 71 58 57 53 54 43 98 51 46 45 30 39 27 29 23 15 97 88 84 82 81 76 74 73 70 69 67 42 41 52 56 50 44 26 38 37 25 28 21 22 19 49 35 14 13 11 7 96 80 72 68 66 20 40 36 18 24 17 65 34 12 10 9 33 48 6 5 3 8 16 64 4 32 2 1 0 

127 126 125 123 119 111 122 121 117 118 124 115 95 109 110 107 120 116 103 114 113 94 108 93 106 63 105 91 102 101 87 112 92 62 90 99 104 79 61 89 100 86 59 85 55 98 83 78 60 88 47 97 31 77 54 51 75 58 39 84 71 45 57 82 53 25 81 42 76 19 14 29 40 9 26 41 56 67 49 7 10 37 52 48 64 3 66 72 2 6 21 12 33 4 96 16 0 8 18 24 20 80 32 1 68 34 65 17 22 13 5 70 35 27 36 50 74 28 44 11 69 15 46 38 73 23 43 30 

0.000000000000 0.000000000000 0.000000000000 0.000000000001 0.000000000000 0.000000000000 0.000000000000 0.000410830000 0.000000000000 0.000000000001 0.000000000000 0.000385870000 0.000000000080 0.000781550000 0.002288500000 0.167340000000 0.000000000000 0.000000012651 0.000000005960 0.006194400000 0.000023090000 0.015445000000 0.032182000000 0.391630000000 0.001495900000 0.086852000000 0.147790000000 0.633760000000 0.303350000000 0.759660000000 0.798740000000 0.967220000000 0.000000001664 0.002129600000 0.008794600000 0.171630000000 0.034166000000 0.311660000000 0.409690000000 0.834590000000 0.122270000000 0.513740000000 0.583940000000 0.901050000000 0.611920000000 0.909780000000 0.920800000000 0.988100000000 0.244620000000 0.662340000000 0.671000000000 0.931310000000 0.687610000000 0.932890000000 0.934440000000 0.989120000000 0.703610000000 0.940760000000 0.942040000000 0.989700000000 0.948710000000 0.991860000000 0.992840000000 0.999070000000 0.014899000000 0.181440000000 0.261540000000 0.683360000000 0.332330000000 0.730990000000 0.737400000000 0.952860000000 0.349920000000 0.755280000000 0.753140000000 0.952270000000 0.763160000000 0.953380000000 0.957560000000 0.993790000000 0.366140000000 0.764270000000 0.769880000000 0.954210000000 0.758690000000 0.951750000000 0.952250000000 0.991920000000 0.773630000000 0.955210000000 0.955920000000 0.991930000000 0.958650000000 0.993050000000 0.993780000000 0.999120000000 0.362160000000 0.772380000000 0.778090000000 0.956610000000 0.775120000000 0.954470000000 0.956260000000 0.992530000000 0.781280000000 0.957050000000 0.956950000000 0.991900000000 0.957360000000 0.992430000000 0.992810000000 0.998910000000 0.794540000000 0.962700000000 0.963290000000 0.993190000000 0.963350000000 0.993190000000 0.993320000000 0.998880000000 0.967200000000 0.994740000000 0.994800000000 0.999070000000 0.995440000000 0.999310000000 0.999390000000 0.999920000000 

0.000000000000 0.000000000000 0.000000000000 0.000000000000 0.000000000000 0.000000000000 0.000000000000 0.000986770000 0.000000000000 0.000000000000 0.000000000000 0.001421100000 0.000000000023 0.004193300000 0.005515200000 0.357810000000 0.000000000000 0.000000005197 0.000000002032 0.011848000000 0.000022906000 0.037524000000 0.074906000000 0.663270000000 0.003380500000 0.201240000000 0.313720000000 0.892220000000 0.623650000000 0.972640000000 0.987090000000 0.996090000000 0.000000000589 0.006014400000 0.027963000000 0.400920000000 0.094661000000 0.616700000000 0.784730000000 0.986010000000 0.356870000000 0.893940000000 0.950710000000 0.995440000000 0.984410000000 0.995800000000 0.995930000000 0.996100000000 0.753510000000 0.984910000000 0.993980000000 0.995970000000 0.994990000000 0.996220000000 0.996340000000 0.996080000000 0.995540000000 0.996170000000 0.996310000000 0.996110000000 0.996040000000 0.996080000000 0.996120000000 0.996080000000 0.065156000000 0.583470000000 0.774000000000 0.985140000000 0.919470000000 0.995220000000 0.995760000000 0.996040000000 0.972120000000 0.994740000000 0.995830000000 0.996070000000 0.994910000000 0.996220000000 0.996050000000 0.996070000000 0.986350000000 0.996320000000 0.995750000000 0.996250000000 0.996420000000 0.995970000000 0.996030000000 0.996010000000 0.995410000000 0.996340000000 0.996060000000 0.996210000000 0.996170000000 0.996120000000 0.996090000000 0.996110000000 0.992670000000 0.996640000000 0.995990000000 0.996240000000 0.996180000000 0.996020000000 0.995880000000 0.996100000000 0.996380000000 0.996140000000 0.996090000000 0.996100000000 0.995980000000 0.996100000000 0.996130000000 0.996090000000 0.996320000000 0.995990000000 0.996140000000 0.996090000000 0.996270000000 0.996050000000 0.996020000000 0.996090000000 0.996050000000 0.996080000000 0.996150000000 0.996090000000 0.996080000000 0.996080000000 0.996110000000 0.996090000000 

N_obs: 800

File Format:
1- most to least reliable channels (taken entropies)
2- most to least reliable channels (taken error probabilities)
3- channels entropies (flipped)
4- channels error probabilities (flipped)
5- number of MontCarlo simulations
