127 126 125 123 119 111 122 121 124 117 118 115 95 110 109 120 107 116 114 94 103 63 113 93 108 91 106 31 87 79 105 47 62 61 55 59 102 15 92 101 99 112 23 71 39 27 90 29 89 83 75 30 43 51 77 85 78 86 45 7 46 53 57 54 58 60 104 11 19 67 35 3 13 14 97 100 25 98 69 21 73 81 37 41 49 22 70 38 28 26 88 82 74 84 76 17 9 5 33 65 42 44 50 52 1 56 6 96 12 18 10 24 34 66 20 72 68 36 80 40 48 8 16 2 4 32 64 0 

127 126 125 123 119 111 122 121 124 117 118 115 110 95 109 120 107 116 114 103 94 113 108 93 63 106 91 105 102 112 87 92 62 101 79 99 61 90 104 59 89 86 55 47 100 31 85 83 77 78 29 54 60 98 45 35 14 27 97 21 39 51 13 58 82 44 57 3 53 38 1 17 52 9 73 88 76 24 84 22 68 10 20 70 7 6 71 5 72 12 65 18 67 74 64 0 34 4 32 16 42 40 8 46 48 41 80 2 36 43 56 49 96 81 66 26 33 15 50 69 25 28 19 11 37 75 23 30 

0.000000000000 0.000000000000 0.000000000000 0.000002258300 0.000000000000 0.000000163700 0.000000902440 0.008018200000 0.000000000000 0.000005365300 0.000004764700 0.018941000000 0.000335500000 0.043096000000 0.092951000000 0.546130000000 0.000000000106 0.000885810000 0.002516700000 0.109950000000 0.010608000000 0.209690000000 0.316050000000 0.771560000000 0.064628000000 0.416360000000 0.502020000000 0.868660000000 0.534950000000 0.886880000000 0.858010000000 0.986600000000 0.000838080000 0.057194000000 0.109130000000 0.492460000000 0.208710000000 0.618490000000 0.636640000000 0.926730000000 0.296990000000 0.690860000000 0.677050000000 0.938350000000 0.637990000000 0.933490000000 0.893470000000 0.992370000000 0.310310000000 0.690200000000 0.671740000000 0.938370000000 0.643350000000 0.934940000000 0.892190000000 0.991720000000 0.577470000000 0.915420000000 0.890080000000 0.991760000000 0.814490000000 0.991500000000 0.941470000000 0.999340000000 0.074395000000 0.323750000000 0.345100000000 0.744530000000 0.352820000000 0.737480000000 0.720440000000 0.954490000000 0.345460000000 0.733000000000 0.709460000000 0.948550000000 0.668170000000 0.945000000000 0.901620000000 0.993800000000 0.322130000000 0.708540000000 0.692270000000 0.944170000000 0.660770000000 0.941850000000 0.897590000000 0.992650000000 0.586410000000 0.919970000000 0.893920000000 0.992220000000 0.815180000000 0.991440000000 0.941210000000 0.999280000000 0.287350000000 0.648900000000 0.631220000000 0.923310000000 0.618200000000 0.926120000000 0.886200000000 0.990910000000 0.574400000000 0.914650000000 0.890300000000 0.991570000000 0.812230000000 0.990310000000 0.939730000000 0.999100000000 0.464950000000 0.853070000000 0.852510000000 0.986980000000 0.809650000000 0.990580000000 0.939880000000 0.999050000000 0.694990000000 0.965390000000 0.940110000000 0.999150000000 0.851050000000 0.999130000000 0.950940000000 0.999940000000 

0.000000000000 0.000000000000 0.000000000000 0.000001841700 0.000000000000 0.000000083323 0.000000597290 0.019369000000 0.000000000000 0.000004174700 0.000003016200 0.043172000000 0.000590240000 0.093893000000 0.187850000000 0.803810000000 0.000000000029 0.002435200000 0.005747800000 0.224760000000 0.026865000000 0.406590000000 0.591250000000 0.958110000000 0.162680000000 0.737040000000 0.867170000000 0.988080000000 0.939750000000 0.991640000000 0.991920000000 0.992230000000 0.002753300000 0.169220000000 0.290270000000 0.838170000000 0.548250000000 0.944200000000 0.971450000000 0.992120000000 0.812050000000 0.984390000000 0.989950000000 0.992140000000 0.990070000000 0.992020000000 0.992240000000 0.992210000000 0.932060000000 0.991480000000 0.991350000000 0.992130000000 0.992470000000 0.992180000000 0.992120000000 0.992160000000 0.992160000000 0.992150000000 0.992300000000 0.992140000000 0.992180000000 0.992250000000 0.992170000000 0.992180000000 0.331610000000 0.861810000000 0.941680000000 0.991570000000 0.971210000000 0.992010000000 0.992020000000 0.992220000000 0.985960000000 0.991550000000 0.992030000000 0.992100000000 0.991950000000 0.992290000000 0.992220000000 0.992200000000 0.986670000000 0.992200000000 0.991730000000 0.992020000000 0.992220000000 0.992190000000 0.992210000000 0.992200000000 0.991930000000 0.992040000000 0.992420000000 0.992220000000 0.991870000000 0.992190000000 0.992250000000 0.992190000000 0.989700000000 0.992770000000 0.991520000000 0.992310000000 0.991920000000 0.992250000000 0.992310000000 0.992130000000 0.992650000000 0.992140000000 0.991930000000 0.992150000000 0.992320000000 0.992170000000 0.992080000000 0.992190000000 0.992270000000 0.991900000000 0.992000000000 0.992160000000 0.992370000000 0.992150000000 0.992100000000 0.992200000000 0.992150000000 0.992150000000 0.992160000000 0.992190000000 0.992030000000 0.992210000000 0.992070000000 0.992180000000 

N_obs: 4000

File Format:
1- most to least reliable channels (taken entropies)
2- most to least reliable channels (taken error probabilities)
3- channels entropies (flipped)
4- channels error probabilities (flipped)
5- number of MontCarlo simulations
