127 125 126 123 119 124 122 121 111 118 117 95 115 63 110 120 109 31 107 47 79 103 55 116 59 61 94 87 91 93 62 15 114 23 39 71 113 27 29 30 7 99 108 51 43 75 83 105 45 77 101 46 106 78 53 57 102 54 85 89 58 86 60 11 19 35 90 67 92 3 14 13 25 21 37 41 97 49 69 73 81 112 22 28 38 17 9 5 70 33 65 26 1 98 104 44 100 50 76 42 74 52 6 82 56 84 88 12 24 18 10 34 20 36 40 66 72 48 68 96 80 16 8 2 4 32 64 0 

127 125 126 123 119 124 122 121 111 118 117 115 110 120 95 109 116 107 114 63 94 103 113 108 93 91 106 87 105 62 79 59 61 71 47 53 112 101 102 54 29 30 19 75 46 35 43 45 97 92 9 22 58 81 70 90 98 82 86 50 14 37 7 23 65 13 33 68 73 21 2 32 42 0 8 64 40 20 4 18 96 16 12 72 89 80 10 66 36 5 25 11 48 34 100 49 24 74 60 56 76 1 52 104 6 26 69 88 44 41 84 83 17 99 28 51 39 38 67 77 31 78 85 57 3 55 15 27 

0.000000000000 0.000000000355 0.000000000175 0.002151700000 0.000001680600 0.004488200000 0.009517500000 0.233040000000 0.000022228000 0.028445000000 0.057904000000 0.426680000000 0.149450000000 0.585990000000 0.642140000000 0.929790000000 0.012255000000 0.191630000000 0.285620000000 0.721510000000 0.375650000000 0.778490000000 0.762260000000 0.964030000000 0.401830000000 0.792480000000 0.774090000000 0.965730000000 0.721500000000 0.963840000000 0.918550000000 0.996560000000 0.125360000000 0.441730000000 0.459190000000 0.838390000000 0.457620000000 0.834720000000 0.808250000000 0.974840000000 0.442450000000 0.824530000000 0.802380000000 0.972440000000 0.740280000000 0.969440000000 0.921380000000 0.996830000000 0.391980000000 0.782140000000 0.770540000000 0.966380000000 0.734460000000 0.967680000000 0.919620000000 0.996340000000 0.641580000000 0.945080000000 0.919260000000 0.996530000000 0.834740000000 0.996290000000 0.946500000000 0.999710000000 0.187770000000 0.476010000000 0.441190000000 0.828510000000 0.427990000000 0.810820000000 0.785920000000 0.970150000000 0.413190000000 0.801180000000 0.782880000000 0.968210000000 0.728340000000 0.966140000000 0.919000000000 0.996480000000 0.382650000000 0.775550000000 0.765360000000 0.965040000000 0.729980000000 0.966640000000 0.918260000000 0.996110000000 0.638960000000 0.942300000000 0.916150000000 0.995920000000 0.831770000000 0.995490000000 0.945280000000 0.999620000000 0.319120000000 0.692940000000 0.681340000000 0.940110000000 0.674860000000 0.948920000000 0.906310000000 0.994560000000 0.625740000000 0.939110000000 0.913690000000 0.995560000000 0.829770000000 0.994990000000 0.944420000000 0.999520000000 0.493460000000 0.871020000000 0.873030000000 0.992220000000 0.829180000000 0.995150000000 0.944630000000 0.999520000000 0.709610000000 0.969070000000 0.944740000000 0.999570000000 0.854170000000 0.999550000000 0.951930000000 0.999970000000 

0.000000000000 0.000000000102 0.000000000046 0.006918200000 0.000001266500 0.011357000000 0.022640000000 0.449490000000 0.000017775000 0.072452000000 0.133830000000 0.714010000000 0.338030000000 0.877980000000 0.942410000000 0.991590000000 0.036936000000 0.448160000000 0.631160000000 0.963780000000 0.832870000000 0.986740000000 0.989330000000 0.992290000000 0.936320000000 0.991790000000 0.991710000000 0.992230000000 0.992360000000 0.992100000000 0.991990000000 0.992190000000 0.480440000000 0.922700000000 0.966970000000 0.992000000000 0.981870000000 0.992100000000 0.992200000000 0.992300000000 0.988510000000 0.992120000000 0.992570000000 0.992330000000 0.992330000000 0.992110000000 0.992050000000 0.992200000000 0.990250000000 0.992550000000 0.992490000000 0.992260000000 0.991890000000 0.992240000000 0.992180000000 0.992190000000 0.991160000000 0.992090000000 0.992300000000 0.992170000000 0.992480000000 0.992200000000 0.992170000000 0.992190000000 0.901690000000 0.989980000000 0.991120000000 0.992250000000 0.990690000000 0.992050000000 0.992570000000 0.992260000000 0.992630000000 0.991800000000 0.991590000000 0.992270000000 0.992400000000 0.992130000000 0.992230000000 0.992210000000 0.991570000000 0.991890000000 0.991970000000 0.992310000000 0.991940000000 0.992180000000 0.992310000000 0.992190000000 0.992430000000 0.992480000000 0.992150000000 0.992200000000 0.991920000000 0.992220000000 0.992170000000 0.992180000000 0.992540000000 0.991810000000 0.991800000000 0.992380000000 0.992700000000 0.992300000000 0.992210000000 0.992230000000 0.992160000000 0.992030000000 0.992180000000 0.992190000000 0.991880000000 0.992190000000 0.992350000000 0.992190000000 0.992690000000 0.992140000000 0.992170000000 0.992190000000 0.992210000000 0.992200000000 0.992020000000 0.992190000000 0.992160000000 0.992300000000 0.992200000000 0.992190000000 0.992600000000 0.992180000000 0.992270000000 0.992190000000 

N_obs: 4000

File Format:
1- most to least reliable channels (taken entropies)
2- most to least reliable channels (taken error probabilities)
3- channels entropies (flipped)
4- channels error probabilities (flipped)
5- number of MontCarlo simulations
