127 126 125 124 123 122 121 120 119 118 117 116 115 114 113 111 110 109 108 107 106 105 103 102 101 99 95 94 93 92 91 90 87 79 63 62 61 59 55 47 85 89 86 83 78 77 60 75 57 54 58 31 112 53 104 51 71 100 97 46 88 98 84 82 45 81 76 74 43 73 56 52 70 30 39 69 50 29 96 49 44 80 27 67 42 41 72 23 38 28 15 68 37 48 26 35 66 25 22 65 7 21 19 40 11 13 14 36 33 34 3 24 17 9 5 20 64 18 6 10 12 1 32 16 8 4 2 0 

127 126 125 124 123 122 121 120 119 118 117 116 115 114 113 111 110 109 108 107 106 105 103 102 101 99 95 94 93 92 91 90 87 79 63 62 61 59 55 47 85 89 86 83 78 77 60 75 57 54 58 31 112 53 104 51 71 100 97 46 88 84 82 45 98 81 76 74 43 73 56 70 52 39 30 69 50 29 96 49 44 80 67 27 42 72 41 38 23 68 28 37 48 66 26 15 35 25 40 65 22 36 21 19 14 34 24 33 13 64 11 7 20 17 12 32 18 9 16 8 2 0 3 4 10 1 5 6 

0.000000000000 0.000000000000 0.000000000000 0.000000000000 0.000000000000 0.000000000000 0.000000000000 0.000000000000 0.000000000000 0.000000000000 0.000000000000 0.000000000000 0.000000000000 0.000000000000 0.000000000000 0.000000031240 0.000000000000 0.000000000000 0.000000000000 0.000000000000 0.000000000000 0.000000000000 0.000000000000 0.000000713080 0.000000000000 0.000000000000 0.000000000000 0.000004124100 0.000000000000 0.000023348000 0.000008521500 0.021114000000 0.000000000000 0.000000000000 0.000000000000 0.000000000000 0.000000000000 0.000000000000 0.000000000000 0.000021260000 0.000000000000 0.000000000000 0.000000000000 0.000038788000 0.000000000000 0.000061378000 0.000255450000 0.048377000000 0.000000000000 0.000000000000 0.000000000000 0.000338840000 0.000000000274 0.000478020000 0.001355800000 0.116250000000 0.000001771900 0.005123500000 0.010991000000 0.245590000000 0.050845000000 0.414110000000 0.529780000000 0.891170000000 0.000000000000 0.000000000000 0.000000000000 0.000000000206 0.000000000000 0.000000003218 0.000000001732 0.002173100000 0.000000000000 0.000000002604 0.000000031739 0.005065900000 0.000001250400 0.012317000000 0.025438000000 0.329920000000 0.000000000000 0.000015650000 0.000068781000 0.028751000000 0.000516290000 0.059477000000 0.113230000000 0.548560000000 0.008483500000 0.178400000000 0.270270000000 0.719550000000 0.369350000000 0.791370000000 0.784050000000 0.972080000000 0.000000012214 0.007811300000 0.013669000000 0.220340000000 0.049036000000 0.349230000000 0.433880000000 0.833750000000 0.140120000000 0.508530000000 0.543340000000 0.887520000000 0.544520000000 0.891300000000 0.859200000000 0.986530000000 0.233110000000 0.607790000000 0.595890000000 0.911240000000 0.583620000000 0.908150000000 0.870710000000 0.987930000000 0.539260000000 0.892390000000 0.870990000000 0.988080000000 0.800770000000 0.988220000000 0.938560000000 0.999090000000 

0.000000000000 0.000000000000 0.000000000000 0.000000000000 0.000000000000 0.000000000000 0.000000000000 0.000000000000 0.000000000000 0.000000000000 0.000000000000 0.000000000000 0.000000000000 0.000000000000 0.000000000000 0.000000011559 0.000000000000 0.000000000000 0.000000000000 0.000000000000 0.000000000000 0.000000000000 0.000000000000 0.000000407440 0.000000000000 0.000000000000 0.000000000000 0.000003454500 0.000000000000 0.000214590000 0.000005874500 0.044868000000 0.000000000000 0.000000000000 0.000000000000 0.000000000000 0.000000000000 0.000000000000 0.000000000000 0.000020865000 0.000000000000 0.000000000000 0.000000000000 0.000037852000 0.000000000000 0.000052354000 0.000715270000 0.106380000000 0.000000000000 0.000000000000 0.000000000000 0.000901990000 0.000000000082 0.001089700000 0.002377800000 0.231780000000 0.000001364500 0.011400000000 0.024548000000 0.446730000000 0.113640000000 0.680050000000 0.836640000000 0.986740000000 0.000000000000 0.000000000000 0.000000000000 0.000000000058 0.000000000000 0.000000001171 0.000000000550 0.005890500000 0.000000000000 0.000000000853 0.000000012751 0.011775000000 0.000000770470 0.030916000000 0.058194000000 0.579670000000 0.000000000000 0.000011315000 0.000178030000 0.066722000000 0.001375900000 0.136150000000 0.247560000000 0.826210000000 0.022339000000 0.380150000000 0.554540000000 0.942000000000 0.758460000000 0.979210000000 0.986410000000 0.992010000000 0.000000004574 0.024266000000 0.037908000000 0.477890000000 0.131870000000 0.684480000000 0.819270000000 0.985120000000 0.402320000000 0.893030000000 0.944740000000 0.991410000000 0.972080000000 0.992050000000 0.991870000000 0.992120000000 0.742650000000 0.978130000000 0.986500000000 0.991940000000 0.989700000000 0.992250000000 0.992070000000 0.992140000000 0.990430000000 0.992530000000 0.992360000000 0.992240000000 0.992180000000 0.992150000000 0.992260000000 0.992170000000 

N_obs: 4000

File Format:
1- most to least reliable channels (taken entropies)
2- most to least reliable channels (taken error probabilities)
3- channels entropies (flipped)
4- channels error probabilities (flipped)
5- number of MontCarlo simulations
