127 126 125 124 123 122 121 119 118 117 115 111 110 109 107 103 95 63 93 94 91 87 120 114 116 106 105 108 113 102 101 92 99 79 62 90 61 89 59 86 112 85 104 55 83 100 78 60 98 77 88 58 47 97 57 75 84 31 54 71 53 82 51 81 46 15 76 39 45 23 43 27 29 30 56 74 96 73 7 67 70 69 52 35 11 19 49 50 13 14 37 41 21 25 38 44 80 42 22 3 26 28 65 9 72 17 5 33 66 68 1 6 48 12 34 10 18 36 40 20 24 64 8 16 2 4 32 0 

127 126 125 124 123 122 121 119 118 117 115 111 110 109 107 103 95 63 93 94 91 87 120 114 116 106 105 108 113 102 101 99 92 90 62 79 61 89 59 86 112 85 104 55 83 100 78 60 98 77 88 58 97 47 84 57 75 54 82 53 71 81 76 31 51 96 46 56 74 45 73 52 43 70 80 30 69 39 50 29 67 49 27 44 15 23 72 65 11 28 42 13 41 26 38 6 40 66 22 35 1 25 37 20 5 2 18 48 68 32 64 8 0 24 16 4 10 9 36 34 12 14 17 33 21 19 3 7 

0.000000000000 0.000000000000 0.000000000000 0.000000000000 0.000000000000 0.000000000000 0.000000000000 0.000000000655 0.000000000000 0.000000000000 0.000000000000 0.000000009308 0.000000000000 0.000000003873 0.000002369100 0.004022000000 0.000000000000 0.000000000000 0.000000000000 0.000000991740 0.000000000000 0.000000066969 0.000000446890 0.010217000000 0.000000000000 0.000007489900 0.000045515000 0.023394000000 0.000149230000 0.053353000000 0.114310000000 0.592420000000 0.000000000000 0.000000000000 0.000000000000 0.000144290000 0.000000000000 0.000294320000 0.000887400000 0.076506000000 0.000000000033 0.002199800000 0.004958500000 0.161980000000 0.022443000000 0.286160000000 0.398490000000 0.828410000000 0.000158050000 0.031847000000 0.060226000000 0.423650000000 0.150520000000 0.574910000000 0.623260000000 0.923400000000 0.269060000000 0.683990000000 0.691790000000 0.943900000000 0.659350000000 0.943090000000 0.904030000000 0.994650000000 0.000000000000 0.000178750000 0.000485550000 0.038038000000 0.001349900000 0.076948000000 0.135320000000 0.555750000000 0.015734000000 0.208640000000 0.286150000000 0.715860000000 0.364460000000 0.769960000000 0.761780000000 0.965880000000 0.092170000000 0.399120000000 0.440340000000 0.827410000000 0.454630000000 0.831300000000 0.804840000000 0.974620000000 0.433040000000 0.820990000000 0.801300000000 0.972850000000 0.745190000000 0.971350000000 0.924040000000 0.997320000000 0.181530000000 0.499930000000 0.482210000000 0.854190000000 0.469500000000 0.844060000000 0.815050000000 0.976800000000 0.451210000000 0.832760000000 0.809790000000 0.974830000000 0.748390000000 0.972060000000 0.923730000000 0.997150000000 0.400520000000 0.789680000000 0.780460000000 0.969140000000 0.746340000000 0.971690000000 0.923270000000 0.996910000000 0.650380000000 0.949190000000 0.923780000000 0.997230000000 0.838360000000 0.997190000000 0.947750000000 0.999790000000 

0.000000000000 0.000000000000 0.000000000000 0.000000000000 0.000000000000 0.000000000000 0.000000000000 0.000000000196 0.000000000000 0.000000000000 0.000000000000 0.000000003689 0.000000000000 0.000000001294 0.000001954500 0.008876400000 0.000000000000 0.000000000000 0.000000000000 0.000000697120 0.000000000000 0.000000026610 0.000000229640 0.022431000000 0.000000000000 0.000004945200 0.000061416000 0.055506000000 0.000252780000 0.115080000000 0.224940000000 0.834890000000 0.000000000000 0.000000000000 0.000000000000 0.000429070000 0.000000000000 0.000505410000 0.002178200000 0.166930000000 0.000000000008 0.005675100000 0.010752000000 0.324690000000 0.054164000000 0.515650000000 0.693940000000 0.974450000000 0.000618090000 0.081763000000 0.144890000000 0.718390000000 0.358400000000 0.872830000000 0.935450000000 0.991270000000 0.671590000000 0.970260000000 0.981050000000 0.992170000000 0.987280000000 0.992080000000 0.991790000000 0.992170000000 0.000000000000 0.000607800000 0.001715700000 0.106230000000 0.003700600000 0.200530000000 0.337830000000 0.865420000000 0.052734000000 0.495680000000 0.662310000000 0.959960000000 0.833870000000 0.984110000000 0.987780000000 0.992170000000 0.321070000000 0.850280000000 0.925020000000 0.990620000000 0.965050000000 0.991900000000 0.991960000000 0.992060000000 0.981060000000 0.992040000000 0.992120000000 0.992230000000 0.992100000000 0.992240000000 0.992410000000 0.992170000000 0.741310000000 0.977440000000 0.986310000000 0.991810000000 0.989610000000 0.992040000000 0.992110000000 0.992190000000 0.991170000000 0.992080000000 0.992420000000 0.992130000000 0.992480000000 0.992170000000 0.992360000000 0.992190000000 0.991130000000 0.992360000000 0.991950000000 0.992320000000 0.991800000000 0.992200000000 0.992200000000 0.992180000000 0.992870000000 0.992060000000 0.992130000000 0.992190000000 0.992490000000 0.992170000000 0.992100000000 0.992180000000 

N_obs: 4000

File Format:
1- most to least reliable channels (taken entropies)
2- most to least reliable channels (taken error probabilities)
3- channels entropies (flipped)
4- channels error probabilities (flipped)
5- number of MontCarlo simulations
