127 126 125 123 119 124 122 111 121 63 95 118 31 117 47 79 115 55 59 103 61 87 15 110 62 107 109 91 93 94 120 23 39 71 29 27 7 30 51 43 75 99 83 116 45 46 113 77 57 78 53 114 11 19 35 54 101 67 58 105 85 89 3 60 102 86 106 108 14 13 90 92 25 21 37 49 41 69 73 81 97 17 9 5 33 28 65 22 1 38 70 26 6 44 50 56 112 52 76 42 74 98 82 100 104 84 88 12 24 18 10 34 20 36 40 48 66 72 68 80 96 8 16 2 4 32 64 0 

127 126 125 123 119 124 122 121 111 118 117 95 115 120 110 63 109 116 107 103 94 55 114 31 91 93 113 46 23 108 58 39 87 83 106 54 1 65 25 35 9 73 14 112 88 37 45 41 76 17 84 28 61 26 57 27 79 82 20 78 34 90 18 68 38 40 80 2 64 4 0 97 32 16 50 72 66 52 5 36 8 98 48 96 100 24 10 12 21 53 6 81 43 71 74 104 51 22 86 70 44 49 42 101 92 29 85 3 69 33 67 13 56 11 19 77 102 47 59 105 99 89 15 60 75 7 30 62 

0.000000000000 0.000144860000 0.000424970000 0.049874000000 0.002072500000 0.107650000000 0.197660000000 0.653370000000 0.032897000000 0.297870000000 0.392520000000 0.802640000000 0.454190000000 0.835280000000 0.811470000000 0.976940000000 0.159320000000 0.516090000000 0.531490000000 0.879620000000 0.525620000000 0.879100000000 0.844270000000 0.982270000000 0.488740000000 0.861980000000 0.840520000000 0.981700000000 0.775220000000 0.980390000000 0.931490000000 0.998250000000 0.233450000000 0.574790000000 0.551920000000 0.890430000000 0.535140000000 0.885100000000 0.849370000000 0.983930000000 0.506360000000 0.872690000000 0.848710000000 0.983160000000 0.779180000000 0.980940000000 0.931300000000 0.998110000000 0.425910000000 0.818090000000 0.811990000000 0.977290000000 0.773900000000 0.979970000000 0.930190000000 0.997850000000 0.668730000000 0.955970000000 0.929510000000 0.997930000000 0.842490000000 0.997810000000 0.948600000000 0.999830000000 0.212710000000 0.519130000000 0.489860000000 0.858260000000 0.465640000000 0.842510000000 0.815010000000 0.976260000000 0.457580000000 0.840330000000 0.819910000000 0.977150000000 0.760260000000 0.975900000000 0.927010000000 0.997620000000 0.416720000000 0.808980000000 0.804190000000 0.974980000000 0.767690000000 0.977890000000 0.928400000000 0.997570000000 0.661750000000 0.953150000000 0.926700000000 0.997510000000 0.839760000000 0.997260000000 0.947560000000 0.999760000000 0.334240000000 0.718630000000 0.705250000000 0.947610000000 0.706060000000 0.961100000000 0.917910000000 0.996470000000 0.656330000000 0.951240000000 0.925510000000 0.997330000000 0.838340000000 0.996920000000 0.946910000000 0.999710000000 0.507820000000 0.880600000000 0.881120000000 0.994840000000 0.837890000000 0.997040000000 0.947010000000 0.999710000000 0.715810000000 0.970280000000 0.947010000000 0.999730000000 0.856400000000 0.999720000000 0.952480000000 0.999980000000 

0.000000000000 0.000541730000 0.001350400000 0.123160000000 0.005888600000 0.246500000000 0.432780000000 0.915110000000 0.096781000000 0.621140000000 0.781790000000 0.981670000000 0.910530000000 0.990860000000 0.991190000000 0.992090000000 0.520910000000 0.936070000000 0.968000000000 0.991680000000 0.981810000000 0.991940000000 0.992540000000 0.992250000000 0.987210000000 0.992460000000 0.992290000000 0.992210000000 0.992550000000 0.992210000000 0.992190000000 0.992210000000 0.889220000000 0.989490000000 0.991100000000 0.992300000000 0.991010000000 0.992180000000 0.992570000000 0.992110000000 0.991910000000 0.992290000000 0.992320000000 0.992150000000 0.991930000000 0.992170000000 0.992240000000 0.992180000000 0.992170000000 0.992180000000 0.992420000000 0.992130000000 0.992950000000 0.992250000000 0.992060000000 0.992200000000 0.992250000000 0.992290000000 0.992340000000 0.992180000000 0.992350000000 0.992200000000 0.992030000000 0.992190000000 0.967880000000 0.993100000000 0.992150000000 0.992770000000 0.992530000000 0.991740000000 0.992160000000 0.992370000000 0.990540000000 0.992000000000 0.992220000000 0.992200000000 0.992260000000 0.992200000000 0.992290000000 0.992210000000 0.992510000000 0.991290000000 0.992130000000 0.992290000000 0.992240000000 0.992290000000 0.992130000000 0.992180000000 0.991800000000 0.992180000000 0.992120000000 0.992200000000 0.992040000000 0.992180000000 0.992350000000 0.992190000000 0.990940000000 0.993030000000 0.992310000000 0.992150000000 0.992170000000 0.992160000000 0.992030000000 0.992210000000 0.991610000000 0.992280000000 0.992220000000 0.992180000000 0.992400000000 0.992180000000 0.992130000000 0.992190000000 0.992600000000 0.992070000000 0.992360000000 0.992220000000 0.992380000000 0.992210000000 0.992060000000 0.992200000000 0.992970000000 0.992220000000 0.992200000000 0.992190000000 0.992320000000 0.992180000000 0.992000000000 0.992190000000 

N_obs: 4000

File Format:
1- most to least reliable channels (taken entropies)
2- most to least reliable channels (taken error probabilities)
3- channels entropies (flipped)
4- channels error probabilities (flipped)
5- number of MontCarlo simulations
