127 126 125 124 123 122 121 119 118 117 115 111 110 109 107 103 95 94 93 91 87 63 120 116 106 79 113 62 108 114 105 102 61 101 90 92 99 86 59 85 83 89 55 78 112 104 77 60 100 58 47 98 57 75 88 97 84 54 53 82 71 31 81 76 51 46 74 45 56 96 73 43 52 30 39 70 15 29 23 27 69 50 80 67 49 44 7 42 35 41 11 19 37 72 38 13 14 21 25 28 22 26 3 68 65 66 48 33 5 9 17 6 40 1 34 36 12 18 10 20 24 64 32 8 2 4 16 0 

127 126 125 124 123 122 121 119 118 117 115 111 110 109 107 103 95 94 93 91 87 63 120 116 106 79 113 62 108 114 105 102 61 101 90 92 99 86 59 85 83 89 55 78 104 112 77 100 60 58 98 47 75 57 88 97 84 54 82 53 71 81 76 31 51 46 74 56 45 96 73 52 70 43 80 30 50 69 39 29 49 44 67 72 27 42 23 41 68 15 38 28 48 37 35 66 26 65 21 25 19 22 6 14 3 7 40 1 34 10 36 11 20 24 32 0 16 4 2 8 12 18 64 17 33 9 13 5 

0.000000000000 0.000000000000 0.000000000000 0.000000000000 0.000000000000 0.000000000000 0.000000000000 0.000000000000 0.000000000000 0.000000000000 0.000000000000 0.000000000000 0.000000000000 0.000000000020 0.000000000001 0.000484850000 0.000000000000 0.000000000000 0.000000000000 0.000000000003 0.000000000000 0.000000000000 0.000000000037 0.000544370000 0.000000000000 0.000000000083 0.000000000315 0.001291300000 0.000000165850 0.003545100000 0.007705500000 0.246410000000 0.000000000000 0.000000000000 0.000000000000 0.000000025568 0.000000000000 0.000000007218 0.000027763000 0.005923500000 0.000000000000 0.000001270400 0.000003094700 0.013048000000 0.000027457000 0.029605000000 0.065370000000 0.480900000000 0.000000000001 0.000309570000 0.000656680000 0.073863000000 0.005057000000 0.148100000000 0.249040000000 0.720850000000 0.039200000000 0.345340000000 0.445510000000 0.842030000000 0.506750000000 0.873400000000 0.848530000000 0.985170000000 0.000000000000 0.000000000001 0.000000000166 0.001256000000 0.000001489600 0.002565400000 0.004705600000 0.165130000000 0.000062144000 0.014011000000 0.027678000000 0.303140000000 0.080988000000 0.451420000000 0.527870000000 0.886850000000 0.003510500000 0.095990000000 0.161590000000 0.572680000000 0.256940000000 0.671620000000 0.678010000000 0.941230000000 0.326190000000 0.723220000000 0.708400000000 0.949170000000 0.672950000000 0.947340000000 0.905710000000 0.994700000000 0.048404000000 0.306140000000 0.360090000000 0.765450000000 0.387390000000 0.777150000000 0.756080000000 0.963680000000 0.384070000000 0.771050000000 0.753450000000 0.960480000000 0.704270000000 0.957360000000 0.912210000000 0.995460000000 0.355100000000 0.744430000000 0.732350000000 0.955950000000 0.700500000000 0.957400000000 0.911550000000 0.995070000000 0.620170000000 0.936610000000 0.911340000000 0.995400000000 0.830350000000 0.995370000000 0.945700000000 0.999660000000 

0.000000000000 0.000000000000 0.000000000000 0.000000000000 0.000000000000 0.000000000000 0.000000000000 0.000000000000 0.000000000000 0.000000000000 0.000000000000 0.000000000000 0.000000000000 0.000000000005 0.000000000000 0.001434900000 0.000000000000 0.000000000000 0.000000000000 0.000000000001 0.000000000000 0.000000000000 0.000000000010 0.000816440000 0.000000000000 0.000000000022 0.000000000091 0.002586600000 0.000000081488 0.008408100000 0.016601000000 0.450930000000 0.000000000000 0.000000000000 0.000000000000 0.000000010612 0.000000000000 0.000000002455 0.000192890000 0.014814000000 0.000000000000 0.000000810470 0.000002121000 0.030297000000 0.000022084000 0.066695000000 0.134300000000 0.747830000000 0.000000000000 0.000760190000 0.001594300000 0.156760000000 0.012665000000 0.297800000000 0.475070000000 0.932580000000 0.101690000000 0.638270000000 0.793560000000 0.982540000000 0.911040000000 0.990810000000 0.991230000000 0.992240000000 0.000000000000 0.000000000000 0.000000000046 0.004085700000 0.000001122700 0.005399200000 0.014313000000 0.356360000000 0.000283360000 0.039164000000 0.072613000000 0.587210000000 0.205950000000 0.777330000000 0.885510000000 0.989570000000 0.011438000000 0.258330000000 0.398380000000 0.889210000000 0.640170000000 0.963610000000 0.977560000000 0.992080000000 0.846420000000 0.986930000000 0.989660000000 0.992110000000 0.990480000000 0.992090000000 0.992310000000 0.992170000000 0.184450000000 0.762080000000 0.877110000000 0.988640000000 0.952920000000 0.991120000000 0.991330000000 0.992160000000 0.974310000000 0.991790000000 0.991320000000 0.992140000000 0.991620000000 0.992230000000 0.992280000000 0.992190000000 0.982980000000 0.992010000000 0.992390000000 0.992220000000 0.992140000000 0.992110000000 0.992330000000 0.992220000000 0.992050000000 0.992000000000 0.992420000000 0.992200000000 0.992030000000 0.992200000000 0.992090000000 0.992190000000 

N_obs: 4000

File Format:
1- most to least reliable channels (taken entropies)
2- most to least reliable channels (taken error probabilities)
3- channels entropies (flipped)
4- channels error probabilities (flipped)
5- number of MontCarlo simulations
