127 126 125 124 123 122 121 120 119 118 117 116 115 114 113 111 110 109 108 107 106 105 103 102 101 99 95 94 93 92 91 90 89 87 86 85 83 79 78 77 75 71 63 62 61 60 59 58 57 55 54 53 51 47 46 45 31 43 104 100 39 29 98 112 97 82 88 81 76 84 74 30 73 27 70 69 56 52 44 49 23 67 42 50 41 38 37 96 80 15 28 26 72 35 25 68 22 48 66 21 40 65 36 19 14 34 13 24 33 11 20 7 64 18 17 12 10 9 3 32 5 6 16 1 8 4 2 0 

127 126 125 124 123 122 121 120 119 118 117 116 115 114 113 111 110 109 108 107 106 105 103 102 101 99 95 94 93 92 91 90 89 87 86 85 83 79 78 77 75 71 63 62 61 60 59 58 57 55 54 53 51 47 46 45 31 43 104 100 39 29 98 112 97 82 88 81 76 84 74 30 73 27 70 69 56 52 44 23 49 67 42 41 50 38 37 96 80 28 15 26 72 35 25 68 48 22 66 21 40 65 36 19 14 34 24 13 33 20 11 64 18 7 17 12 32 10 9 6 16 5 3 2 8 0 1 4 

0.000000000000 0.000000000000 0.000000000000 0.000000000000 0.000000000000 0.000000000000 0.000000000000 0.000000000000 0.000000000000 0.000000000000 0.000000000000 0.000000000000 0.000000000000 0.000000000000 0.000000000000 0.000000000000 0.000000000000 0.000000000000 0.000000000000 0.000000000000 0.000000000000 0.000000000000 0.000000000000 0.000000000000 0.000000000000 0.000000000000 0.000000000000 0.000000000000 0.000000000000 0.000000000000 0.000000000001 0.000387910000 0.000000000000 0.000000000000 0.000000000000 0.000000000000 0.000000000000 0.000000000000 0.000000000000 0.000000000006 0.000000000000 0.000000000000 0.000000000000 0.000000000011 0.000000000000 0.000000000003 0.000000000008 0.000932280000 0.000000000000 0.000000000000 0.000000000000 0.000000000008 0.000000000000 0.000000000123 0.000000000409 0.002244400000 0.000000000000 0.000000075805 0.000000220020 0.005221700000 0.000017805000 0.012887000000 0.032939000000 0.409060000000 0.000000000000 0.000000000000 0.000000000000 0.000000000000 0.000000000000 0.000000000000 0.000000000000 0.000000256160 0.000000000000 0.000000000000 0.000000000000 0.000000446840 0.000000000000 0.000035843000 0.000007805000 0.011841000000 0.000000000000 0.000000000000 0.000000000000 0.000006569000 0.000000000000 0.000022228000 0.000042823000 0.025539000000 0.000000000000 0.000186330000 0.000370330000 0.055609000000 0.002377800000 0.120170000000 0.211000000000 0.700870000000 0.000000000000 0.000000000157 0.000000000000 0.001140700000 0.000000005421 0.001525800000 0.003266900000 0.146500000000 0.000008067600 0.009928100000 0.020460000000 0.274660000000 0.064772000000 0.424690000000 0.520710000000 0.885500000000 0.000980740000 0.076754000000 0.141160000000 0.560740000000 0.243520000000 0.678740000000 0.691960000000 0.945680000000 0.335680000000 0.740120000000 0.735200000000 0.956220000000 0.695200000000 0.956720000000 0.914330000000 0.996120000000 

0.000000000000 0.000000000000 0.000000000000 0.000000000000 0.000000000000 0.000000000000 0.000000000000 0.000000000000 0.000000000000 0.000000000000 0.000000000000 0.000000000000 0.000000000000 0.000000000000 0.000000000000 0.000000000000 0.000000000000 0.000000000000 0.000000000000 0.000000000000 0.000000000000 0.000000000000 0.000000000000 0.000000000000 0.000000000000 0.000000000000 0.000000000000 0.000000000000 0.000000000000 0.000000000000 0.000000000000 0.000843740000 0.000000000000 0.000000000000 0.000000000000 0.000000000000 0.000000000000 0.000000000000 0.000000000000 0.000000000001 0.000000000000 0.000000000000 0.000000000000 0.000000000002 0.000000000000 0.000000000001 0.000000000002 0.001934100000 0.000000000000 0.000000000000 0.000000000000 0.000000000002 0.000000000000 0.000000000033 0.000000000117 0.004873700000 0.000000000000 0.000000035976 0.000000102750 0.013685000000 0.000017247000 0.029881000000 0.071131000000 0.672420000000 0.000000000000 0.000000000000 0.000000000000 0.000000000000 0.000000000000 0.000000000000 0.000000000000 0.000000143310 0.000000000000 0.000000000000 0.000000000000 0.000000261890 0.000000000000 0.000045347000 0.000008306600 0.025993000000 0.000000000000 0.000000000000 0.000000000000 0.000005251100 0.000000000000 0.000030995000 0.000038996000 0.059065000000 0.000000000000 0.000242230000 0.000545270000 0.116950000000 0.005903200000 0.251190000000 0.408360000000 0.923910000000 0.000000000000 0.000000000044 0.000000000000 0.002759900000 0.000000002009 0.003440500000 0.008504700000 0.296030000000 0.000008111800 0.026936000000 0.049100000000 0.516680000000 0.151810000000 0.713100000000 0.845040000000 0.987240000000 0.002937200000 0.192760000000 0.336220000000 0.866100000000 0.576490000000 0.950190000000 0.974700000000 0.992030000000 0.820940000000 0.985780000000 0.988780000000 0.992340000000 0.990410000000 0.992000000000 0.992220000000 0.992210000000 

N_obs: 4000

File Format:
1- most to least reliable channels (taken entropies)
2- most to least reliable channels (taken error probabilities)
3- channels entropies (flipped)
4- channels error probabilities (flipped)
5- number of MontCarlo simulations
