127 126 125 124 123 122 121 119 118 117 115 111 110 109 107 103 95 94 93 91 63 87 120 113 116 108 105 114 106 62 101 102 79 99 61 92 90 89 59 86 85 112 55 83 104 78 100 60 77 98 58 88 47 97 57 75 84 54 82 31 53 71 81 76 51 46 45 56 74 15 43 39 96 23 30 29 27 73 70 52 67 69 7 50 49 80 35 11 19 44 13 41 37 14 42 38 21 25 22 26 28 3 72 65 68 33 66 9 5 17 48 6 1 34 40 12 36 10 18 20 24 64 8 2 32 16 4 0 

127 126 125 124 123 122 121 119 118 117 115 111 110 109 107 103 95 94 93 91 63 87 120 113 116 108 105 114 106 62 101 102 79 99 61 92 59 89 90 86 85 112 55 104 83 100 78 60 77 98 58 88 97 47 75 57 84 54 82 53 71 81 76 31 51 46 74 56 96 45 73 52 70 43 80 30 69 50 39 29 67 49 44 72 27 15 23 42 41 37 68 28 38 12 66 22 65 48 14 25 6 10 1 36 33 26 7 2 18 17 9 8 0 5 32 34 4 40 16 64 24 13 20 3 35 21 11 19 

0.000000000000 0.000000000000 0.000000000000 0.000000000000 0.000000000000 0.000000000000 0.000000000000 0.000000000000 0.000000000000 0.000000000000 0.000000000000 0.000000000050 0.000000000000 0.000000001685 0.000000000013 0.001167200000 0.000000000000 0.000000000000 0.000000000000 0.000000000079 0.000000000000 0.000000010445 0.000000000849 0.002621200000 0.000000000000 0.000000264990 0.000000102570 0.005432500000 0.000002757300 0.015027000000 0.034312000000 0.412860000000 0.000000000000 0.000000000000 0.000000000000 0.000006019300 0.000000000000 0.000025458000 0.000060667000 0.024306000000 0.000000000000 0.000191180000 0.000389040000 0.055224000000 0.002335500000 0.115550000000 0.198520000000 0.682740000000 0.000001310200 0.005200200000 0.010905000000 0.215480000000 0.042456000000 0.350920000000 0.456410000000 0.851730000000 0.140470000000 0.541240000000 0.596210000000 0.909180000000 0.596140000000 0.917390000000 0.884010000000 0.991380000000 0.000000000000 0.000000025137 0.000003270800 0.007767400000 0.000071482000 0.017735000000 0.037902000000 0.349490000000 0.001565700000 0.073594000000 0.133360000000 0.544190000000 0.232930000000 0.651190000000 0.671930000000 0.941450000000 0.026622000000 0.241810000000 0.323990000000 0.742490000000 0.380950000000 0.773410000000 0.757950000000 0.963470000000 0.391220000000 0.782270000000 0.764030000000 0.964130000000 0.715250000000 0.962040000000 0.917200000000 0.996410000000 0.125330000000 0.428610000000 0.435920000000 0.822410000000 0.437360000000 0.815890000000 0.792460000000 0.971640000000 0.422600000000 0.808560000000 0.786940000000 0.968910000000 0.727960000000 0.965720000000 0.919110000000 0.996430000000 0.379420000000 0.768440000000 0.757060000000 0.963940000000 0.725230000000 0.965490000000 0.917810000000 0.996120000000 0.636880000000 0.944000000000 0.918640000000 0.996480000000 0.834620000000 0.996350000000 0.946780000000 0.999740000000 

0.000000000000 0.000000000000 0.000000000000 0.000000000000 0.000000000000 0.000000000000 0.000000000000 0.000000000000 0.000000000000 0.000000000000 0.000000000000 0.000000000013 0.000000000000 0.000000000581 0.000000000003 0.002490600000 0.000000000000 0.000000000000 0.000000000000 0.000000000019 0.000000000000 0.000000003580 0.000000000248 0.006164100000 0.000000000000 0.000000139790 0.000000046816 0.012678000000 0.000001629800 0.033188000000 0.071045000000 0.665840000000 0.000000000000 0.000000000000 0.000000000000 0.000005075900 0.000000000000 0.000226590000 0.000164410000 0.053258000000 0.000000000000 0.000428020000 0.000822100000 0.117580000000 0.006385000000 0.232580000000 0.385180000000 0.903020000000 0.000000769540 0.013990000000 0.027082000000 0.419150000000 0.101070000000 0.626310000000 0.784540000000 0.982620000000 0.362300000000 0.874770000000 0.938860000000 0.991680000000 0.968980000000 0.991980000000 0.992000000000 0.992220000000 0.000000000000 0.000000009314 0.000002349100 0.021880000000 0.000125300000 0.044423000000 0.101420000000 0.647530000000 0.005010300000 0.193050000000 0.326400000000 0.856500000000 0.564960000000 0.946600000000 0.970120000000 0.992020000000 0.094950000000 0.585390000000 0.755190000000 0.977990000000 0.887560000000 0.988730000000 0.989590000000 0.992210000000 0.952280000000 0.991930000000 0.991680000000 0.992060000000 0.992290000000 0.992200000000 0.992070000000 0.992190000000 0.498170000000 0.927510000000 0.966640000000 0.991700000000 0.982770000000 0.992090000000 0.992040000000 0.992230000000 0.987030000000 0.991980000000 0.992360000000 0.992240000000 0.992510000000 0.992150000000 0.992150000000 0.992210000000 0.986150000000 0.992040000000 0.992230000000 0.991950000000 0.992390000000 0.992060000000 0.992160000000 0.992170000000 0.992090000000 0.992060000000 0.992180000000 0.992210000000 0.992280000000 0.992140000000 0.992060000000 0.992170000000 

N_obs: 4000

File Format:
1- most to least reliable channels (taken entropies)
2- most to least reliable channels (taken error probabilities)
3- channels entropies (flipped)
4- channels error probabilities (flipped)
5- number of MontCarlo simulations
