127 126 125 124 123 122 121 120 119 118 117 115 111 110 109 107 103 95 94 93 91 87 63 116 114 108 106 113 101 105 102 62 79 90 99 92 59 89 61 85 86 83 55 112 78 104 77 100 60 98 58 75 47 88 97 57 84 54 82 53 71 81 76 31 51 46 74 56 45 96 73 43 52 70 30 39 29 80 69 27 50 23 15 67 49 44 72 42 41 38 37 35 28 26 25 22 21 68 19 14 13 11 7 66 48 65 40 36 34 33 20 24 18 12 17 10 9 6 5 3 64 32 8 16 4 2 1 0 

127 126 125 124 123 122 121 120 119 118 117 115 111 110 109 107 103 95 94 93 91 87 63 116 114 108 106 113 101 105 102 62 79 90 99 92 59 89 61 85 86 83 112 55 104 78 77 100 60 98 58 75 88 97 47 57 84 54 82 53 71 81 76 51 31 74 46 56 96 73 45 52 70 43 80 69 50 30 39 49 67 29 44 72 27 42 41 68 23 15 38 28 48 66 37 35 65 25 26 40 19 10 11 64 21 33 22 7 6 1 4 14 17 0 13 24 8 16 3 32 2 5 20 12 9 34 18 36 

0.000000000000 0.000000000000 0.000000000000 0.000000000000 0.000000000000 0.000000000000 0.000000000000 0.000000000000 0.000000000000 0.000000000000 0.000000000000 0.000000000000 0.000000000000 0.000000000000 0.000000000000 0.000091463000 0.000000000000 0.000000000000 0.000000000000 0.000000000000 0.000000000000 0.000000000000 0.000000000000 0.000152360000 0.000000000000 0.000000000000 0.000000000000 0.000301200000 0.000000000009 0.000967740000 0.002399100000 0.166850000000 0.000000000000 0.000000000000 0.000000000000 0.000000000039 0.000000000000 0.000000000007 0.000000000125 0.002101200000 0.000000000000 0.000000152880 0.000000044196 0.005282300000 0.000001233900 0.013312000000 0.032013000000 0.392750000000 0.000000000002 0.000114050000 0.000231550000 0.044394000000 0.001469400000 0.098885000000 0.182870000000 0.665750000000 0.022093000000 0.288860000000 0.403140000000 0.830440000000 0.515710000000 0.877200000000 0.893070000000 0.984680000000 0.000000000000 0.000000000000 0.000000012162 0.000446370000 0.000000000100 0.001320500000 0.003712100000 0.139160000000 0.000043447000 0.008357800000 0.020618000000 0.276890000000 0.070974000000 0.440020000000 0.538070000000 0.891630000000 0.001763600000 0.085881000000 0.151540000000 0.579430000000 0.257240000000 0.688870000000 0.716590000000 0.947350000000 0.347500000000 0.759470000000 0.768100000000 0.955540000000 0.785850000000 0.960240000000 0.965310000000 0.995200000000 0.049313000000 0.317740000000 0.390240000000 0.800990000000 0.423390000000 0.813970000000 0.823250000000 0.970090000000 0.444360000000 0.828020000000 0.828910000000 0.968060000000 0.838320000000 0.970180000000 0.972650000000 0.995880000000 0.464620000000 0.845930000000 0.848550000000 0.971930000000 0.853990000000 0.972940000000 0.973880000000 0.995720000000 0.871170000000 0.977860000000 0.978800000000 0.996310000000 0.981700000000 0.997160000000 0.997580000000 0.999690000000 

0.000000000000 0.000000000000 0.000000000000 0.000000000000 0.000000000000 0.000000000000 0.000000000000 0.000000000000 0.000000000000 0.000000000000 0.000000000000 0.000000000000 0.000000000000 0.000000000000 0.000000000000 0.000167640000 0.000000000000 0.000000000000 0.000000000000 0.000000000000 0.000000000000 0.000000000000 0.000000000000 0.000244400000 0.000000000000 0.000000000000 0.000000000000 0.000815660000 0.000000000002 0.002353700000 0.006764700000 0.358150000000 0.000000000000 0.000000000000 0.000000000000 0.000000000011 0.000000000000 0.000000000002 0.000000000036 0.005433200000 0.000000000000 0.000000094525 0.000000019268 0.013747000000 0.000000834600 0.033841000000 0.076400000000 0.671180000000 0.000000000000 0.000453770000 0.000804850000 0.108940000000 0.004610300000 0.219950000000 0.385720000000 0.912380000000 0.062213000000 0.569420000000 0.747180000000 0.985580000000 0.904340000000 0.994540000000 0.995270000000 0.996050000000 0.000000000000 0.000000000000 0.000000005776 0.001711800000 0.000000000030 0.004229100000 0.010559000000 0.337450000000 0.000205230000 0.025988000000 0.059307000000 0.562990000000 0.197330000000 0.789810000000 0.896020000000 0.994290000000 0.006979400000 0.246580000000 0.416710000000 0.909130000000 0.670880000000 0.971490000000 0.985190000000 0.995920000000 0.869840000000 0.992560000000 0.994790000000 0.996220000000 0.995200000000 0.996150000000 0.996060000000 0.996110000000 0.214370000000 0.794560000000 0.906950000000 0.993980000000 0.970230000000 0.995710000000 0.995650000000 0.996100000000 0.985930000000 0.996070000000 0.996060000000 0.996120000000 0.995920000000 0.996160000000 0.996090000000 0.996100000000 0.992310000000 0.996090000000 0.996100000000 0.996120000000 0.996050000000 0.996040000000 0.996130000000 0.996100000000 0.996080000000 0.996080000000 0.996120000000 0.996090000000 0.996110000000 0.996110000000 0.996080000000 0.996100000000 

N_obs: 4000

File Format:
1- most to least reliable channels (taken entropies)
2- most to least reliable channels (taken error probabilities)
3- channels entropies (flipped)
4- channels error probabilities (flipped)
5- number of MontCarlo simulations
