127 126 125 123 119 111 124 122 118 95 121 117 110 115 109 107 120 103 116 94 114 93 113 63 108 91 106 105 102 87 92 101 62 112 61 79 90 99 59 31 89 55 47 104 86 85 15 83 71 100 60 78 23 75 39 77 27 29 51 43 57 30 58 45 53 46 54 98 7 97 88 67 11 19 35 81 13 14 84 3 69 73 82 25 21 37 70 41 49 74 76 22 38 26 28 42 50 56 44 52 65 17 9 5 33 96 1 6 80 12 66 68 72 18 10 34 24 20 36 40 48 8 16 2 64 4 32 0 

127 126 125 123 119 111 124 122 118 95 121 117 110 115 109 107 120 116 103 94 114 93 113 108 63 106 91 105 102 87 101 92 112 62 90 99 61 79 89 104 86 59 100 85 55 98 60 83 78 88 97 47 77 58 31 75 84 57 71 54 53 82 46 7 81 51 67 70 23 56 14 96 45 74 76 19 30 21 25 33 6 18 9 11 26 80 50 68 73 34 49 15 66 48 10 72 12 28 44 37 4 16 36 0 32 24 65 64 40 43 8 2 1 38 22 42 17 29 20 5 3 69 13 41 52 35 27 39 

0.000000000000 0.000000000000 0.000000000000 0.000000000000 0.000000000000 0.000000000000 0.000000000029 0.000228170000 0.000000000000 0.000000000000 0.000000000039 0.000396470000 0.000000005440 0.001037400000 0.002905800000 0.150700000000 0.000000000000 0.000000000233 0.000000159800 0.003805100000 0.000025798000 0.008682000000 0.019251000000 0.311840000000 0.000307910000 0.046278000000 0.090316000000 0.513410000000 0.201510000000 0.664290000000 0.699700000000 0.949680000000 0.000000000001 0.000654990000 0.001342700000 0.089541000000 0.007312200000 0.173260000000 0.265140000000 0.721780000000 0.049121000000 0.353060000000 0.438680000000 0.836470000000 0.485030000000 0.857340000000 0.831440000000 0.980930000000 0.165590000000 0.531690000000 0.547370000000 0.888010000000 0.540530000000 0.887240000000 0.852810000000 0.984350000000 0.501740000000 0.873020000000 0.850380000000 0.983980000000 0.784420000000 0.983360000000 0.934740000000 0.998660000000 0.003115700000 0.091234000000 0.157320000000 0.527730000000 0.236040000000 0.610420000000 0.608020000000 0.919590000000 0.280890000000 0.654120000000 0.635530000000 0.923130000000 0.601760000000 0.918330000000 0.880550000000 0.990450000000 0.285410000000 0.651950000000 0.627970000000 0.922580000000 0.602270000000 0.917490000000 0.876410000000 0.988830000000 0.541750000000 0.895320000000 0.871410000000 0.988000000000 0.797720000000 0.986780000000 0.937070000000 0.998850000000 0.264560000000 0.609850000000 0.584020000000 0.905530000000 0.563860000000 0.900690000000 0.865550000000 0.986940000000 0.532340000000 0.890200000000 0.868310000000 0.987110000000 0.793080000000 0.985530000000 0.935240000000 0.998580000000 0.447030000000 0.835040000000 0.831460000000 0.982070000000 0.791870000000 0.985590000000 0.935330000000 0.998540000000 0.680630000000 0.961420000000 0.935500000000 0.998690000000 0.847800000000 0.998640000000 0.950020000000 0.999900000000 

0.000000000000 0.000000000000 0.000000000000 0.000000000000 0.000000000000 0.000000000000 0.000000000008 0.000277250000 0.000000000000 0.000000000000 0.000000000010 0.000542540000 0.000000001982 0.003065100000 0.005909300000 0.296660000000 0.000000000000 0.000000000059 0.000000079970 0.008176700000 0.000049045000 0.018980000000 0.042094000000 0.542300000000 0.000777270000 0.104390000000 0.192180000000 0.772580000000 0.426650000000 0.914280000000 0.958130000000 0.991840000000 0.000000000000 0.002334500000 0.004217900000 0.207440000000 0.020415000000 0.371350000000 0.539020000000 0.942780000000 0.133260000000 0.692770000000 0.823320000000 0.985150000000 0.925280000000 0.990990000000 0.991420000000 0.992120000000 0.518120000000 0.935930000000 0.969390000000 0.991860000000 0.982250000000 0.991860000000 0.992130000000 0.992180000000 0.987260000000 0.991750000000 0.992390000000 0.992130000000 0.991740000000 0.992150000000 0.992200000000 0.992200000000 0.012730000000 0.298500000000 0.480670000000 0.922120000000 0.734790000000 0.975200000000 0.985480000000 0.991780000000 0.905280000000 0.989740000000 0.990250000000 0.992470000000 0.991510000000 0.992130000000 0.992140000000 0.992150000000 0.961200000000 0.991380000000 0.991840000000 0.992180000000 0.992210000000 0.992240000000 0.992440000000 0.992200000000 0.992720000000 0.992220000000 0.992180000000 0.992190000000 0.992480000000 0.992130000000 0.992040000000 0.992200000000 0.980600000000 0.991960000000 0.992270000000 0.992180000000 0.992510000000 0.992110000000 0.992020000000 0.992200000000 0.991760000000 0.992230000000 0.991980000000 0.992280000000 0.991870000000 0.992050000000 0.992260000000 0.992190000000 0.992140000000 0.991800000000 0.992430000000 0.992180000000 0.992080000000 0.992160000000 0.992050000000 0.992210000000 0.991410000000 0.992040000000 0.992290000000 0.992180000000 0.992320000000 0.992210000000 0.992210000000 0.992190000000 

N_obs: 4000

File Format:
1- most to least reliable channels (taken entropies)
2- most to least reliable channels (taken error probabilities)
3- channels entropies (flipped)
4- channels error probabilities (flipped)
5- number of MontCarlo simulations
