127 126 125 124 123 122 121 120 119 118 117 116 115 114 113 112 111 110 109 108 107 106 105 104 103 102 101 100 99 98 97 95 94 93 92 91 90 89 88 87 86 85 84 83 82 81 79 78 77 76 75 74 73 71 70 69 63 62 61 60 59 58 57 55 54 53 51 47 46 45 43 39 31 30 29 27 23 15 50 52 56 67 44 41 37 49 42 38 35 28 26 21 22 25 96 19 72 80 68 48 66 14 13 65 40 36 34 11 33 24 20 18 7 17 12 64 10 9 32 6 16 5 3 8 4 2 1 0 

127 126 125 124 123 122 121 120 119 118 117 116 115 114 113 112 111 110 109 108 107 106 105 104 103 102 101 100 99 98 97 95 94 93 92 91 90 89 88 87 86 85 84 83 82 81 79 78 77 76 75 74 73 71 70 69 63 62 61 60 59 58 57 55 54 53 51 47 46 45 43 39 31 30 29 27 23 15 50 52 56 67 44 41 37 49 42 38 35 28 26 21 22 25 96 19 72 80 48 68 66 13 14 65 36 40 34 11 33 24 20 18 7 17 12 64 10 9 32 6 16 5 3 8 4 2 1 0 

0.000000000000 0.000000000000 0.000000000000 0.000000000000 0.000000000000 0.000000000000 0.000000000000 0.000000000000 0.000000000000 0.000000000000 0.000000000000 0.000000000000 0.000000000000 0.000000000000 0.000000000000 0.000000000000 0.000000000000 0.000000000000 0.000000000000 0.000000000000 0.000000000000 0.000000000000 0.000000000000 0.000000000000 0.000000000000 0.000000000000 0.000000000000 0.000000000000 0.000000000000 0.000000000000 0.000000000000 0.000000465360 0.000000000000 0.000000000000 0.000000000000 0.000000000000 0.000000000000 0.000000000000 0.000000000000 0.000000000000 0.000000000000 0.000000000000 0.000000000000 0.000000000000 0.000000000000 0.000000000000 0.000000000000 0.000013219000 0.000000000000 0.000000000000 0.000000000000 0.000000000000 0.000000000000 0.000000000000 0.000000000000 0.000003318900 0.000000000000 0.000000000000 0.000000000000 0.000026555000 0.000000000000 0.000045253000 0.000175000000 0.062968000000 0.000000000000 0.000000000000 0.000000000000 0.000000000000 0.000000000000 0.000000000000 0.000000000000 0.000000000000 0.000000000000 0.000000000000 0.000000000000 0.000000000000 0.000000000000 0.000000000000 0.000000000000 0.000027594000 0.000000000000 0.000000000000 0.000000000000 0.000000000000 0.000000000000 0.000000000000 0.000000000000 0.000222240000 0.000000000000 0.000000000000 0.000000000000 0.000309250000 0.000000000001 0.000783290000 0.002089400000 0.157140000000 0.000000000000 0.000000000000 0.000000000000 0.000000000018 0.000000000000 0.000000000150 0.000000062943 0.002185400000 0.000000000000 0.000000009366 0.000000004732 0.004916100000 0.000001478700 0.011306000000 0.026143000000 0.364160000000 0.000000000000 0.000054225000 0.000070358000 0.038247000000 0.001021000000 0.081157000000 0.155350000000 0.634060000000 0.015944000000 0.253790000000 0.373540000000 0.809550000000 0.489710000000 0.864960000000 0.883290000000 0.983510000000 

0.000000000000 0.000000000000 0.000000000000 0.000000000000 0.000000000000 0.000000000000 0.000000000000 0.000000000000 0.000000000000 0.000000000000 0.000000000000 0.000000000000 0.000000000000 0.000000000000 0.000000000000 0.000000000000 0.000000000000 0.000000000000 0.000000000000 0.000000000000 0.000000000000 0.000000000000 0.000000000000 0.000000000000 0.000000000000 0.000000000000 0.000000000000 0.000000000000 0.000000000000 0.000000000000 0.000000000000 0.000000264400 0.000000000000 0.000000000000 0.000000000000 0.000000000000 0.000000000000 0.000000000000 0.000000000000 0.000000000000 0.000000000000 0.000000000000 0.000000000000 0.000000000000 0.000000000000 0.000000000000 0.000000000000 0.000020657000 0.000000000000 0.000000000000 0.000000000000 0.000000000000 0.000000000000 0.000000000000 0.000000000000 0.000002516900 0.000000000000 0.000000000000 0.000000000000 0.000033751000 0.000000000000 0.000076466000 0.000600640000 0.156710000000 0.000000000000 0.000000000000 0.000000000000 0.000000000000 0.000000000000 0.000000000000 0.000000000000 0.000000000000 0.000000000000 0.000000000000 0.000000000000 0.000000000000 0.000000000000 0.000000000000 0.000000000000 0.000024642000 0.000000000000 0.000000000000 0.000000000000 0.000000000000 0.000000000000 0.000000000000 0.000000000000 0.000740760000 0.000000000000 0.000000000000 0.000000000000 0.000627320000 0.000000000000 0.001878000000 0.004350200000 0.346840000000 0.000000000000 0.000000000000 0.000000000000 0.000000000005 0.000000000000 0.000000000049 0.000000035363 0.006148800000 0.000000000000 0.000000003943 0.000000001859 0.011724000000 0.000001102800 0.028858000000 0.061405000000 0.650800000000 0.000000000000 0.000283160000 0.000100250000 0.098343000000 0.002988800000 0.190180000000 0.337740000000 0.899530000000 0.047184000000 0.527340000000 0.717610000000 0.982030000000 0.888950000000 0.994010000000 0.995130000000 0.996080000000 

N_obs: 4000

File Format:
1- most to least reliable channels (taken entropies)
2- most to least reliable channels (taken error probabilities)
3- channels entropies (flipped)
4- channels error probabilities (flipped)
5- number of MontCarlo simulations
