127 126 125 124 123 122 121 119 118 117 115 111 95 107 110 109 93 103 94 114 120 116 113 91 63 108 106 105 87 102 101 92 62 112 90 99 61 79 89 104 86 59 100 55 85 47 31 83 60 78 98 77 88 75 58 97 71 57 54 51 53 43 39 46 45 30 29 23 27 84 15 82 81 76 74 73 70 69 96 67 56 52 50 42 41 38 44 37 49 21 26 22 25 28 35 19 14 13 11 7 80 72 68 66 65 36 20 40 18 34 24 17 12 10 48 9 33 6 5 3 64 8 16 4 32 2 1 0 

127 126 125 124 123 122 121 119 118 117 115 111 95 107 110 109 93 103 94 114 120 116 113 91 108 106 63 105 102 87 101 92 112 90 62 99 104 89 61 79 86 100 59 85 98 83 60 55 78 88 97 77 84 47 58 75 57 31 71 82 81 54 96 53 51 43 29 15 73 76 38 46 22 70 49 19 50 27 65 13 14 21 67 5 9 68 34 20 33 8 6 4 2 0 16 45 66 32 41 26 3 64 17 24 1 48 10 40 37 74 7 18 11 72 12 69 42 80 36 28 35 25 44 56 52 30 39 23 

0.000000000000 0.000000000000 0.000000000000 0.000000000000 0.000000000000 0.000000000000 0.000000000000 0.000001635800 0.000000000000 0.000000000000 0.000000000000 0.000002411100 0.000000000000 0.000001274800 0.000006936200 0.038146000000 0.000000000000 0.000000000000 0.000000000001 0.000275160000 0.000000000000 0.000448160000 0.000608590000 0.100190000000 0.000000345530 0.004677200000 0.010388000000 0.246050000000 0.052910000000 0.433230000000 0.554590000000 0.903600000000 0.000000000000 0.000000761950 0.000000039491 0.021408000000 0.000055883000 0.047995000000 0.094651000000 0.523700000000 0.004127900000 0.157940000000 0.256630000000 0.715320000000 0.384870000000 0.806020000000 0.824980000000 0.971020000000 0.075635000000 0.419700000000 0.493870000000 0.866780000000 0.537460000000 0.875870000000 0.888930000000 0.981570000000 0.573260000000 0.895990000000 0.897920000000 0.982080000000 0.910870000000 0.985260000000 0.987510000000 0.998340000000 0.000270370000 0.032532000000 0.069641000000 0.404050000000 0.159740000000 0.552130000000 0.597440000000 0.911980000000 0.256550000000 0.656040000000 0.664430000000 0.925560000000 0.661560000000 0.929380000000 0.937080000000 0.990640000000 0.287150000000 0.690850000000 0.693390000000 0.935220000000 0.686010000000 0.931130000000 0.933100000000 0.988960000000 0.686130000000 0.934950000000 0.936930000000 0.988520000000 0.941100000000 0.989850000000 0.991190000000 0.998770000000 0.306130000000 0.698930000000 0.709490000000 0.940660000000 0.711380000000 0.939540000000 0.940600000000 0.989900000000 0.710540000000 0.940280000000 0.939220000000 0.988650000000 0.942350000000 0.989720000000 0.990360000000 0.998540000000 0.723500000000 0.946550000000 0.948150000000 0.990440000000 0.948990000000 0.990620000000 0.990850000000 0.998470000000 0.954730000000 0.992490000000 0.992800000000 0.998710000000 0.993750000000 0.999060000000 0.999160000000 0.999890000000 

0.000000000000 0.000000000000 0.000000000000 0.000000000000 0.000000000000 0.000000000000 0.000000000000 0.000000991340 0.000000000000 0.000000000000 0.000000000000 0.000001724800 0.000000000000 0.000000667160 0.000004516700 0.097156000000 0.000000000000 0.000000000000 0.000000000000 0.000318290000 0.000000000000 0.000593680000 0.002014200000 0.208890000000 0.000000174820 0.009366700000 0.027995000000 0.469970000000 0.130490000000 0.722200000000 0.876860000000 0.993830000000 0.000000000000 0.000000403630 0.000000015096 0.062301000000 0.000060439000 0.116140000000 0.220500000000 0.840430000000 0.012377000000 0.373820000000 0.540880000000 0.947360000000 0.776390000000 0.988610000000 0.991850000000 0.996200000000 0.258410000000 0.840330000000 0.924630000000 0.995630000000 0.974380000000 0.996140000000 0.995610000000 0.996180000000 0.986970000000 0.995910000000 0.996200000000 0.996030000000 0.996020000000 0.996090000000 0.995980000000 0.996100000000 0.001860700000 0.125750000000 0.239770000000 0.816170000000 0.528390000000 0.955120000000 0.977380000000 0.996410000000 0.830330000000 0.991870000000 0.994060000000 0.996430000000 0.994330000000 0.995970000000 0.995910000000 0.996120000000 0.949380000000 0.995870000000 0.996090000000 0.996410000000 0.994910000000 0.996200000000 0.996100000000 0.996120000000 0.996560000000 0.995770000000 0.996120000000 0.996220000000 0.996280000000 0.996040000000 0.996070000000 0.996100000000 0.981190000000 0.996500000000 0.995210000000 0.996260000000 0.995980000000 0.996100000000 0.996290000000 0.996100000000 0.996680000000 0.995900000000 0.996010000000 0.996040000000 0.995950000000 0.996160000000 0.996100000000 0.996080000000 0.995610000000 0.995980000000 0.995980000000 0.996180000000 0.996170000000 0.996120000000 0.996030000000 0.996070000000 0.996140000000 0.996070000000 0.996020000000 0.996080000000 0.996100000000 0.996080000000 0.996110000000 0.996080000000 

N_obs: 800

File Format:
1- most to least reliable channels (taken entropies)
2- most to least reliable channels (taken error probabilities)
3- channels entropies (flipped)
4- channels error probabilities (flipped)
5- number of MontCarlo simulations
