127 126 125 124 123 122 121 120 119 118 117 116 115 114 113 111 110 109 108 107 106 105 103 102 101 99 95 94 93 92 91 90 89 87 85 83 79 63 62 61 59 55 47 86 78 77 75 31 57 54 58 60 53 51 71 112 104 100 98 45 88 97 81 46 84 82 76 43 74 39 56 73 30 52 70 29 69 50 49 27 44 96 67 42 80 41 23 38 72 28 37 68 26 15 48 35 66 25 40 22 65 21 19 14 36 7 13 11 34 24 33 3 64 20 17 18 5 9 6 12 10 1 32 16 8 4 2 0 

127 126 125 124 123 122 121 120 119 118 117 116 115 114 113 111 110 109 108 107 106 105 103 102 101 99 95 94 93 92 91 90 89 87 85 83 79 63 62 61 59 55 47 86 78 77 75 31 57 54 58 60 53 51 71 112 104 100 98 45 88 97 81 46 84 82 76 43 74 39 56 73 52 30 70 69 50 29 49 27 44 96 67 42 80 41 72 38 23 28 37 68 26 48 66 35 15 25 40 65 22 21 36 19 14 34 24 13 33 64 11 20 7 18 17 12 32 9 3 10 5 4 0 8 6 1 16 2 

0.000000000000 0.000000000000 0.000000000000 0.000000000000 0.000000000000 0.000000000000 0.000000000000 0.000000000000 0.000000000000 0.000000000000 0.000000000000 0.000000000000 0.000000000000 0.000000000000 0.000000000000 0.000000000222 0.000000000000 0.000000000000 0.000000000000 0.000000000000 0.000000000000 0.000000000000 0.000000000000 0.000000001394 0.000000000000 0.000000000000 0.000000000000 0.000000004332 0.000000000000 0.000000021952 0.000000162460 0.006474500000 0.000000000000 0.000000000000 0.000000000000 0.000000000000 0.000000000000 0.000000000000 0.000000000000 0.000000080500 0.000000000000 0.000000000000 0.000000000000 0.000002364600 0.000000000000 0.000002401400 0.000000355090 0.015379000000 0.000000000000 0.000000000000 0.000000000000 0.000019762000 0.000000000000 0.000065647000 0.000266300000 0.037777000000 0.000000000010 0.000599470000 0.000869740000 0.088684000000 0.007050200000 0.191240000000 0.315670000000 0.786540000000 0.000000000000 0.000000000000 0.000000000000 0.000000000001 0.000000000000 0.000000000000 0.000000000000 0.000219010000 0.000000000000 0.000000000000 0.000000000004 0.000566050000 0.000000000009 0.001013400000 0.002645300000 0.138100000000 0.000000000000 0.000001728400 0.000000040207 0.004134000000 0.000028368000 0.008544000000 0.017086000000 0.279690000000 0.000172140000 0.037354000000 0.075458000000 0.472340000000 0.173010000000 0.619840000000 0.663320000000 0.939330000000 0.000000000000 0.000331740000 0.000728490000 0.063311000000 0.003243200000 0.123360000000 0.205120000000 0.657240000000 0.031150000000 0.281040000000 0.374410000000 0.790030000000 0.439470000000 0.827090000000 0.809790000000 0.976470000000 0.123630000000 0.472280000000 0.503190000000 0.867720000000 0.511950000000 0.871880000000 0.841400000000 0.982030000000 0.488060000000 0.862710000000 0.841390000000 0.982390000000 0.781130000000 0.982460000000 0.934280000000 0.998670000000 

0.000000000000 0.000000000000 0.000000000000 0.000000000000 0.000000000000 0.000000000000 0.000000000000 0.000000000000 0.000000000000 0.000000000000 0.000000000000 0.000000000000 0.000000000000 0.000000000000 0.000000000000 0.000000000060 0.000000000000 0.000000000000 0.000000000000 0.000000000000 0.000000000000 0.000000000000 0.000000000000 0.000000000415 0.000000000000 0.000000000000 0.000000000000 0.000000001406 0.000000000000 0.000000007983 0.000000070405 0.013823000000 0.000000000000 0.000000000000 0.000000000000 0.000000000000 0.000000000000 0.000000000000 0.000000000000 0.000000034101 0.000000000000 0.000000000000 0.000000000000 0.000001645200 0.000000000000 0.000001752600 0.000000147600 0.032423000000 0.000000000000 0.000000000000 0.000000000000 0.000015090000 0.000000000000 0.000086688000 0.000623400000 0.083502000000 0.000000000002 0.001334400000 0.001958600000 0.181340000000 0.016937000000 0.354280000000 0.561150000000 0.959940000000 0.000000000000 0.000000000000 0.000000000000 0.000000000000 0.000000000000 0.000000000000 0.000000000000 0.000383280000 0.000000000000 0.000000000000 0.000000000001 0.001115100000 0.000000000002 0.002097800000 0.006951800000 0.281740000000 0.000000000000 0.000001230400 0.000000017678 0.009848000000 0.000033059000 0.022545000000 0.038933000000 0.510560000000 0.000284070000 0.088397000000 0.166450000000 0.749180000000 0.387710000000 0.893570000000 0.950580000000 0.991290000000 0.000000000000 0.001133000000 0.002965800000 0.155110000000 0.008428400000 0.280710000000 0.439560000000 0.915760000000 0.092016000000 0.595340000000 0.747620000000 0.976200000000 0.881890000000 0.988920000000 0.990100000000 0.992290000000 0.405720000000 0.886070000000 0.948670000000 0.990900000000 0.972120000000 0.992010000000 0.991870000000 0.992200000000 0.983310000000 0.992200000000 0.992040000000 0.992060000000 0.992000000000 0.992290000000 0.992270000000 0.992160000000 

N_obs: 4000

File Format:
1- most to least reliable channels (taken entropies)
2- most to least reliable channels (taken error probabilities)
3- channels entropies (flipped)
4- channels error probabilities (flipped)
5- number of MontCarlo simulations
