127 126 125 124 123 122 121 120 119 118 117 116 115 114 113 111 110 109 108 107 106 105 103 102 101 99 95 94 93 92 91 90 89 87 86 85 83 79 78 77 75 63 62 61 60 59 57 55 47 31 71 58 53 51 46 45 54 112 43 88 104 100 97 98 74 82 73 76 84 81 29 56 30 39 70 27 52 69 49 50 44 67 42 41 23 96 38 80 37 28 72 26 68 15 35 25 48 66 22 40 65 21 36 19 14 34 13 24 11 7 33 20 64 18 17 3 12 9 5 10 6 32 1 16 8 2 4 0 

127 126 125 124 123 122 121 120 119 118 117 116 115 114 113 111 110 109 108 107 106 105 103 102 101 99 95 94 93 92 91 90 89 87 86 85 83 79 78 77 75 63 62 61 60 59 57 55 47 31 71 58 53 51 46 45 54 112 43 88 104 100 97 98 74 82 73 76 81 84 29 56 30 39 70 52 27 69 49 67 50 44 42 41 23 96 38 80 37 72 28 26 68 15 35 48 25 66 22 40 65 21 36 19 14 34 24 13 33 20 64 11 18 7 17 12 32 10 9 6 3 16 2 0 8 1 4 5 

0.000000000000 0.000000000000 0.000000000000 0.000000000000 0.000000000000 0.000000000000 0.000000000000 0.000000000000 0.000000000000 0.000000000000 0.000000000000 0.000000000000 0.000000000000 0.000000000000 0.000000000000 0.000000000001 0.000000000000 0.000000000000 0.000000000000 0.000000000000 0.000000000000 0.000000000000 0.000000000000 0.000000000134 0.000000000000 0.000000000000 0.000000000000 0.000000000279 0.000000000000 0.000000001417 0.000000000996 0.001858800000 0.000000000000 0.000000000000 0.000000000000 0.000000000000 0.000000000000 0.000000000000 0.000000000000 0.000000000044 0.000000000000 0.000000000000 0.000000000000 0.000000273830 0.000000000000 0.000000131280 0.000000274300 0.004670600000 0.000000000000 0.000000000000 0.000000000000 0.000000192040 0.000000000000 0.000000037753 0.000000147320 0.011096000000 0.000000000000 0.000042217000 0.000085307000 0.026837000000 0.000339360000 0.061319000000 0.128770000000 0.617250000000 0.000000000000 0.000000000000 0.000000000000 0.000000000000 0.000000000000 0.000000000000 0.000000000000 0.000002822900 0.000000000000 0.000000000001 0.000000000000 0.000066328000 0.000000000000 0.000170520000 0.000156080000 0.045929000000 0.000000000000 0.000000000000 0.000000000000 0.000204870000 0.000000000009 0.000749960000 0.001418200000 0.100270000000 0.000021403000 0.003388600000 0.008424600000 0.206250000000 0.036128000000 0.349400000000 0.464960000000 0.862030000000 0.000000000000 0.000007433500 0.000000820340 0.010621000000 0.000066158000 0.022921000000 0.045195000000 0.382220000000 0.001536800000 0.080904000000 0.143760000000 0.573030000000 0.249370000000 0.689040000000 0.707480000000 0.950930000000 0.027755000000 0.263490000000 0.352130000000 0.770010000000 0.417150000000 0.810860000000 0.789530000000 0.971340000000 0.425240000000 0.819090000000 0.802290000000 0.973370000000 0.749150000000 0.973160000000 0.926730000000 0.997790000000 

0.000000000000 0.000000000000 0.000000000000 0.000000000000 0.000000000000 0.000000000000 0.000000000000 0.000000000000 0.000000000000 0.000000000000 0.000000000000 0.000000000000 0.000000000000 0.000000000000 0.000000000000 0.000000000000 0.000000000000 0.000000000000 0.000000000000 0.000000000000 0.000000000000 0.000000000000 0.000000000000 0.000000000038 0.000000000000 0.000000000000 0.000000000000 0.000000000082 0.000000000000 0.000000000475 0.000000000302 0.004476100000 0.000000000000 0.000000000000 0.000000000000 0.000000000000 0.000000000000 0.000000000000 0.000000000000 0.000000000010 0.000000000000 0.000000000000 0.000000000000 0.000000150270 0.000000000000 0.000000061867 0.000000136380 0.012229000000 0.000000000000 0.000000000000 0.000000000000 0.000000092558 0.000000000000 0.000000014068 0.000000062369 0.025962000000 0.000000000000 0.000046394000 0.000225850000 0.057612000000 0.000465150000 0.130190000000 0.256180000000 0.863140000000 0.000000000000 0.000000000000 0.000000000000 0.000000000000 0.000000000000 0.000000000000 0.000000000000 0.000001651100 0.000000000000 0.000000000000 0.000000000000 0.000100800000 0.000000000000 0.000641910000 0.000392510000 0.103790000000 0.000000000000 0.000000000000 0.000000000000 0.000699870000 0.000000000002 0.001707700000 0.003932900000 0.209070000000 0.000033303000 0.010493000000 0.019150000000 0.391180000000 0.089594000000 0.609130000000 0.771590000000 0.983100000000 0.000000000000 0.000006615400 0.000000427460 0.026440000000 0.000117020000 0.055312000000 0.107890000000 0.662520000000 0.004351900000 0.187760000000 0.324840000000 0.858840000000 0.560960000000 0.947860000000 0.973150000000 0.992070000000 0.086332000000 0.590250000000 0.751250000000 0.977460000000 0.888790000000 0.989920000000 0.990690000000 0.992200000000 0.954820000000 0.991710000000 0.992340000000 0.992300000000 0.992040000000 0.992140000000 0.992240000000 0.992160000000 

N_obs: 4000

File Format:
1- most to least reliable channels (taken entropies)
2- most to least reliable channels (taken error probabilities)
3- channels entropies (flipped)
4- channels error probabilities (flipped)
5- number of MontCarlo simulations
