127 126 125 124 123 122 121 119 118 117 115 111 110 109 107 95 103 94 93 116 63 91 114 120 108 113 106 105 102 87 101 92 62 99 90 112 79 61 89 104 86 59 100 85 55 98 83 60 47 78 31 88 77 97 58 75 57 71 84 54 53 51 46 45 43 39 30 29 82 27 23 15 81 76 96 74 73 70 56 69 67 52 50 49 42 44 41 38 37 26 35 21 22 25 28 19 14 13 11 7 80 72 68 66 65 36 40 20 18 48 34 17 24 12 33 10 9 6 5 3 64 16 8 32 4 2 1 0 

127 126 125 124 123 122 121 119 118 117 115 111 110 109 107 95 103 94 93 116 63 91 114 120 108 113 106 101 105 102 87 92 99 90 62 112 79 89 61 104 86 100 59 85 98 83 78 88 60 55 97 77 58 84 47 75 57 82 31 71 54 81 96 53 76 51 73 29 56 45 74 46 30 39 15 80 69 28 38 50 72 67 17 5 34 23 44 20 25 21 42 24 14 6 8 32 66 0 19 4 2 64 1 12 40 16 10 3 36 70 65 13 9 11 48 49 68 18 35 33 26 37 41 22 52 7 27 43 

0.000000000000 0.000000000000 0.000000000000 0.000000000000 0.000000000000 0.000000000000 0.000000000000 0.000000044433 0.000000000000 0.000000000000 0.000000000000 0.000000005344 0.000000000000 0.000000027080 0.000001288900 0.013913000000 0.000000000000 0.000000000000 0.000000000000 0.000000612320 0.000000000000 0.000005337400 0.000047584000 0.034483000000 0.000000000000 0.000241520000 0.000409940000 0.100490000000 0.007474000000 0.216440000000 0.365880000000 0.819260000000 0.000000000000 0.000000000014 0.000000000408 0.003529500000 0.000000026299 0.009445300000 0.022182000000 0.306380000000 0.000263020000 0.052147000000 0.102850000000 0.527810000000 0.217650000000 0.666860000000 0.719800000000 0.950710000000 0.017740000000 0.242140000000 0.345780000000 0.784900000000 0.429600000000 0.825220000000 0.835190000000 0.972990000000 0.488740000000 0.855540000000 0.865710000000 0.975920000000 0.877700000000 0.979340000000 0.982360000000 0.997650000000 0.000000007840 0.005647400000 0.019748000000 0.235380000000 0.068370000000 0.390830000000 0.469370000000 0.860100000000 0.164850000000 0.563500000000 0.591680000000 0.904540000000 0.601830000000 0.908630000000 0.915290000000 0.987540000000 0.241560000000 0.622260000000 0.628530000000 0.918090000000 0.630310000000 0.915570000000 0.918780000000 0.986460000000 0.639050000000 0.919900000000 0.922340000000 0.985760000000 0.927460000000 0.987930000000 0.988910000000 0.998430000000 0.264420000000 0.657050000000 0.657980000000 0.928880000000 0.670760000000 0.925640000000 0.928030000000 0.988120000000 0.671140000000 0.927570000000 0.927540000000 0.986570000000 0.929700000000 0.987140000000 0.988090000000 0.998160000000 0.688390000000 0.936340000000 0.937260000000 0.988410000000 0.940400000000 0.989140000000 0.989210000000 0.998190000000 0.945480000000 0.990880000000 0.991330000000 0.998500000000 0.992410000000 0.998850000000 0.998980000000 0.999870000000 

0.000000000000 0.000000000000 0.000000000000 0.000000000000 0.000000000000 0.000000000000 0.000000000000 0.000000020174 0.000000000000 0.000000000000 0.000000000000 0.000000001799 0.000000000000 0.000000009929 0.000000818080 0.031067000000 0.000000000000 0.000000000000 0.000000000000 0.000000328070 0.000000000000 0.000003596300 0.001244400000 0.091196000000 0.000000000000 0.001319900000 0.000456420000 0.217690000000 0.018293000000 0.429470000000 0.647670000000 0.980990000000 0.000000000000 0.000000000004 0.000000000126 0.009655700000 0.000000009591 0.022841000000 0.060154000000 0.579280000000 0.002304000000 0.127120000000 0.254780000000 0.831060000000 0.496250000000 0.937870000000 0.972650000000 0.995700000000 0.057608000000 0.557770000000 0.732370000000 0.985610000000 0.894860000000 0.994560000000 0.993560000000 0.995960000000 0.955710000000 0.996120000000 0.995730000000 0.996170000000 0.995970000000 0.996090000000 0.996120000000 0.996100000000 0.000000002935 0.027484000000 0.071748000000 0.589340000000 0.225630000000 0.791750000000 0.904490000000 0.993960000000 0.598650000000 0.967990000000 0.984330000000 0.996300000000 0.991820000000 0.995900000000 0.996170000000 0.996160000000 0.892350000000 0.994830000000 0.994510000000 0.996040000000 0.996550000000 0.996050000000 0.996280000000 0.996110000000 0.995150000000 0.995770000000 0.996270000000 0.996120000000 0.996170000000 0.996030000000 0.996190000000 0.996080000000 0.948320000000 0.994930000000 0.993870000000 0.995760000000 0.996510000000 0.996220000000 0.996050000000 0.996060000000 0.996040000000 0.996280000000 0.996050000000 0.996050000000 0.996090000000 0.996170000000 0.996010000000 0.996110000000 0.995250000000 0.996070000000 0.996140000000 0.996110000000 0.996150000000 0.996120000000 0.996140000000 0.996080000000 0.996310000000 0.996070000000 0.996010000000 0.996100000000 0.996120000000 0.996100000000 0.996100000000 0.996090000000 

N_obs: 800

File Format:
1- most to least reliable channels (taken entropies)
2- most to least reliable channels (taken error probabilities)
3- channels entropies (flipped)
4- channels error probabilities (flipped)
5- number of MontCarlo simulations
