dec1   256   256    43 -21.500    965 /    1000 = 0.96500000 
dec1   256   256    43 -21.000    755 /    1000 = 0.75500000 
dec1   256   256    43 -20.500    405 /    1000 = 0.40500000 
dec1   256   256    43 -20.000    101 /    1000 = 0.10100000 
dec1   256   256    43 -19.500    107 /    7000 = 0.01528571 
dec1   256   256    43 -19.000    100 /   62000 = 0.00161290 
dec1   256   256    43 -18.500     26 / 1000000 = 0.00002600 


dec4   256   256    43 -21.500    967 /    1000 = 0.96700000 
dec4   256   256    43 -21.000    785 /    1000 = 0.78500000 
dec4   256   256    43 -20.500    435 /    1000 = 0.43500000 
dec4   256   256    43 -20.000    113 /    1000 = 0.11300000 
dec4   256   256    43 -19.500    117 /    5000 = 0.02340000 
dec4   256   256    43 -19.000    101 /   44000 = 0.00229545 
dec4   256   256    43 -18.500     48 / 1000000 = 0.00004800 
