dec4   256    64    42 -16.000   1000 /    1000 = 1.00000000 
dec4   256    64    42 -15.500    998 /    1000 = 0.99800000 
dec4   256    64    42 -15.000    955 /    1000 = 0.95500000 
dec4   256    64    42 -14.500    696 /    1000 = 0.69600000 
dec4   256    64    42 -14.000    333 /    1000 = 0.33300000 
dec4   256    64    42 -13.500    182 /    2000 = 0.09100000 
dec4   256    64    42 -13.000    103 /    8000 = 0.01287500 
dec4   256    64    42 -12.500    100 /   44000 = 0.00227273 
dec4   256    64    42 -12.000     47 /  300000 = 0.00015667 


dec1   256    64    42 -16.000   1000 /    1000 = 1.00000000 
dec1   256    64    42 -15.500    995 /    1000 = 0.99500000 
dec1   256    64    42 -15.000    950 /    1000 = 0.95000000 
dec1   256    64    42 -14.500    675 /    1000 = 0.67500000 
dec1   256    64    42 -14.000    309 /    1000 = 0.30900000 
dec1   256    64    42 -13.500    172 /    2000 = 0.08600000 
dec1   256    64    42 -13.000    102 /    8000 = 0.01275000 
dec1   256    64    42 -12.500    100 /   82000 = 0.00121951 
dec1   256    64    42 -12.000     34 /  300000 = 0.00011333 
dec1   256    64    42 -11.750     24 / 1000000 = 0.00002400 
