dec1    64  1024    85 -20.000   1000 /    1000 = 1.00000000 
dec1    64  1024    85 -19.500   1000 /    1000 = 1.00000000 
dec1    64  1024    85 -19.000   1000 /    1000 = 1.00000000 
dec1    64  1024    85 -18.500    383 /    1000 = 0.38300000 
dec1    64  1024    85 -18.000    143 /    2000 = 0.07150000 
dec1    64  1024    85 -17.500    102 /   13000 = 0.00784615 
dec1    64  1024    85 -17.000    100 /  114000 = 0.00087719 
dec1    64  1024    85 -16.7500     61 /  300000 = 0.00020333 

dec4    64  1024    85 -20.000   1000 /    1000 = 1.00000000 
dec4    64  1024    85 -19.500   1000 /    1000 = 1.00000000 
dec4    64  1024    85 -19.000   1000 /    1000 = 1.00000000 
dec4    64  1024    85 -18.500    424 /    1000 = 0.42400000 
dec4    64  1024    85 -18.000    167 /    2000 = 0.08350000 
dec4    64  1024    85 -17.500    100 /    8000 = 0.01250000 
dec4    64  1024    85 -17.000    102 /   91000 = 0.00112088 
