dec1   256    64    22 -18.500    946 /    1000 = 0.94600000 
dec1   256    64    22 -18.000    804 /    1000 = 0.80400000 
dec1   256    64    22 -17.500    571 /    1000 = 0.57100000 
dec1   256    64    22 -17.000    257 /    1000 = 0.25700000 
dec1   256    64    22 -16.500    165 /    2000 = 0.08250000 
dec1   256    64    22 -16.000    114 /    8000 = 0.01425000 
dec1   256    64    22 -15.500    100 /   56000 = 0.00178571 
dec1   256    64    22 -15.000     57 /  300000 = 0.00019000 
dec1   256    64    22 -14.750     52 / 1000000 = 0.00005200 


dec4   256    64    22 -18.500    962 /    1000 = 0.96200000 
dec4   256    64    22 -18.000    846 /    1000 = 0.84600000 
dec4   256    64    22 -17.500    632 /    1000 = 0.63200000 
dec4   256    64    22 -17.000    321 /    1000 = 0.32100000 
dec4   256    64    22 -16.500    127 /    1000 = 0.12700000 
dec4   256    64    22 -16.000    114 /    4000 = 0.02850000 
dec4   256    64    22 -15.500    104 /   18000 = 0.00577778 
dec4   256    64    22 -15.000    100 /  219000 = 0.00045662 
dec4   256    64    22 -14.750    100 /  770000 = 0.00012987 
