dec1    64  1024   819  -8.500   1000 /    1000 = 1.00000000 
dec1    64  1024   819  -8.000    896 /    1000 = 0.89600000 
dec1    64  1024   819  -7.500    140 /    2000 = 0.07000000 
dec1    64  1024   819  -7.000    100 /  124000 = 0.00080645 
dec1    64  1024   819  -6.500     19 / 1000000 = 0.00001900 

dec4    64  1024   819  -8.500   1000 /    1000 = 1.00000000 
dec4    64  1024   819  -8.000    907 /    1000 = 0.90700000 
dec4    64  1024   819  -7.500    200 /    2000 = 0.10000000 
dec4    64  1024   819  -7.000    100 /   82000 = 0.00121951 
dec4    64  1024   819  -6.500      2 /  300000 = 0.00000667 

