dec1    64    64    42 -11.000   1000 /    1000 = 1.00000000 
dec1    64    64    42 -10.500    986 /    1000 = 0.98600000 
dec1    64    64    42 -10.000    917 /    1000 = 0.91700000 
dec1    64    64    42  -9.500    718 /    1000 = 0.71800000 
dec1    64    64    42  -9.000    390 /    1000 = 0.39000000 
dec1    64    64    42  -8.500    151 /    1000 = 0.15100000 
dec1    64    64    42  -8.000    137 /    4000 = 0.03425000 
dec1    64    64    42  -7.500    101 /   19000 = 0.00531579 
dec1    64    64    42  -7.000    100 /  126000 = 0.00079365 
dec1    64    64    42  -6.500     36 /  300000 = 0.00012000 

dec4    64    64    42 -11.000   1000 /    1000 = 1.00000000 
dec4    64    64    42 -10.500    991 /    1000 = 0.99100000 
dec4    64    64    42 -10.000    931 /    1000 = 0.93100000 
dec4    64    64    42  -9.500    732 /    1000 = 0.73200000 
dec4    64    64    42  -9.000    398 /    1000 = 0.39800000 
dec4    64    64    42  -8.500    159 /    1000 = 0.15900000 
dec4    64    64    42  -8.000    134 /    4000 = 0.03350000 
dec4    64    64    42  -7.500    102 /   13000 = 0.00784615 
dec4    64    64    42  -7.000    100 /  106000 = 0.00094340 
dec4    64    64    42  -6.500     40 /  300000 = 0.00013333 
