dec1    64    64    22 -14.500    998 /    1000 = 0.99800000 
dec1    64    64    22 -14.000    982 /    1000 = 0.98200000 
dec1    64    64    22 -13.500    910 /    1000 = 0.91000000 
dec1    64    64    22 -13.000    782 /    1000 = 0.78200000 
dec1    64    64    22 -12.500    553 /    1000 = 0.55300000 
dec1    64    64    22 -12.000    299 /    1000 = 0.29900000 
dec1    64    64    22 -11.500    123 /    1000 = 0.12300000 
dec1    64    64    22 -11.000    112 /    4000 = 0.02800000 
dec1    64    64    22 -10.500    100 /   19000 = 0.00526316 
dec1    64    64    22 -10.000    101 /  103000 = 0.00098058 
dec1    64    64    22  -9.500     26 /  300000 = 0.00008667 

dec4    64    64    22 -14.500    999 /    1000 = 0.99900000 
dec4    64    64    22 -14.000    984 /    1000 = 0.98400000 
dec4    64    64    22 -13.500    921 /    1000 = 0.92100000 
dec4    64    64    22 -13.000    810 /    1000 = 0.81000000 
dec4    64    64    22 -12.500    598 /    1000 = 0.59800000 
dec4    64    64    22 -12.000    320 /    1000 = 0.32000000 
dec4    64    64    22 -11.500    148 /    1000 = 0.14800000 
dec4    64    64    22 -11.000    123 /    3000 = 0.04100000 
dec4    64    64    22 -10.500    104 /   11000 = 0.00945455 
dec4    64    64    22 -10.000    100 /   82000 = 0.00121951 
dec4    64    64    22  -9.500     37 /  300000 = 0.00012333 
