
dec1   256   256   205 -15.000   1000 /    1000 = 1.00000000 
dec1   256   256   205 -14.500   1000 /    1000 = 1.00000000 
dec1   256   256   205 -14.000   1000 /    1000 = 1.00000000 
dec1   256   256   205 -13.500    988 /    1000 = 0.98800000 
dec1   256   256   205 -13.000    585 /    1000 = 0.58500000 
dec1   256   256   205 -12.500    128 /    2000 = 0.06400000 
dec1   256   256   205 -12.000    100 /   56000 = 0.00178571 
dec1   256   256   205 -11.500     33 / 1000000 = 0.00003300 

dec4   256   256   205 -15.000   1000 /    1000 = 1.00000000 
dec4   256   256   205 -14.500   1000 /    1000 = 1.00000000 
dec4   256   256   205 -14.000   1000 /    1000 = 1.00000000 
dec4   256   256   205 -13.500    988 /    1000 = 0.98800000 
dec4   256   256   205 -13.000    674 /    1000 = 0.67400000 
dec4   256   256   205 -12.500    186 /    2000 = 0.09300000 
dec4   256   256   205 -12.000    101 /   35000 = 0.00288571 
dec4   256   256   205 -11.500     45 / 1000000 = 0.00004500 


